station_number,year,mean,min_month,min,max_month,max,drainage_area_gross,average_slope,temperature_data,glacial_coverage,glacial_area,watershed_area,potential_evapotranspiration_thornthwaite,potential_evapotranspiration_hamon,hydrological_zone,annual_precipitation,median_elevation,aspect,solar_exposure,latitude,longitude,drainage_area
08HA002,2011,1.0520000457763672,8.0,0.2919999957084656,1.0,2.336999893188477,594.0,,"[[-1.150267021448276, 4.2272220957931035, 1.5384775371724138], [-0.6728175473793103, 5.9351799895862065, 2.631181221103448], [-0.46108549055172415, 7.319857128620689, 3.4293858190344824], [1.424297973724138, 9.960088527103448, 5.692193250413792], [4.823586691241379, 14.648922286551723, 9.736254488896552], [7.634087706, 17.606330831793105, 12.620209268896552], [9.831807524482757, 20.86123764972414, 15.346522587103447], [10.330830095793102, 21.393093422689656, 15.861961759241378], [7.840768501034482, 18.238369963655174, 13.039569232344828], [4.5065147791034486, 11.918294348896552, 8.212404564], [0.8703429304137932, 6.577742583517241, 3.7240427569655172], [-1.0833378026896552, 3.9095187759310344, 1.4130904866206895]]",0.0,0.0,614871599.1898072,572.5391895762283,490.3772022151755,29.0,2713.71642886062,,,,48.82590866088867,-124.05304718017578,614.8715991898073
08HA002,2012,1.0520000457763672,10.0,0.19099999964237213,12.0,2.388000011444092,594.0,,"[[-1.150267021448276, 4.2272220957931035, 1.5384775371724138], [-0.6728175473793103, 5.9351799895862065, 2.631181221103448], [-0.46108549055172415, 7.319857128620689, 3.4293858190344824], [1.424297973724138, 9.960088527103448, 5.692193250413792], [4.823586691241379, 14.648922286551723, 9.736254488896552], [7.634087706, 17.606330831793105, 12.620209268896552], [9.831807524482757, 20.86123764972414, 15.346522587103447], [10.330830095793102, 21.393093422689656, 15.861961759241378], [7.840768501034482, 18.238369963655174, 13.039569232344828], [4.5065147791034486, 11.918294348896552, 8.212404564], [0.8703429304137932, 6.577742583517241, 3.7240427569655172], [-1.0833378026896552, 3.9095187759310344, 1.4130904866206895]]",0.0,0.0,614871599.1898072,572.5391895762283,490.3772022151755,29.0,2713.71642886062,,,,48.82590866088867,-124.05304718017578,614.8715991898073
08HA002,2013,0.8489999771118164,7.0,0.27900001406669617,3.0,1.930999994277954,594.0,,"[[-1.150267021448276, 4.2272220957931035, 1.5384775371724138], [-0.6728175473793103, 5.9351799895862065, 2.631181221103448], [-0.46108549055172415, 7.319857128620689, 3.4293858190344824], [1.424297973724138, 9.960088527103448, 5.692193250413792], [4.823586691241379, 14.648922286551723, 9.736254488896552], [7.634087706, 17.606330831793105, 12.620209268896552], [9.831807524482757, 20.86123764972414, 15.346522587103447], [10.330830095793102, 21.393093422689656, 15.861961759241378], [7.840768501034482, 18.238369963655174, 13.039569232344828], [4.5065147791034486, 11.918294348896552, 8.212404564], [0.8703429304137932, 6.577742583517241, 3.7240427569655172], [-1.0833378026896552, 3.9095187759310344, 1.4130904866206895]]",0.0,0.0,614871599.1898072,572.5391895762283,490.3772022151755,29.0,2713.71642886062,,,,48.82590866088867,-124.05304718017578,614.8715991898073
08HA002,2014,0.9380000233650208,10.0,0.18400000035762787,12.0,2.7809998989105225,594.0,,"[[-1.150267021448276, 4.2272220957931035, 1.5384775371724138], [-0.6728175473793103, 5.9351799895862065, 2.631181221103448], [-0.46108549055172415, 7.319857128620689, 3.4293858190344824], [1.424297973724138, 9.960088527103448, 5.692193250413792], [4.823586691241379, 14.648922286551723, 9.736254488896552], [7.634087706, 17.606330831793105, 12.620209268896552], [9.831807524482757, 20.86123764972414, 15.346522587103447], [10.330830095793102, 21.393093422689656, 15.861961759241378], [7.840768501034482, 18.238369963655174, 13.039569232344828], [4.5065147791034486, 11.918294348896552, 8.212404564], [0.8703429304137932, 6.577742583517241, 3.7240427569655172], [-1.0833378026896552, 3.9095187759310344, 1.4130904866206895]]",0.0,0.0,614871599.1898072,572.5391895762283,490.3772022151755,29.0,2713.71642886062,,,,48.82590866088867,-124.05304718017578,614.8715991898073
08HA002,2015,0.9269999861717224,8.0,0.17399999499320984,12.0,3.0169999599456787,594.0,,"[[-1.150267021448276, 4.2272220957931035, 1.5384775371724138], [-0.6728175473793103, 5.9351799895862065, 2.631181221103448], [-0.46108549055172415, 7.319857128620689, 3.4293858190344824], [1.424297973724138, 9.960088527103448, 5.692193250413792], [4.823586691241379, 14.648922286551723, 9.736254488896552], [7.634087706, 17.606330831793105, 12.620209268896552], [9.831807524482757, 20.86123764972414, 15.346522587103447], [10.330830095793102, 21.393093422689656, 15.861961759241378], [7.840768501034482, 18.238369963655174, 13.039569232344828], [4.5065147791034486, 11.918294348896552, 8.212404564], [0.8703429304137932, 6.577742583517241, 3.7240427569655172], [-1.0833378026896552, 3.9095187759310344, 1.4130904866206895]]",0.0,0.0,614871599.1898072,572.5391895762283,490.3772022151755,29.0,2713.71642886062,,,,48.82590866088867,-124.05304718017578,614.8715991898073
08HA002,2016,1.0099999904632568,8.0,0.1710000038146973,1.0,2.6089999675750732,594.0,,"[[-1.150267021448276, 4.2272220957931035, 1.5384775371724138], [-0.6728175473793103, 5.9351799895862065, 2.631181221103448], [-0.46108549055172415, 7.319857128620689, 3.4293858190344824], [1.424297973724138, 9.960088527103448, 5.692193250413792], [4.823586691241379, 14.648922286551723, 9.736254488896552], [7.634087706, 17.606330831793105, 12.620209268896552], [9.831807524482757, 20.86123764972414, 15.346522587103447], [10.330830095793102, 21.393093422689656, 15.861961759241378], [7.840768501034482, 18.238369963655174, 13.039569232344828], [4.5065147791034486, 11.918294348896552, 8.212404564], [0.8703429304137932, 6.577742583517241, 3.7240427569655172], [-1.0833378026896552, 3.9095187759310344, 1.4130904866206895]]",0.0,0.0,614871599.1898072,572.5391895762283,490.3772022151755,29.0,2713.71642886062,,,,48.82590866088867,-124.05304718017578,614.8715991898073
08HA002,2017,1.0440000295639038,7.0,0.27900001406669617,11.0,3.174000024795532,594.0,,"[[-1.150267021448276, 4.2272220957931035, 1.5384775371724138], [-0.6728175473793103, 5.9351799895862065, 2.631181221103448], [-0.46108549055172415, 7.319857128620689, 3.4293858190344824], [1.424297973724138, 9.960088527103448, 5.692193250413792], [4.823586691241379, 14.648922286551723, 9.736254488896552], [7.634087706, 17.606330831793105, 12.620209268896552], [9.831807524482757, 20.86123764972414, 15.346522587103447], [10.330830095793102, 21.393093422689656, 15.861961759241378], [7.840768501034482, 18.238369963655174, 13.039569232344828], [4.5065147791034486, 11.918294348896552, 8.212404564], [0.8703429304137932, 6.577742583517241, 3.7240427569655172], [-1.0833378026896552, 3.9095187759310344, 1.4130904866206895]]",0.0,0.0,614871599.1898072,572.5391895762283,490.3772022151755,29.0,2713.71642886062,,,,48.82590866088867,-124.05304718017578,614.8715991898073
08HA002,2018,0.9800000190734864,8.0,0.20200000703334808,12.0,3.065000057220459,594.0,,"[[-1.150267021448276, 4.2272220957931035, 1.5384775371724138], [-0.6728175473793103, 5.9351799895862065, 2.631181221103448], [-0.46108549055172415, 7.319857128620689, 3.4293858190344824], [1.424297973724138, 9.960088527103448, 5.692193250413792], [4.823586691241379, 14.648922286551723, 9.736254488896552], [7.634087706, 17.606330831793105, 12.620209268896552], [9.831807524482757, 20.86123764972414, 15.346522587103447], [10.330830095793102, 21.393093422689656, 15.861961759241378], [7.840768501034482, 18.238369963655174, 13.039569232344828], [4.5065147791034486, 11.918294348896552, 8.212404564], [0.8703429304137932, 6.577742583517241, 3.7240427569655172], [-1.0833378026896552, 3.9095187759310344, 1.4130904866206895]]",0.0,0.0,614871599.1898072,572.5391895762283,490.3772022151755,29.0,2713.71642886062,,,,48.82590866088867,-124.05304718017578,614.8715991898073
08HA002,1914,53.20000076293945,9.0,2.4600000381469727,1.0,207.0,594.0,,"[[-1.150267021448276, 4.2272220957931035, 1.5384775371724138], [-0.6728175473793103, 5.9351799895862065, 2.631181221103448], [-0.46108549055172415, 7.319857128620689, 3.4293858190344824], [1.424297973724138, 9.960088527103448, 5.692193250413792], [4.823586691241379, 14.648922286551723, 9.736254488896552], [7.634087706, 17.606330831793105, 12.620209268896552], [9.831807524482757, 20.86123764972414, 15.346522587103447], [10.330830095793102, 21.393093422689656, 15.861961759241378], [7.840768501034482, 18.238369963655174, 13.039569232344828], [4.5065147791034486, 11.918294348896552, 8.212404564], [0.8703429304137932, 6.577742583517241, 3.7240427569655172], [-1.0833378026896552, 3.9095187759310344, 1.4130904866206895]]",0.0,0.0,614871599.1898072,572.5391895762283,490.3772022151755,29.0,2713.71642886062,,,,48.82590866088867,-124.05304718017578,614.8715991898073
08HA002,1915,39.79999923706055,9.0,0.906000018119812,12.0,141.0,594.0,,"[[-1.150267021448276, 4.2272220957931035, 1.5384775371724138], [-0.6728175473793103, 5.9351799895862065, 2.631181221103448], [-0.46108549055172415, 7.319857128620689, 3.4293858190344824], [1.424297973724138, 9.960088527103448, 5.692193250413792], [4.823586691241379, 14.648922286551723, 9.736254488896552], [7.634087706, 17.606330831793105, 12.620209268896552], [9.831807524482757, 20.86123764972414, 15.346522587103447], [10.330830095793102, 21.393093422689656, 15.861961759241378], [7.840768501034482, 18.238369963655174, 13.039569232344828], [4.5065147791034486, 11.918294348896552, 8.212404564], [0.8703429304137932, 6.577742583517241, 3.7240427569655172], [-1.0833378026896552, 3.9095187759310344, 1.4130904866206895]]",0.0,0.0,614871599.1898072,572.5391895762283,490.3772022151755,29.0,2713.71642886062,,,,48.82590866088867,-124.05304718017578,614.8715991898073
08HA002,1916,41.900001525878906,10.0,2.490000009536743,3.0,114.0,594.0,,"[[-1.150267021448276, 4.2272220957931035, 1.5384775371724138], [-0.6728175473793103, 5.9351799895862065, 2.631181221103448], [-0.46108549055172415, 7.319857128620689, 3.4293858190344824], [1.424297973724138, 9.960088527103448, 5.692193250413792], [4.823586691241379, 14.648922286551723, 9.736254488896552], [7.634087706, 17.606330831793105, 12.620209268896552], [9.831807524482757, 20.86123764972414, 15.346522587103447], [10.330830095793102, 21.393093422689656, 15.861961759241378], [7.840768501034482, 18.238369963655174, 13.039569232344828], [4.5065147791034486, 11.918294348896552, 8.212404564], [0.8703429304137932, 6.577742583517241, 3.7240427569655172], [-1.0833378026896552, 3.9095187759310344, 1.4130904866206895]]",0.0,0.0,614871599.1898072,572.5391895762283,490.3772022151755,29.0,2713.71642886062,,,,48.82590866088867,-124.05304718017578,614.8715991898073
08HA002,1917,37.70000076293945,9.0,4.960000038146973,12.0,182.0,594.0,,"[[-1.150267021448276, 4.2272220957931035, 1.5384775371724138], [-0.6728175473793103, 5.9351799895862065, 2.631181221103448], [-0.46108549055172415, 7.319857128620689, 3.4293858190344824], [1.424297973724138, 9.960088527103448, 5.692193250413792], [4.823586691241379, 14.648922286551723, 9.736254488896552], [7.634087706, 17.606330831793105, 12.620209268896552], [9.831807524482757, 20.86123764972414, 15.346522587103447], [10.330830095793102, 21.393093422689656, 15.861961759241378], [7.840768501034482, 18.238369963655174, 13.039569232344828], [4.5065147791034486, 11.918294348896552, 8.212404564], [0.8703429304137932, 6.577742583517241, 3.7240427569655172], [-1.0833378026896552, 3.9095187759310344, 1.4130904866206895]]",0.0,0.0,614871599.1898072,572.5391895762283,490.3772022151755,29.0,2713.71642886062,,,,48.82590866088867,-124.05304718017578,614.8715991898073
08HA002,1918,52.5,10.0,2.549999952316284,1.0,224.0,594.0,,"[[-1.150267021448276, 4.2272220957931035, 1.5384775371724138], [-0.6728175473793103, 5.9351799895862065, 2.631181221103448], [-0.46108549055172415, 7.319857128620689, 3.4293858190344824], [1.424297973724138, 9.960088527103448, 5.692193250413792], [4.823586691241379, 14.648922286551723, 9.736254488896552], [7.634087706, 17.606330831793105, 12.620209268896552], [9.831807524482757, 20.86123764972414, 15.346522587103447], [10.330830095793102, 21.393093422689656, 15.861961759241378], [7.840768501034482, 18.238369963655174, 13.039569232344828], [4.5065147791034486, 11.918294348896552, 8.212404564], [0.8703429304137932, 6.577742583517241, 3.7240427569655172], [-1.0833378026896552, 3.9095187759310344, 1.4130904866206895]]",0.0,0.0,614871599.1898072,572.5391895762283,490.3772022151755,29.0,2713.71642886062,,,,48.82590866088867,-124.05304718017578,614.8715991898073
08HA002,1941,41.900001525878906,8.0,2.890000104904175,12.0,157.0,594.0,,"[[-1.150267021448276, 4.2272220957931035, 1.5384775371724138], [-0.6728175473793103, 5.9351799895862065, 2.631181221103448], [-0.46108549055172415, 7.319857128620689, 3.4293858190344824], [1.424297973724138, 9.960088527103448, 5.692193250413792], [4.823586691241379, 14.648922286551723, 9.736254488896552], [7.634087706, 17.606330831793105, 12.620209268896552], [9.831807524482757, 20.86123764972414, 15.346522587103447], [10.330830095793102, 21.393093422689656, 15.861961759241378], [7.840768501034482, 18.238369963655174, 13.039569232344828], [4.5065147791034486, 11.918294348896552, 8.212404564], [0.8703429304137932, 6.577742583517241, 3.7240427569655172], [-1.0833378026896552, 3.9095187759310344, 1.4130904866206895]]",0.0,0.0,614871599.1898072,572.5391895762283,490.3772022151755,29.0,2713.71642886062,,,,48.82590866088867,-124.05304718017578,614.8715991898073
08HA002,1942,25.399999618530284,9.0,1.4199999570846558,12.0,94.3000030517578,594.0,,"[[-1.150267021448276, 4.2272220957931035, 1.5384775371724138], [-0.6728175473793103, 5.9351799895862065, 2.631181221103448], [-0.46108549055172415, 7.319857128620689, 3.4293858190344824], [1.424297973724138, 9.960088527103448, 5.692193250413792], [4.823586691241379, 14.648922286551723, 9.736254488896552], [7.634087706, 17.606330831793105, 12.620209268896552], [9.831807524482757, 20.86123764972414, 15.346522587103447], [10.330830095793102, 21.393093422689656, 15.861961759241378], [7.840768501034482, 18.238369963655174, 13.039569232344828], [4.5065147791034486, 11.918294348896552, 8.212404564], [0.8703429304137932, 6.577742583517241, 3.7240427569655172], [-1.0833378026896552, 3.9095187759310344, 1.4130904866206895]]",0.0,0.0,614871599.1898072,572.5391895762283,490.3772022151755,29.0,2713.71642886062,,,,48.82590866088867,-124.05304718017578,614.8715991898073
08HA002,1943,29.5,9.0,1.7599999904632568,4.0,121.0,594.0,,"[[-1.150267021448276, 4.2272220957931035, 1.5384775371724138], [-0.6728175473793103, 5.9351799895862065, 2.631181221103448], [-0.46108549055172415, 7.319857128620689, 3.4293858190344824], [1.424297973724138, 9.960088527103448, 5.692193250413792], [4.823586691241379, 14.648922286551723, 9.736254488896552], [7.634087706, 17.606330831793105, 12.620209268896552], [9.831807524482757, 20.86123764972414, 15.346522587103447], [10.330830095793102, 21.393093422689656, 15.861961759241378], [7.840768501034482, 18.238369963655174, 13.039569232344828], [4.5065147791034486, 11.918294348896552, 8.212404564], [0.8703429304137932, 6.577742583517241, 3.7240427569655172], [-1.0833378026896552, 3.9095187759310344, 1.4130904866206895]]",0.0,0.0,614871599.1898072,572.5391895762283,490.3772022151755,29.0,2713.71642886062,,,,48.82590866088867,-124.05304718017578,614.8715991898073
08HA002,1944,28.899999618530284,9.0,0.42500001192092896,1.0,152.0,594.0,,"[[-1.150267021448276, 4.2272220957931035, 1.5384775371724138], [-0.6728175473793103, 5.9351799895862065, 2.631181221103448], [-0.46108549055172415, 7.319857128620689, 3.4293858190344824], [1.424297973724138, 9.960088527103448, 5.692193250413792], [4.823586691241379, 14.648922286551723, 9.736254488896552], [7.634087706, 17.606330831793105, 12.620209268896552], [9.831807524482757, 20.86123764972414, 15.346522587103447], [10.330830095793102, 21.393093422689656, 15.861961759241378], [7.840768501034482, 18.238369963655174, 13.039569232344828], [4.5065147791034486, 11.918294348896552, 8.212404564], [0.8703429304137932, 6.577742583517241, 3.7240427569655172], [-1.0833378026896552, 3.9095187759310344, 1.4130904866206895]]",0.0,0.0,614871599.1898072,572.5391895762283,490.3772022151755,29.0,2713.71642886062,,,,48.82590866088867,-124.05304718017578,614.8715991898073
08HA002,1945,43.79999923706055,9.0,2.3199999332427983,2.0,159.0,594.0,,"[[-1.150267021448276, 4.2272220957931035, 1.5384775371724138], [-0.6728175473793103, 5.9351799895862065, 2.631181221103448], [-0.46108549055172415, 7.319857128620689, 3.4293858190344824], [1.424297973724138, 9.960088527103448, 5.692193250413792], [4.823586691241379, 14.648922286551723, 9.736254488896552], [7.634087706, 17.606330831793105, 12.620209268896552], [9.831807524482757, 20.86123764972414, 15.346522587103447], [10.330830095793102, 21.393093422689656, 15.861961759241378], [7.840768501034482, 18.238369963655174, 13.039569232344828], [4.5065147791034486, 11.918294348896552, 8.212404564], [0.8703429304137932, 6.577742583517241, 3.7240427569655172], [-1.0833378026896552, 3.9095187759310344, 1.4130904866206895]]",0.0,0.0,614871599.1898072,572.5391895762283,490.3772022151755,29.0,2713.71642886062,,,,48.82590866088867,-124.05304718017578,614.8715991898073
08HA002,1946,44.5,10.0,3.0,12.0,173.0,594.0,,"[[-1.150267021448276, 4.2272220957931035, 1.5384775371724138], [-0.6728175473793103, 5.9351799895862065, 2.631181221103448], [-0.46108549055172415, 7.319857128620689, 3.4293858190344824], [1.424297973724138, 9.960088527103448, 5.692193250413792], [4.823586691241379, 14.648922286551723, 9.736254488896552], [7.634087706, 17.606330831793105, 12.620209268896552], [9.831807524482757, 20.86123764972414, 15.346522587103447], [10.330830095793102, 21.393093422689656, 15.861961759241378], [7.840768501034482, 18.238369963655174, 13.039569232344828], [4.5065147791034486, 11.918294348896552, 8.212404564], [0.8703429304137932, 6.577742583517241, 3.7240427569655172], [-1.0833378026896552, 3.9095187759310344, 1.4130904866206895]]",0.0,0.0,614871599.1898072,572.5391895762283,490.3772022151755,29.0,2713.71642886062,,,,48.82590866088867,-124.05304718017578,614.8715991898073
08HA002,1947,38.20000076293945,9.0,1.9299999475479128,2.0,181.0,594.0,,"[[-1.150267021448276, 4.2272220957931035, 1.5384775371724138], [-0.6728175473793103, 5.9351799895862065, 2.631181221103448], [-0.46108549055172415, 7.319857128620689, 3.4293858190344824], [1.424297973724138, 9.960088527103448, 5.692193250413792], [4.823586691241379, 14.648922286551723, 9.736254488896552], [7.634087706, 17.606330831793105, 12.620209268896552], [9.831807524482757, 20.86123764972414, 15.346522587103447], [10.330830095793102, 21.393093422689656, 15.861961759241378], [7.840768501034482, 18.238369963655174, 13.039569232344828], [4.5065147791034486, 11.918294348896552, 8.212404564], [0.8703429304137932, 6.577742583517241, 3.7240427569655172], [-1.0833378026896552, 3.9095187759310344, 1.4130904866206895]]",0.0,0.0,614871599.1898072,572.5391895762283,490.3772022151755,29.0,2713.71642886062,,,,48.82590866088867,-124.05304718017578,614.8715991898073
08HA002,1948,46.79999923706055,8.0,4.639999866485597,12.0,151.0,594.0,,"[[-1.150267021448276, 4.2272220957931035, 1.5384775371724138], [-0.6728175473793103, 5.9351799895862065, 2.631181221103448], [-0.46108549055172415, 7.319857128620689, 3.4293858190344824], [1.424297973724138, 9.960088527103448, 5.692193250413792], [4.823586691241379, 14.648922286551723, 9.736254488896552], [7.634087706, 17.606330831793105, 12.620209268896552], [9.831807524482757, 20.86123764972414, 15.346522587103447], [10.330830095793102, 21.393093422689656, 15.861961759241378], [7.840768501034482, 18.238369963655174, 13.039569232344828], [4.5065147791034486, 11.918294348896552, 8.212404564], [0.8703429304137932, 6.577742583517241, 3.7240427569655172], [-1.0833378026896552, 3.9095187759310344, 1.4130904866206895]]",0.0,0.0,614871599.1898072,572.5391895762283,490.3772022151755,29.0,2713.71642886062,,,,48.82590866088867,-124.05304718017578,614.8715991898073
08HA002,1949,41.599998474121094,9.0,3.1700000762939453,12.0,255.0,594.0,,"[[-1.150267021448276, 4.2272220957931035, 1.5384775371724138], [-0.6728175473793103, 5.9351799895862065, 2.631181221103448], [-0.46108549055172415, 7.319857128620689, 3.4293858190344824], [1.424297973724138, 9.960088527103448, 5.692193250413792], [4.823586691241379, 14.648922286551723, 9.736254488896552], [7.634087706, 17.606330831793105, 12.620209268896552], [9.831807524482757, 20.86123764972414, 15.346522587103447], [10.330830095793102, 21.393093422689656, 15.861961759241378], [7.840768501034482, 18.238369963655174, 13.039569232344828], [4.5065147791034486, 11.918294348896552, 8.212404564], [0.8703429304137932, 6.577742583517241, 3.7240427569655172], [-1.0833378026896552, 3.9095187759310344, 1.4130904866206895]]",0.0,0.0,614871599.1898072,572.5391895762283,490.3772022151755,29.0,2713.71642886062,,,,48.82590866088867,-124.05304718017578,614.8715991898073
08HA002,1950,56.9000015258789,9.0,1.7000000476837158,12.0,168.0,594.0,,"[[-1.150267021448276, 4.2272220957931035, 1.5384775371724138], [-0.6728175473793103, 5.9351799895862065, 2.631181221103448], [-0.46108549055172415, 7.319857128620689, 3.4293858190344824], [1.424297973724138, 9.960088527103448, 5.692193250413792], [4.823586691241379, 14.648922286551723, 9.736254488896552], [7.634087706, 17.606330831793105, 12.620209268896552], [9.831807524482757, 20.86123764972414, 15.346522587103447], [10.330830095793102, 21.393093422689656, 15.861961759241378], [7.840768501034482, 18.238369963655174, 13.039569232344828], [4.5065147791034486, 11.918294348896552, 8.212404564], [0.8703429304137932, 6.577742583517241, 3.7240427569655172], [-1.0833378026896552, 3.9095187759310344, 1.4130904866206895]]",0.0,0.0,614871599.1898072,572.5391895762283,490.3772022151755,29.0,2713.71642886062,,,,48.82590866088867,-124.05304718017578,614.8715991898073
08HA002,1951,45.4000015258789,9.0,0.8500000238418579,2.0,179.0,594.0,,"[[-1.150267021448276, 4.2272220957931035, 1.5384775371724138], [-0.6728175473793103, 5.9351799895862065, 2.631181221103448], [-0.46108549055172415, 7.319857128620689, 3.4293858190344824], [1.424297973724138, 9.960088527103448, 5.692193250413792], [4.823586691241379, 14.648922286551723, 9.736254488896552], [7.634087706, 17.606330831793105, 12.620209268896552], [9.831807524482757, 20.86123764972414, 15.346522587103447], [10.330830095793102, 21.393093422689656, 15.861961759241378], [7.840768501034482, 18.238369963655174, 13.039569232344828], [4.5065147791034486, 11.918294348896552, 8.212404564], [0.8703429304137932, 6.577742583517241, 3.7240427569655172], [-1.0833378026896552, 3.9095187759310344, 1.4130904866206895]]",0.0,0.0,614871599.1898072,572.5391895762283,490.3772022151755,29.0,2713.71642886062,,,,48.82590866088867,-124.05304718017578,614.8715991898073
08HA002,1952,36.70000076293945,10.0,2.549999952316284,2.0,157.0,594.0,,"[[-1.150267021448276, 4.2272220957931035, 1.5384775371724138], [-0.6728175473793103, 5.9351799895862065, 2.631181221103448], [-0.46108549055172415, 7.319857128620689, 3.4293858190344824], [1.424297973724138, 9.960088527103448, 5.692193250413792], [4.823586691241379, 14.648922286551723, 9.736254488896552], [7.634087706, 17.606330831793105, 12.620209268896552], [9.831807524482757, 20.86123764972414, 15.346522587103447], [10.330830095793102, 21.393093422689656, 15.861961759241378], [7.840768501034482, 18.238369963655174, 13.039569232344828], [4.5065147791034486, 11.918294348896552, 8.212404564], [0.8703429304137932, 6.577742583517241, 3.7240427569655172], [-1.0833378026896552, 3.9095187759310344, 1.4130904866206895]]",0.0,0.0,614871599.1898072,572.5391895762283,490.3772022151755,29.0,2713.71642886062,,,,48.82590866088867,-124.05304718017578,614.8715991898073
08HA002,1953,59.099998474121094,9.0,2.1199998855590816,1.0,253.0,594.0,,"[[-1.150267021448276, 4.2272220957931035, 1.5384775371724138], [-0.6728175473793103, 5.9351799895862065, 2.631181221103448], [-0.46108549055172415, 7.319857128620689, 3.4293858190344824], [1.424297973724138, 9.960088527103448, 5.692193250413792], [4.823586691241379, 14.648922286551723, 9.736254488896552], [7.634087706, 17.606330831793105, 12.620209268896552], [9.831807524482757, 20.86123764972414, 15.346522587103447], [10.330830095793102, 21.393093422689656, 15.861961759241378], [7.840768501034482, 18.238369963655174, 13.039569232344828], [4.5065147791034486, 11.918294348896552, 8.212404564], [0.8703429304137932, 6.577742583517241, 3.7240427569655172], [-1.0833378026896552, 3.9095187759310344, 1.4130904866206895]]",0.0,0.0,614871599.1898072,572.5391895762283,490.3772022151755,29.0,2713.71642886062,,,,48.82590866088867,-124.05304718017578,614.8715991898073
08HA002,1954,57.5,9.0,6.170000076293945,2.0,215.0,594.0,,"[[-1.150267021448276, 4.2272220957931035, 1.5384775371724138], [-0.6728175473793103, 5.9351799895862065, 2.631181221103448], [-0.46108549055172415, 7.319857128620689, 3.4293858190344824], [1.424297973724138, 9.960088527103448, 5.692193250413792], [4.823586691241379, 14.648922286551723, 9.736254488896552], [7.634087706, 17.606330831793105, 12.620209268896552], [9.831807524482757, 20.86123764972414, 15.346522587103447], [10.330830095793102, 21.393093422689656, 15.861961759241378], [7.840768501034482, 18.238369963655174, 13.039569232344828], [4.5065147791034486, 11.918294348896552, 8.212404564], [0.8703429304137932, 6.577742583517241, 3.7240427569655172], [-1.0833378026896552, 3.9095187759310344, 1.4130904866206895]]",0.0,0.0,614871599.1898072,572.5391895762283,490.3772022151755,29.0,2713.71642886062,,,,48.82590866088867,-124.05304718017578,614.8715991898073
08HA002,1955,43.099998474121094,9.0,4.360000133514403,11.0,213.0,594.0,,"[[-1.150267021448276, 4.2272220957931035, 1.5384775371724138], [-0.6728175473793103, 5.9351799895862065, 2.631181221103448], [-0.46108549055172415, 7.319857128620689, 3.4293858190344824], [1.424297973724138, 9.960088527103448, 5.692193250413792], [4.823586691241379, 14.648922286551723, 9.736254488896552], [7.634087706, 17.606330831793105, 12.620209268896552], [9.831807524482757, 20.86123764972414, 15.346522587103447], [10.330830095793102, 21.393093422689656, 15.861961759241378], [7.840768501034482, 18.238369963655174, 13.039569232344828], [4.5065147791034486, 11.918294348896552, 8.212404564], [0.8703429304137932, 6.577742583517241, 3.7240427569655172], [-1.0833378026896552, 3.9095187759310344, 1.4130904866206895]]",0.0,0.0,614871599.1898072,572.5391895762283,490.3772022151755,29.0,2713.71642886062,,,,48.82590866088867,-124.05304718017578,614.8715991898073
08HA002,1956,50.4000015258789,9.0,1.7599999904632568,12.0,138.0,594.0,,"[[-1.150267021448276, 4.2272220957931035, 1.5384775371724138], [-0.6728175473793103, 5.9351799895862065, 2.631181221103448], [-0.46108549055172415, 7.319857128620689, 3.4293858190344824], [1.424297973724138, 9.960088527103448, 5.692193250413792], [4.823586691241379, 14.648922286551723, 9.736254488896552], [7.634087706, 17.606330831793105, 12.620209268896552], [9.831807524482757, 20.86123764972414, 15.346522587103447], [10.330830095793102, 21.393093422689656, 15.861961759241378], [7.840768501034482, 18.238369963655174, 13.039569232344828], [4.5065147791034486, 11.918294348896552, 8.212404564], [0.8703429304137932, 6.577742583517241, 3.7240427569655172], [-1.0833378026896552, 3.9095187759310344, 1.4130904866206895]]",0.0,0.0,614871599.1898072,572.5391895762283,490.3772022151755,29.0,2713.71642886062,,,,48.82590866088867,-124.05304718017578,614.8715991898073
08HA002,1957,34.5,9.0,5.6599998474121085,12.0,149.0,594.0,,"[[-1.150267021448276, 4.2272220957931035, 1.5384775371724138], [-0.6728175473793103, 5.9351799895862065, 2.631181221103448], [-0.46108549055172415, 7.319857128620689, 3.4293858190344824], [1.424297973724138, 9.960088527103448, 5.692193250413792], [4.823586691241379, 14.648922286551723, 9.736254488896552], [7.634087706, 17.606330831793105, 12.620209268896552], [9.831807524482757, 20.86123764972414, 15.346522587103447], [10.330830095793102, 21.393093422689656, 15.861961759241378], [7.840768501034482, 18.238369963655174, 13.039569232344828], [4.5065147791034486, 11.918294348896552, 8.212404564], [0.8703429304137932, 6.577742583517241, 3.7240427569655172], [-1.0833378026896552, 3.9095187759310344, 1.4130904866206895]]",0.0,0.0,614871599.1898072,572.5391895762283,490.3772022151755,29.0,2713.71642886062,,,,48.82590866088867,-124.05304718017578,614.8715991898073
08HA002,1958,51.5,9.0,1.809999942779541,1.0,194.0,594.0,,"[[-1.150267021448276, 4.2272220957931035, 1.5384775371724138], [-0.6728175473793103, 5.9351799895862065, 2.631181221103448], [-0.46108549055172415, 7.319857128620689, 3.4293858190344824], [1.424297973724138, 9.960088527103448, 5.692193250413792], [4.823586691241379, 14.648922286551723, 9.736254488896552], [7.634087706, 17.606330831793105, 12.620209268896552], [9.831807524482757, 20.86123764972414, 15.346522587103447], [10.330830095793102, 21.393093422689656, 15.861961759241378], [7.840768501034482, 18.238369963655174, 13.039569232344828], [4.5065147791034486, 11.918294348896552, 8.212404564], [0.8703429304137932, 6.577742583517241, 3.7240427569655172], [-1.0833378026896552, 3.9095187759310344, 1.4130904866206895]]",0.0,0.0,614871599.1898072,572.5391895762283,490.3772022151755,29.0,2713.71642886062,,,,48.82590866088867,-124.05304718017578,614.8715991898073
08HA002,1959,44.0,9.0,5.78000020980835,5.0,134.0,594.0,,"[[-1.150267021448276, 4.2272220957931035, 1.5384775371724138], [-0.6728175473793103, 5.9351799895862065, 2.631181221103448], [-0.46108549055172415, 7.319857128620689, 3.4293858190344824], [1.424297973724138, 9.960088527103448, 5.692193250413792], [4.823586691241379, 14.648922286551723, 9.736254488896552], [7.634087706, 17.606330831793105, 12.620209268896552], [9.831807524482757, 20.86123764972414, 15.346522587103447], [10.330830095793102, 21.393093422689656, 15.861961759241378], [7.840768501034482, 18.238369963655174, 13.039569232344828], [4.5065147791034486, 11.918294348896552, 8.212404564], [0.8703429304137932, 6.577742583517241, 3.7240427569655172], [-1.0833378026896552, 3.9095187759310344, 1.4130904866206895]]",0.0,0.0,614871599.1898072,572.5391895762283,490.3772022151755,29.0,2713.71642886062,,,,48.82590866088867,-124.05304718017578,614.8715991898073
08HA002,1960,44.70000076293945,8.0,5.179999828338623,1.0,139.0,594.0,,"[[-1.150267021448276, 4.2272220957931035, 1.5384775371724138], [-0.6728175473793103, 5.9351799895862065, 2.631181221103448], [-0.46108549055172415, 7.319857128620689, 3.4293858190344824], [1.424297973724138, 9.960088527103448, 5.692193250413792], [4.823586691241379, 14.648922286551723, 9.736254488896552], [7.634087706, 17.606330831793105, 12.620209268896552], [9.831807524482757, 20.86123764972414, 15.346522587103447], [10.330830095793102, 21.393093422689656, 15.861961759241378], [7.840768501034482, 18.238369963655174, 13.039569232344828], [4.5065147791034486, 11.918294348896552, 8.212404564], [0.8703429304137932, 6.577742583517241, 3.7240427569655172], [-1.0833378026896552, 3.9095187759310344, 1.4130904866206895]]",0.0,0.0,614871599.1898072,572.5391895762283,490.3772022151755,29.0,2713.71642886062,,,,48.82590866088867,-124.05304718017578,614.8715991898073
08HA002,1961,55.099998474121094,8.0,4.25,1.0,309.0,594.0,,"[[-1.150267021448276, 4.2272220957931035, 1.5384775371724138], [-0.6728175473793103, 5.9351799895862065, 2.631181221103448], [-0.46108549055172415, 7.319857128620689, 3.4293858190344824], [1.424297973724138, 9.960088527103448, 5.692193250413792], [4.823586691241379, 14.648922286551723, 9.736254488896552], [7.634087706, 17.606330831793105, 12.620209268896552], [9.831807524482757, 20.86123764972414, 15.346522587103447], [10.330830095793102, 21.393093422689656, 15.861961759241378], [7.840768501034482, 18.238369963655174, 13.039569232344828], [4.5065147791034486, 11.918294348896552, 8.212404564], [0.8703429304137932, 6.577742583517241, 3.7240427569655172], [-1.0833378026896552, 3.9095187759310344, 1.4130904866206895]]",0.0,0.0,614871599.1898072,572.5391895762283,490.3772022151755,29.0,2713.71642886062,,,,48.82590866088867,-124.05304718017578,614.8715991898073
08HA002,1962,45.9000015258789,7.0,6.170000076293945,11.0,171.0,594.0,,"[[-1.150267021448276, 4.2272220957931035, 1.5384775371724138], [-0.6728175473793103, 5.9351799895862065, 2.631181221103448], [-0.46108549055172415, 7.319857128620689, 3.4293858190344824], [1.424297973724138, 9.960088527103448, 5.692193250413792], [4.823586691241379, 14.648922286551723, 9.736254488896552], [7.634087706, 17.606330831793105, 12.620209268896552], [9.831807524482757, 20.86123764972414, 15.346522587103447], [10.330830095793102, 21.393093422689656, 15.861961759241378], [7.840768501034482, 18.238369963655174, 13.039569232344828], [4.5065147791034486, 11.918294348896552, 8.212404564], [0.8703429304137932, 6.577742583517241, 3.7240427569655172], [-1.0833378026896552, 3.9095187759310344, 1.4130904866206895]]",0.0,0.0,614871599.1898072,572.5391895762283,490.3772022151755,29.0,2713.71642886062,,,,48.82590866088867,-124.05304718017578,614.8715991898073
08HA002,1963,51.0,10.0,4.980000019073486,12.0,198.0,594.0,,"[[-1.150267021448276, 4.2272220957931035, 1.5384775371724138], [-0.6728175473793103, 5.9351799895862065, 2.631181221103448], [-0.46108549055172415, 7.319857128620689, 3.4293858190344824], [1.424297973724138, 9.960088527103448, 5.692193250413792], [4.823586691241379, 14.648922286551723, 9.736254488896552], [7.634087706, 17.606330831793105, 12.620209268896552], [9.831807524482757, 20.86123764972414, 15.346522587103447], [10.330830095793102, 21.393093422689656, 15.861961759241378], [7.840768501034482, 18.238369963655174, 13.039569232344828], [4.5065147791034486, 11.918294348896552, 8.212404564], [0.8703429304137932, 6.577742583517241, 3.7240427569655172], [-1.0833378026896552, 3.9095187759310344, 1.4130904866206895]]",0.0,0.0,614871599.1898072,572.5391895762283,490.3772022151755,29.0,2713.71642886062,,,,48.82590866088867,-124.05304718017578,614.8715991898073
08HA002,1964,44.0,8.0,6.3400001525878915,1.0,169.0,594.0,,"[[-1.150267021448276, 4.2272220957931035, 1.5384775371724138], [-0.6728175473793103, 5.9351799895862065, 2.631181221103448], [-0.46108549055172415, 7.319857128620689, 3.4293858190344824], [1.424297973724138, 9.960088527103448, 5.692193250413792], [4.823586691241379, 14.648922286551723, 9.736254488896552], [7.634087706, 17.606330831793105, 12.620209268896552], [9.831807524482757, 20.86123764972414, 15.346522587103447], [10.330830095793102, 21.393093422689656, 15.861961759241378], [7.840768501034482, 18.238369963655174, 13.039569232344828], [4.5065147791034486, 11.918294348896552, 8.212404564], [0.8703429304137932, 6.577742583517241, 3.7240427569655172], [-1.0833378026896552, 3.9095187759310344, 1.4130904866206895]]",0.0,0.0,614871599.1898072,572.5391895762283,490.3772022151755,29.0,2713.71642886062,,,,48.82590866088867,-124.05304718017578,614.8715991898073
08HA002,1965,42.400001525878906,10.0,5.239999771118164,12.0,153.0,594.0,,"[[-1.150267021448276, 4.2272220957931035, 1.5384775371724138], [-0.6728175473793103, 5.9351799895862065, 2.631181221103448], [-0.46108549055172415, 7.319857128620689, 3.4293858190344824], [1.424297973724138, 9.960088527103448, 5.692193250413792], [4.823586691241379, 14.648922286551723, 9.736254488896552], [7.634087706, 17.606330831793105, 12.620209268896552], [9.831807524482757, 20.86123764972414, 15.346522587103447], [10.330830095793102, 21.393093422689656, 15.861961759241378], [7.840768501034482, 18.238369963655174, 13.039569232344828], [4.5065147791034486, 11.918294348896552, 8.212404564], [0.8703429304137932, 6.577742583517241, 3.7240427569655172], [-1.0833378026896552, 3.9095187759310344, 1.4130904866206895]]",0.0,0.0,614871599.1898072,572.5391895762283,490.3772022151755,29.0,2713.71642886062,,,,48.82590866088867,-124.05304718017578,614.8715991898073
08HA002,1966,53.099998474121094,8.0,6.739999771118164,12.0,286.0,594.0,,"[[-1.150267021448276, 4.2272220957931035, 1.5384775371724138], [-0.6728175473793103, 5.9351799895862065, 2.631181221103448], [-0.46108549055172415, 7.319857128620689, 3.4293858190344824], [1.424297973724138, 9.960088527103448, 5.692193250413792], [4.823586691241379, 14.648922286551723, 9.736254488896552], [7.634087706, 17.606330831793105, 12.620209268896552], [9.831807524482757, 20.86123764972414, 15.346522587103447], [10.330830095793102, 21.393093422689656, 15.861961759241378], [7.840768501034482, 18.238369963655174, 13.039569232344828], [4.5065147791034486, 11.918294348896552, 8.212404564], [0.8703429304137932, 6.577742583517241, 3.7240427569655172], [-1.0833378026896552, 3.9095187759310344, 1.4130904866206895]]",0.0,0.0,614871599.1898072,572.5391895762283,490.3772022151755,29.0,2713.71642886062,,,,48.82590866088867,-124.05304718017578,614.8715991898073
08HA002,1967,53.70000076293945,9.0,5.800000190734862,2.0,165.0,594.0,,"[[-1.150267021448276, 4.2272220957931035, 1.5384775371724138], [-0.6728175473793103, 5.9351799895862065, 2.631181221103448], [-0.46108549055172415, 7.319857128620689, 3.4293858190344824], [1.424297973724138, 9.960088527103448, 5.692193250413792], [4.823586691241379, 14.648922286551723, 9.736254488896552], [7.634087706, 17.606330831793105, 12.620209268896552], [9.831807524482757, 20.86123764972414, 15.346522587103447], [10.330830095793102, 21.393093422689656, 15.861961759241378], [7.840768501034482, 18.238369963655174, 13.039569232344828], [4.5065147791034486, 11.918294348896552, 8.212404564], [0.8703429304137932, 6.577742583517241, 3.7240427569655172], [-1.0833378026896552, 3.9095187759310344, 1.4130904866206895]]",0.0,0.0,614871599.1898072,572.5391895762283,490.3772022151755,29.0,2713.71642886062,,,,48.82590866088867,-124.05304718017578,614.8715991898073
08HA002,1968,59.70000076293945,8.0,7.53000020980835,1.0,326.0,594.0,,"[[-1.150267021448276, 4.2272220957931035, 1.5384775371724138], [-0.6728175473793103, 5.9351799895862065, 2.631181221103448], [-0.46108549055172415, 7.319857128620689, 3.4293858190344824], [1.424297973724138, 9.960088527103448, 5.692193250413792], [4.823586691241379, 14.648922286551723, 9.736254488896552], [7.634087706, 17.606330831793105, 12.620209268896552], [9.831807524482757, 20.86123764972414, 15.346522587103447], [10.330830095793102, 21.393093422689656, 15.861961759241378], [7.840768501034482, 18.238369963655174, 13.039569232344828], [4.5065147791034486, 11.918294348896552, 8.212404564], [0.8703429304137932, 6.577742583517241, 3.7240427569655172], [-1.0833378026896552, 3.9095187759310344, 1.4130904866206895]]",0.0,0.0,614871599.1898072,572.5391895762283,490.3772022151755,29.0,2713.71642886062,,,,48.82590866088867,-124.05304718017578,614.8715991898073
08HA002,1969,43.29999923706055,8.0,7.329999923706055,12.0,112.0,594.0,,"[[-1.150267021448276, 4.2272220957931035, 1.5384775371724138], [-0.6728175473793103, 5.9351799895862065, 2.631181221103448], [-0.46108549055172415, 7.319857128620689, 3.4293858190344824], [1.424297973724138, 9.960088527103448, 5.692193250413792], [4.823586691241379, 14.648922286551723, 9.736254488896552], [7.634087706, 17.606330831793105, 12.620209268896552], [9.831807524482757, 20.86123764972414, 15.346522587103447], [10.330830095793102, 21.393093422689656, 15.861961759241378], [7.840768501034482, 18.238369963655174, 13.039569232344828], [4.5065147791034486, 11.918294348896552, 8.212404564], [0.8703429304137932, 6.577742583517241, 3.7240427569655172], [-1.0833378026896552, 3.9095187759310344, 1.4130904866206895]]",0.0,0.0,614871599.1898072,572.5391895762283,490.3772022151755,29.0,2713.71642886062,,,,48.82590866088867,-124.05304718017578,614.8715991898073
08HA002,1970,34.5,8.0,5.800000190734862,12.0,107.0,594.0,,"[[-1.150267021448276, 4.2272220957931035, 1.5384775371724138], [-0.6728175473793103, 5.9351799895862065, 2.631181221103448], [-0.46108549055172415, 7.319857128620689, 3.4293858190344824], [1.424297973724138, 9.960088527103448, 5.692193250413792], [4.823586691241379, 14.648922286551723, 9.736254488896552], [7.634087706, 17.606330831793105, 12.620209268896552], [9.831807524482757, 20.86123764972414, 15.346522587103447], [10.330830095793102, 21.393093422689656, 15.861961759241378], [7.840768501034482, 18.238369963655174, 13.039569232344828], [4.5065147791034486, 11.918294348896552, 8.212404564], [0.8703429304137932, 6.577742583517241, 3.7240427569655172], [-1.0833378026896552, 3.9095187759310344, 1.4130904866206895]]",0.0,0.0,614871599.1898072,572.5391895762283,490.3772022151755,29.0,2713.71642886062,,,,48.82590866088867,-124.05304718017578,614.8715991898073
08HA002,1971,51.4000015258789,8.0,7.559999942779541,1.0,136.0,594.0,,"[[-1.150267021448276, 4.2272220957931035, 1.5384775371724138], [-0.6728175473793103, 5.9351799895862065, 2.631181221103448], [-0.46108549055172415, 7.319857128620689, 3.4293858190344824], [1.424297973724138, 9.960088527103448, 5.692193250413792], [4.823586691241379, 14.648922286551723, 9.736254488896552], [7.634087706, 17.606330831793105, 12.620209268896552], [9.831807524482757, 20.86123764972414, 15.346522587103447], [10.330830095793102, 21.393093422689656, 15.861961759241378], [7.840768501034482, 18.238369963655174, 13.039569232344828], [4.5065147791034486, 11.918294348896552, 8.212404564], [0.8703429304137932, 6.577742583517241, 3.7240427569655172], [-1.0833378026896552, 3.9095187759310344, 1.4130904866206895]]",0.0,0.0,614871599.1898072,572.5391895762283,490.3772022151755,29.0,2713.71642886062,,,,48.82590866088867,-124.05304718017578,614.8715991898073
08HA002,1972,46.599998474121094,10.0,6.369999885559082,12.0,234.0,594.0,,"[[-1.150267021448276, 4.2272220957931035, 1.5384775371724138], [-0.6728175473793103, 5.9351799895862065, 2.631181221103448], [-0.46108549055172415, 7.319857128620689, 3.4293858190344824], [1.424297973724138, 9.960088527103448, 5.692193250413792], [4.823586691241379, 14.648922286551723, 9.736254488896552], [7.634087706, 17.606330831793105, 12.620209268896552], [9.831807524482757, 20.86123764972414, 15.346522587103447], [10.330830095793102, 21.393093422689656, 15.861961759241378], [7.840768501034482, 18.238369963655174, 13.039569232344828], [4.5065147791034486, 11.918294348896552, 8.212404564], [0.8703429304137932, 6.577742583517241, 3.7240427569655172], [-1.0833378026896552, 3.9095187759310344, 1.4130904866206895]]",0.0,0.0,614871599.1898072,572.5391895762283,490.3772022151755,29.0,2713.71642886062,,,,48.82590866088867,-124.05304718017578,614.8715991898073
08HA002,1973,45.5,10.0,5.920000076293945,12.0,215.0,594.0,,"[[-1.150267021448276, 4.2272220957931035, 1.5384775371724138], [-0.6728175473793103, 5.9351799895862065, 2.631181221103448], [-0.46108549055172415, 7.319857128620689, 3.4293858190344824], [1.424297973724138, 9.960088527103448, 5.692193250413792], [4.823586691241379, 14.648922286551723, 9.736254488896552], [7.634087706, 17.606330831793105, 12.620209268896552], [9.831807524482757, 20.86123764972414, 15.346522587103447], [10.330830095793102, 21.393093422689656, 15.861961759241378], [7.840768501034482, 18.238369963655174, 13.039569232344828], [4.5065147791034486, 11.918294348896552, 8.212404564], [0.8703429304137932, 6.577742583517241, 3.7240427569655172], [-1.0833378026896552, 3.9095187759310344, 1.4130904866206895]]",0.0,0.0,614871599.1898072,572.5391895762283,490.3772022151755,29.0,2713.71642886062,,,,48.82590866088867,-124.05304718017578,614.8715991898073
08HA002,1974,59.099998474121094,11.0,5.320000171661377,1.0,220.0,594.0,,"[[-1.150267021448276, 4.2272220957931035, 1.5384775371724138], [-0.6728175473793103, 5.9351799895862065, 2.631181221103448], [-0.46108549055172415, 7.319857128620689, 3.4293858190344824], [1.424297973724138, 9.960088527103448, 5.692193250413792], [4.823586691241379, 14.648922286551723, 9.736254488896552], [7.634087706, 17.606330831793105, 12.620209268896552], [9.831807524482757, 20.86123764972414, 15.346522587103447], [10.330830095793102, 21.393093422689656, 15.861961759241378], [7.840768501034482, 18.238369963655174, 13.039569232344828], [4.5065147791034486, 11.918294348896552, 8.212404564], [0.8703429304137932, 6.577742583517241, 3.7240427569655172], [-1.0833378026896552, 3.9095187759310344, 1.4130904866206895]]",0.0,0.0,614871599.1898072,572.5391895762283,490.3772022151755,29.0,2713.71642886062,,,,48.82590866088867,-124.05304718017578,614.8715991898073
08HA002,1975,55.4000015258789,7.0,6.6500000953674325,11.0,236.0,594.0,,"[[-1.150267021448276, 4.2272220957931035, 1.5384775371724138], [-0.6728175473793103, 5.9351799895862065, 2.631181221103448], [-0.46108549055172415, 7.319857128620689, 3.4293858190344824], [1.424297973724138, 9.960088527103448, 5.692193250413792], [4.823586691241379, 14.648922286551723, 9.736254488896552], [7.634087706, 17.606330831793105, 12.620209268896552], [9.831807524482757, 20.86123764972414, 15.346522587103447], [10.330830095793102, 21.393093422689656, 15.861961759241378], [7.840768501034482, 18.238369963655174, 13.039569232344828], [4.5065147791034486, 11.918294348896552, 8.212404564], [0.8703429304137932, 6.577742583517241, 3.7240427569655172], [-1.0833378026896552, 3.9095187759310344, 1.4130904866206895]]",0.0,0.0,614871599.1898072,572.5391895762283,490.3772022151755,29.0,2713.71642886062,,,,48.82590866088867,-124.05304718017578,614.8715991898073
08HA002,1976,39.70000076293945,8.0,7.28000020980835,1.0,109.0,594.0,,"[[-1.150267021448276, 4.2272220957931035, 1.5384775371724138], [-0.6728175473793103, 5.9351799895862065, 2.631181221103448], [-0.46108549055172415, 7.319857128620689, 3.4293858190344824], [1.424297973724138, 9.960088527103448, 5.692193250413792], [4.823586691241379, 14.648922286551723, 9.736254488896552], [7.634087706, 17.606330831793105, 12.620209268896552], [9.831807524482757, 20.86123764972414, 15.346522587103447], [10.330830095793102, 21.393093422689656, 15.861961759241378], [7.840768501034482, 18.238369963655174, 13.039569232344828], [4.5065147791034486, 11.918294348896552, 8.212404564], [0.8703429304137932, 6.577742583517241, 3.7240427569655172], [-1.0833378026896552, 3.9095187759310344, 1.4130904866206895]]",0.0,0.0,614871599.1898072,572.5391895762283,490.3772022151755,29.0,2713.71642886062,,,,48.82590866088867,-124.05304718017578,614.8715991898073
08HA002,1977,40.400001525878906,7.0,7.079999923706055,12.0,160.0,594.0,,"[[-1.150267021448276, 4.2272220957931035, 1.5384775371724138], [-0.6728175473793103, 5.9351799895862065, 2.631181221103448], [-0.46108549055172415, 7.319857128620689, 3.4293858190344824], [1.424297973724138, 9.960088527103448, 5.692193250413792], [4.823586691241379, 14.648922286551723, 9.736254488896552], [7.634087706, 17.606330831793105, 12.620209268896552], [9.831807524482757, 20.86123764972414, 15.346522587103447], [10.330830095793102, 21.393093422689656, 15.861961759241378], [7.840768501034482, 18.238369963655174, 13.039569232344828], [4.5065147791034486, 11.918294348896552, 8.212404564], [0.8703429304137932, 6.577742583517241, 3.7240427569655172], [-1.0833378026896552, 3.9095187759310344, 1.4130904866206895]]",0.0,0.0,614871599.1898072,572.5391895762283,490.3772022151755,29.0,2713.71642886062,,,,48.82590866088867,-124.05304718017578,614.8715991898073
08HA002,1978,28.29999923706055,8.0,6.510000228881836,2.0,68.19999694824219,594.0,,"[[-1.150267021448276, 4.2272220957931035, 1.5384775371724138], [-0.6728175473793103, 5.9351799895862065, 2.631181221103448], [-0.46108549055172415, 7.319857128620689, 3.4293858190344824], [1.424297973724138, 9.960088527103448, 5.692193250413792], [4.823586691241379, 14.648922286551723, 9.736254488896552], [7.634087706, 17.606330831793105, 12.620209268896552], [9.831807524482757, 20.86123764972414, 15.346522587103447], [10.330830095793102, 21.393093422689656, 15.861961759241378], [7.840768501034482, 18.238369963655174, 13.039569232344828], [4.5065147791034486, 11.918294348896552, 8.212404564], [0.8703429304137932, 6.577742583517241, 3.7240427569655172], [-1.0833378026896552, 3.9095187759310344, 1.4130904866206895]]",0.0,0.0,614871599.1898072,572.5391895762283,490.3772022151755,29.0,2713.71642886062,,,,48.82590866088867,-124.05304718017578,614.8715991898073
08HA002,1979,37.900001525878906,7.0,5.460000038146973,12.0,222.0,594.0,,"[[-1.150267021448276, 4.2272220957931035, 1.5384775371724138], [-0.6728175473793103, 5.9351799895862065, 2.631181221103448], [-0.46108549055172415, 7.319857128620689, 3.4293858190344824], [1.424297973724138, 9.960088527103448, 5.692193250413792], [4.823586691241379, 14.648922286551723, 9.736254488896552], [7.634087706, 17.606330831793105, 12.620209268896552], [9.831807524482757, 20.86123764972414, 15.346522587103447], [10.330830095793102, 21.393093422689656, 15.861961759241378], [7.840768501034482, 18.238369963655174, 13.039569232344828], [4.5065147791034486, 11.918294348896552, 8.212404564], [0.8703429304137932, 6.577742583517241, 3.7240427569655172], [-1.0833378026896552, 3.9095187759310344, 1.4130904866206895]]",0.0,0.0,614871599.1898072,572.5391895762283,490.3772022151755,29.0,2713.71642886062,,,,48.82590866088867,-124.05304718017578,614.8715991898073
08HA002,1980,47.4000015258789,6.0,5.599999904632568,12.0,275.0,594.0,,"[[-1.150267021448276, 4.2272220957931035, 1.5384775371724138], [-0.6728175473793103, 5.9351799895862065, 2.631181221103448], [-0.46108549055172415, 7.319857128620689, 3.4293858190344824], [1.424297973724138, 9.960088527103448, 5.692193250413792], [4.823586691241379, 14.648922286551723, 9.736254488896552], [7.634087706, 17.606330831793105, 12.620209268896552], [9.831807524482757, 20.86123764972414, 15.346522587103447], [10.330830095793102, 21.393093422689656, 15.861961759241378], [7.840768501034482, 18.238369963655174, 13.039569232344828], [4.5065147791034486, 11.918294348896552, 8.212404564], [0.8703429304137932, 6.577742583517241, 3.7240427569655172], [-1.0833378026896552, 3.9095187759310344, 1.4130904866206895]]",0.0,0.0,614871599.1898072,572.5391895762283,490.3772022151755,29.0,2713.71642886062,,,,48.82590866088867,-124.05304718017578,614.8715991898073
08HA002,1981,51.5,8.0,6.130000114440918,1.0,204.0,594.0,,"[[-1.150267021448276, 4.2272220957931035, 1.5384775371724138], [-0.6728175473793103, 5.9351799895862065, 2.631181221103448], [-0.46108549055172415, 7.319857128620689, 3.4293858190344824], [1.424297973724138, 9.960088527103448, 5.692193250413792], [4.823586691241379, 14.648922286551723, 9.736254488896552], [7.634087706, 17.606330831793105, 12.620209268896552], [9.831807524482757, 20.86123764972414, 15.346522587103447], [10.330830095793102, 21.393093422689656, 15.861961759241378], [7.840768501034482, 18.238369963655174, 13.039569232344828], [4.5065147791034486, 11.918294348896552, 8.212404564], [0.8703429304137932, 6.577742583517241, 3.7240427569655172], [-1.0833378026896552, 3.9095187759310344, 1.4130904866206895]]",0.0,0.0,614871599.1898072,572.5391895762283,490.3772022151755,29.0,2713.71642886062,,,,48.82590866088867,-124.05304718017578,614.8715991898073
08HA002,1982,44.5,8.0,7.3499999046325675,2.0,161.0,594.0,,"[[-1.150267021448276, 4.2272220957931035, 1.5384775371724138], [-0.6728175473793103, 5.9351799895862065, 2.631181221103448], [-0.46108549055172415, 7.319857128620689, 3.4293858190344824], [1.424297973724138, 9.960088527103448, 5.692193250413792], [4.823586691241379, 14.648922286551723, 9.736254488896552], [7.634087706, 17.606330831793105, 12.620209268896552], [9.831807524482757, 20.86123764972414, 15.346522587103447], [10.330830095793102, 21.393093422689656, 15.861961759241378], [7.840768501034482, 18.238369963655174, 13.039569232344828], [4.5065147791034486, 11.918294348896552, 8.212404564], [0.8703429304137932, 6.577742583517241, 3.7240427569655172], [-1.0833378026896552, 3.9095187759310344, 1.4130904866206895]]",0.0,0.0,614871599.1898072,572.5391895762283,490.3772022151755,29.0,2713.71642886062,,,,48.82590866088867,-124.05304718017578,614.8715991898073
08HA002,1983,53.599998474121094,8.0,7.070000171661378,11.0,249.0,594.0,,"[[-1.150267021448276, 4.2272220957931035, 1.5384775371724138], [-0.6728175473793103, 5.9351799895862065, 2.631181221103448], [-0.46108549055172415, 7.319857128620689, 3.4293858190344824], [1.424297973724138, 9.960088527103448, 5.692193250413792], [4.823586691241379, 14.648922286551723, 9.736254488896552], [7.634087706, 17.606330831793105, 12.620209268896552], [9.831807524482757, 20.86123764972414, 15.346522587103447], [10.330830095793102, 21.393093422689656, 15.861961759241378], [7.840768501034482, 18.238369963655174, 13.039569232344828], [4.5065147791034486, 11.918294348896552, 8.212404564], [0.8703429304137932, 6.577742583517241, 3.7240427569655172], [-1.0833378026896552, 3.9095187759310344, 1.4130904866206895]]",0.0,0.0,614871599.1898072,572.5391895762283,490.3772022151755,29.0,2713.71642886062,,,,48.82590866088867,-124.05304718017578,614.8715991898073
08HA002,1984,49.0,7.0,7.139999866485597,1.0,130.0,594.0,,"[[-1.150267021448276, 4.2272220957931035, 1.5384775371724138], [-0.6728175473793103, 5.9351799895862065, 2.631181221103448], [-0.46108549055172415, 7.319857128620689, 3.4293858190344824], [1.424297973724138, 9.960088527103448, 5.692193250413792], [4.823586691241379, 14.648922286551723, 9.736254488896552], [7.634087706, 17.606330831793105, 12.620209268896552], [9.831807524482757, 20.86123764972414, 15.346522587103447], [10.330830095793102, 21.393093422689656, 15.861961759241378], [7.840768501034482, 18.238369963655174, 13.039569232344828], [4.5065147791034486, 11.918294348896552, 8.212404564], [0.8703429304137932, 6.577742583517241, 3.7240427569655172], [-1.0833378026896552, 3.9095187759310344, 1.4130904866206895]]",0.0,0.0,614871599.1898072,572.5391895762283,490.3772022151755,29.0,2713.71642886062,,,,48.82590866088867,-124.05304718017578,614.8715991898073
08HA002,1985,24.29999923706055,8.0,4.349999904632568,11.0,74.0999984741211,594.0,,"[[-1.150267021448276, 4.2272220957931035, 1.5384775371724138], [-0.6728175473793103, 5.9351799895862065, 2.631181221103448], [-0.46108549055172415, 7.319857128620689, 3.4293858190344824], [1.424297973724138, 9.960088527103448, 5.692193250413792], [4.823586691241379, 14.648922286551723, 9.736254488896552], [7.634087706, 17.606330831793105, 12.620209268896552], [9.831807524482757, 20.86123764972414, 15.346522587103447], [10.330830095793102, 21.393093422689656, 15.861961759241378], [7.840768501034482, 18.238369963655174, 13.039569232344828], [4.5065147791034486, 11.918294348896552, 8.212404564], [0.8703429304137932, 6.577742583517241, 3.7240427569655172], [-1.0833378026896552, 3.9095187759310344, 1.4130904866206895]]",0.0,0.0,614871599.1898072,572.5391895762283,490.3772022151755,29.0,2713.71642886062,,,,48.82590866088867,-124.05304718017578,614.8715991898073
08HA002,1986,40.70000076293945,10.0,4.550000190734863,1.0,154.0,594.0,,"[[-1.150267021448276, 4.2272220957931035, 1.5384775371724138], [-0.6728175473793103, 5.9351799895862065, 2.631181221103448], [-0.46108549055172415, 7.319857128620689, 3.4293858190344824], [1.424297973724138, 9.960088527103448, 5.692193250413792], [4.823586691241379, 14.648922286551723, 9.736254488896552], [7.634087706, 17.606330831793105, 12.620209268896552], [9.831807524482757, 20.86123764972414, 15.346522587103447], [10.330830095793102, 21.393093422689656, 15.861961759241378], [7.840768501034482, 18.238369963655174, 13.039569232344828], [4.5065147791034486, 11.918294348896552, 8.212404564], [0.8703429304137932, 6.577742583517241, 3.7240427569655172], [-1.0833378026896552, 3.9095187759310344, 1.4130904866206895]]",0.0,0.0,614871599.1898072,572.5391895762283,490.3772022151755,29.0,2713.71642886062,,,,48.82590866088867,-124.05304718017578,614.8715991898073
08HA002,1987,40.900001525878906,8.0,4.550000190734863,1.0,147.0,594.0,,"[[-1.150267021448276, 4.2272220957931035, 1.5384775371724138], [-0.6728175473793103, 5.9351799895862065, 2.631181221103448], [-0.46108549055172415, 7.319857128620689, 3.4293858190344824], [1.424297973724138, 9.960088527103448, 5.692193250413792], [4.823586691241379, 14.648922286551723, 9.736254488896552], [7.634087706, 17.606330831793105, 12.620209268896552], [9.831807524482757, 20.86123764972414, 15.346522587103447], [10.330830095793102, 21.393093422689656, 15.861961759241378], [7.840768501034482, 18.238369963655174, 13.039569232344828], [4.5065147791034486, 11.918294348896552, 8.212404564], [0.8703429304137932, 6.577742583517241, 3.7240427569655172], [-1.0833378026896552, 3.9095187759310344, 1.4130904866206895]]",0.0,0.0,614871599.1898072,572.5391895762283,490.3772022151755,29.0,2713.71642886062,,,,48.82590866088867,-124.05304718017578,614.8715991898073
08HA002,1988,39.599998474121094,8.0,6.21999979019165,11.0,99.3000030517578,594.0,,"[[-1.150267021448276, 4.2272220957931035, 1.5384775371724138], [-0.6728175473793103, 5.9351799895862065, 2.631181221103448], [-0.46108549055172415, 7.319857128620689, 3.4293858190344824], [1.424297973724138, 9.960088527103448, 5.692193250413792], [4.823586691241379, 14.648922286551723, 9.736254488896552], [7.634087706, 17.606330831793105, 12.620209268896552], [9.831807524482757, 20.86123764972414, 15.346522587103447], [10.330830095793102, 21.393093422689656, 15.861961759241378], [7.840768501034482, 18.238369963655174, 13.039569232344828], [4.5065147791034486, 11.918294348896552, 8.212404564], [0.8703429304137932, 6.577742583517241, 3.7240427569655172], [-1.0833378026896552, 3.9095187759310344, 1.4130904866206895]]",0.0,0.0,614871599.1898072,572.5391895762283,490.3772022151755,29.0,2713.71642886062,,,,48.82590866088867,-124.05304718017578,614.8715991898073
08HA002,1989,35.5,10.0,5.25,12.0,108.0,594.0,,"[[-1.150267021448276, 4.2272220957931035, 1.5384775371724138], [-0.6728175473793103, 5.9351799895862065, 2.631181221103448], [-0.46108549055172415, 7.319857128620689, 3.4293858190344824], [1.424297973724138, 9.960088527103448, 5.692193250413792], [4.823586691241379, 14.648922286551723, 9.736254488896552], [7.634087706, 17.606330831793105, 12.620209268896552], [9.831807524482757, 20.86123764972414, 15.346522587103447], [10.330830095793102, 21.393093422689656, 15.861961759241378], [7.840768501034482, 18.238369963655174, 13.039569232344828], [4.5065147791034486, 11.918294348896552, 8.212404564], [0.8703429304137932, 6.577742583517241, 3.7240427569655172], [-1.0833378026896552, 3.9095187759310344, 1.4130904866206895]]",0.0,0.0,614871599.1898072,572.5391895762283,490.3772022151755,29.0,2713.71642886062,,,,48.82590866088867,-124.05304718017578,614.8715991898073
08HA002,1990,52.099998474121094,9.0,6.71999979019165,12.0,238.0,594.0,,"[[-1.150267021448276, 4.2272220957931035, 1.5384775371724138], [-0.6728175473793103, 5.9351799895862065, 2.631181221103448], [-0.46108549055172415, 7.319857128620689, 3.4293858190344824], [1.424297973724138, 9.960088527103448, 5.692193250413792], [4.823586691241379, 14.648922286551723, 9.736254488896552], [7.634087706, 17.606330831793105, 12.620209268896552], [9.831807524482757, 20.86123764972414, 15.346522587103447], [10.330830095793102, 21.393093422689656, 15.861961759241378], [7.840768501034482, 18.238369963655174, 13.039569232344828], [4.5065147791034486, 11.918294348896552, 8.212404564], [0.8703429304137932, 6.577742583517241, 3.7240427569655172], [-1.0833378026896552, 3.9095187759310344, 1.4130904866206895]]",0.0,0.0,614871599.1898072,572.5391895762283,490.3772022151755,29.0,2713.71642886062,,,,48.82590866088867,-124.05304718017578,614.8715991898073
08HA002,1991,41.70000076293945,8.0,6.489999771118164,2.0,209.0,594.0,,"[[-1.150267021448276, 4.2272220957931035, 1.5384775371724138], [-0.6728175473793103, 5.9351799895862065, 2.631181221103448], [-0.46108549055172415, 7.319857128620689, 3.4293858190344824], [1.424297973724138, 9.960088527103448, 5.692193250413792], [4.823586691241379, 14.648922286551723, 9.736254488896552], [7.634087706, 17.606330831793105, 12.620209268896552], [9.831807524482757, 20.86123764972414, 15.346522587103447], [10.330830095793102, 21.393093422689656, 15.861961759241378], [7.840768501034482, 18.238369963655174, 13.039569232344828], [4.5065147791034486, 11.918294348896552, 8.212404564], [0.8703429304137932, 6.577742583517241, 3.7240427569655172], [-1.0833378026896552, 3.9095187759310344, 1.4130904866206895]]",0.0,0.0,614871599.1898072,572.5391895762283,490.3772022151755,29.0,2713.71642886062,,,,48.82590866088867,-124.05304718017578,614.8715991898073
08HA002,1992,37.79999923706055,8.0,4.900000095367432,2.0,273.0,594.0,,"[[-1.150267021448276, 4.2272220957931035, 1.5384775371724138], [-0.6728175473793103, 5.9351799895862065, 2.631181221103448], [-0.46108549055172415, 7.319857128620689, 3.4293858190344824], [1.424297973724138, 9.960088527103448, 5.692193250413792], [4.823586691241379, 14.648922286551723, 9.736254488896552], [7.634087706, 17.606330831793105, 12.620209268896552], [9.831807524482757, 20.86123764972414, 15.346522587103447], [10.330830095793102, 21.393093422689656, 15.861961759241378], [7.840768501034482, 18.238369963655174, 13.039569232344828], [4.5065147791034486, 11.918294348896552, 8.212404564], [0.8703429304137932, 6.577742583517241, 3.7240427569655172], [-1.0833378026896552, 3.9095187759310344, 1.4130904866206895]]",0.0,0.0,614871599.1898072,572.5391895762283,490.3772022151755,29.0,2713.71642886062,,,,48.82590866088867,-124.05304718017578,614.8715991898073
08HA002,1993,32.0,10.0,6.110000133514403,12.0,151.0,594.0,,"[[-1.150267021448276, 4.2272220957931035, 1.5384775371724138], [-0.6728175473793103, 5.9351799895862065, 2.631181221103448], [-0.46108549055172415, 7.319857128620689, 3.4293858190344824], [1.424297973724138, 9.960088527103448, 5.692193250413792], [4.823586691241379, 14.648922286551723, 9.736254488896552], [7.634087706, 17.606330831793105, 12.620209268896552], [9.831807524482757, 20.86123764972414, 15.346522587103447], [10.330830095793102, 21.393093422689656, 15.861961759241378], [7.840768501034482, 18.238369963655174, 13.039569232344828], [4.5065147791034486, 11.918294348896552, 8.212404564], [0.8703429304137932, 6.577742583517241, 3.7240427569655172], [-1.0833378026896552, 3.9095187759310344, 1.4130904866206895]]",0.0,0.0,614871599.1898072,572.5391895762283,490.3772022151755,29.0,2713.71642886062,,,,48.82590866088867,-124.05304718017578,614.8715991898073
08HA002,1994,42.70000076293945,10.0,6.320000171661378,3.0,211.0,594.0,,"[[-1.150267021448276, 4.2272220957931035, 1.5384775371724138], [-0.6728175473793103, 5.9351799895862065, 2.631181221103448], [-0.46108549055172415, 7.319857128620689, 3.4293858190344824], [1.424297973724138, 9.960088527103448, 5.692193250413792], [4.823586691241379, 14.648922286551723, 9.736254488896552], [7.634087706, 17.606330831793105, 12.620209268896552], [9.831807524482757, 20.86123764972414, 15.346522587103447], [10.330830095793102, 21.393093422689656, 15.861961759241378], [7.840768501034482, 18.238369963655174, 13.039569232344828], [4.5065147791034486, 11.918294348896552, 8.212404564], [0.8703429304137932, 6.577742583517241, 3.7240427569655172], [-1.0833378026896552, 3.9095187759310344, 1.4130904866206895]]",0.0,0.0,614871599.1898072,572.5391895762283,490.3772022151755,29.0,2713.71642886062,,,,48.82590866088867,-124.05304718017578,614.8715991898073
08HA002,1995,56.099998474121094,8.0,6.25,12.0,214.0,594.0,,"[[-1.150267021448276, 4.2272220957931035, 1.5384775371724138], [-0.6728175473793103, 5.9351799895862065, 2.631181221103448], [-0.46108549055172415, 7.319857128620689, 3.4293858190344824], [1.424297973724138, 9.960088527103448, 5.692193250413792], [4.823586691241379, 14.648922286551723, 9.736254488896552], [7.634087706, 17.606330831793105, 12.620209268896552], [9.831807524482757, 20.86123764972414, 15.346522587103447], [10.330830095793102, 21.393093422689656, 15.861961759241378], [7.840768501034482, 18.238369963655174, 13.039569232344828], [4.5065147791034486, 11.918294348896552, 8.212404564], [0.8703429304137932, 6.577742583517241, 3.7240427569655172], [-1.0833378026896552, 3.9095187759310344, 1.4130904866206895]]",0.0,0.0,614871599.1898072,572.5391895762283,490.3772022151755,29.0,2713.71642886062,,,,48.82590866088867,-124.05304718017578,614.8715991898073
08HA002,1996,43.099998474121094,9.0,6.610000133514403,1.0,171.0,594.0,,"[[-1.150267021448276, 4.2272220957931035, 1.5384775371724138], [-0.6728175473793103, 5.9351799895862065, 2.631181221103448], [-0.46108549055172415, 7.319857128620689, 3.4293858190344824], [1.424297973724138, 9.960088527103448, 5.692193250413792], [4.823586691241379, 14.648922286551723, 9.736254488896552], [7.634087706, 17.606330831793105, 12.620209268896552], [9.831807524482757, 20.86123764972414, 15.346522587103447], [10.330830095793102, 21.393093422689656, 15.861961759241378], [7.840768501034482, 18.238369963655174, 13.039569232344828], [4.5065147791034486, 11.918294348896552, 8.212404564], [0.8703429304137932, 6.577742583517241, 3.7240427569655172], [-1.0833378026896552, 3.9095187759310344, 1.4130904866206895]]",0.0,0.0,614871599.1898072,572.5391895762283,490.3772022151755,29.0,2713.71642886062,,,,48.82590866088867,-124.05304718017578,614.8715991898073
08HA002,1997,64.09999847412111,8.0,7.190000057220459,3.0,211.0,594.0,,"[[-1.150267021448276, 4.2272220957931035, 1.5384775371724138], [-0.6728175473793103, 5.9351799895862065, 2.631181221103448], [-0.46108549055172415, 7.319857128620689, 3.4293858190344824], [1.424297973724138, 9.960088527103448, 5.692193250413792], [4.823586691241379, 14.648922286551723, 9.736254488896552], [7.634087706, 17.606330831793105, 12.620209268896552], [9.831807524482757, 20.86123764972414, 15.346522587103447], [10.330830095793102, 21.393093422689656, 15.861961759241378], [7.840768501034482, 18.238369963655174, 13.039569232344828], [4.5065147791034486, 11.918294348896552, 8.212404564], [0.8703429304137932, 6.577742583517241, 3.7240427569655172], [-1.0833378026896552, 3.9095187759310344, 1.4130904866206895]]",0.0,0.0,614871599.1898072,572.5391895762283,490.3772022151755,29.0,2713.71642886062,,,,48.82590866088867,-124.05304718017578,614.8715991898073
08HA002,1998,47.70000076293945,9.0,5.800000190734862,1.0,196.0,594.0,,"[[-1.150267021448276, 4.2272220957931035, 1.5384775371724138], [-0.6728175473793103, 5.9351799895862065, 2.631181221103448], [-0.46108549055172415, 7.319857128620689, 3.4293858190344824], [1.424297973724138, 9.960088527103448, 5.692193250413792], [4.823586691241379, 14.648922286551723, 9.736254488896552], [7.634087706, 17.606330831793105, 12.620209268896552], [9.831807524482757, 20.86123764972414, 15.346522587103447], [10.330830095793102, 21.393093422689656, 15.861961759241378], [7.840768501034482, 18.238369963655174, 13.039569232344828], [4.5065147791034486, 11.918294348896552, 8.212404564], [0.8703429304137932, 6.577742583517241, 3.7240427569655172], [-1.0833378026896552, 3.9095187759310344, 1.4130904866206895]]",0.0,0.0,614871599.1898072,572.5391895762283,490.3772022151755,29.0,2713.71642886062,,,,48.82590866088867,-124.05304718017578,614.8715991898073
08HA002,1999,59.4000015258789,9.0,7.71999979019165,12.0,153.0,594.0,,"[[-1.150267021448276, 4.2272220957931035, 1.5384775371724138], [-0.6728175473793103, 5.9351799895862065, 2.631181221103448], [-0.46108549055172415, 7.319857128620689, 3.4293858190344824], [1.424297973724138, 9.960088527103448, 5.692193250413792], [4.823586691241379, 14.648922286551723, 9.736254488896552], [7.634087706, 17.606330831793105, 12.620209268896552], [9.831807524482757, 20.86123764972414, 15.346522587103447], [10.330830095793102, 21.393093422689656, 15.861961759241378], [7.840768501034482, 18.238369963655174, 13.039569232344828], [4.5065147791034486, 11.918294348896552, 8.212404564], [0.8703429304137932, 6.577742583517241, 3.7240427569655172], [-1.0833378026896552, 3.9095187759310344, 1.4130904866206895]]",0.0,0.0,614871599.1898072,572.5391895762283,490.3772022151755,29.0,2713.71642886062,,,,48.82590866088867,-124.05304718017578,614.8715991898073
08HA002,2000,33.0,9.0,6.71999979019165,,,594.0,,"[[-1.150267021448276, 4.2272220957931035, 1.5384775371724138], [-0.6728175473793103, 5.9351799895862065, 2.631181221103448], [-0.46108549055172415, 7.319857128620689, 3.4293858190344824], [1.424297973724138, 9.960088527103448, 5.692193250413792], [4.823586691241379, 14.648922286551723, 9.736254488896552], [7.634087706, 17.606330831793105, 12.620209268896552], [9.831807524482757, 20.86123764972414, 15.346522587103447], [10.330830095793102, 21.393093422689656, 15.861961759241378], [7.840768501034482, 18.238369963655174, 13.039569232344828], [4.5065147791034486, 11.918294348896552, 8.212404564], [0.8703429304137932, 6.577742583517241, 3.7240427569655172], [-1.0833378026896552, 3.9095187759310344, 1.4130904866206895]]",0.0,0.0,614871599.1898072,572.5391895762283,490.3772022151755,29.0,2713.71642886062,,,,48.82590866088867,-124.05304718017578,614.8715991898073
08HA002,2001,36.70000076293945,8.0,6.010000228881836,12.0,159.0,594.0,,"[[-1.150267021448276, 4.2272220957931035, 1.5384775371724138], [-0.6728175473793103, 5.9351799895862065, 2.631181221103448], [-0.46108549055172415, 7.319857128620689, 3.4293858190344824], [1.424297973724138, 9.960088527103448, 5.692193250413792], [4.823586691241379, 14.648922286551723, 9.736254488896552], [7.634087706, 17.606330831793105, 12.620209268896552], [9.831807524482757, 20.86123764972414, 15.346522587103447], [10.330830095793102, 21.393093422689656, 15.861961759241378], [7.840768501034482, 18.238369963655174, 13.039569232344828], [4.5065147791034486, 11.918294348896552, 8.212404564], [0.8703429304137932, 6.577742583517241, 3.7240427569655172], [-1.0833378026896552, 3.9095187759310344, 1.4130904866206895]]",0.0,0.0,614871599.1898072,572.5391895762283,490.3772022151755,29.0,2713.71642886062,,,,48.82590866088867,-124.05304718017578,614.8715991898073
08HA002,2002,43.29999923706055,11.0,6.5,1.0,207.0,594.0,,"[[-1.150267021448276, 4.2272220957931035, 1.5384775371724138], [-0.6728175473793103, 5.9351799895862065, 2.631181221103448], [-0.46108549055172415, 7.319857128620689, 3.4293858190344824], [1.424297973724138, 9.960088527103448, 5.692193250413792], [4.823586691241379, 14.648922286551723, 9.736254488896552], [7.634087706, 17.606330831793105, 12.620209268896552], [9.831807524482757, 20.86123764972414, 15.346522587103447], [10.330830095793102, 21.393093422689656, 15.861961759241378], [7.840768501034482, 18.238369963655174, 13.039569232344828], [4.5065147791034486, 11.918294348896552, 8.212404564], [0.8703429304137932, 6.577742583517241, 3.7240427569655172], [-1.0833378026896552, 3.9095187759310344, 1.4130904866206895]]",0.0,0.0,614871599.1898072,572.5391895762283,490.3772022151755,29.0,2713.71642886062,,,,48.82590866088867,-124.05304718017578,614.8715991898073
08HA002,2003,51.20000076293945,9.0,3.7999999523162837,10.0,219.0,594.0,,"[[-1.150267021448276, 4.2272220957931035, 1.5384775371724138], [-0.6728175473793103, 5.9351799895862065, 2.631181221103448], [-0.46108549055172415, 7.319857128620689, 3.4293858190344824], [1.424297973724138, 9.960088527103448, 5.692193250413792], [4.823586691241379, 14.648922286551723, 9.736254488896552], [7.634087706, 17.606330831793105, 12.620209268896552], [9.831807524482757, 20.86123764972414, 15.346522587103447], [10.330830095793102, 21.393093422689656, 15.861961759241378], [7.840768501034482, 18.238369963655174, 13.039569232344828], [4.5065147791034486, 11.918294348896552, 8.212404564], [0.8703429304137932, 6.577742583517241, 3.7240427569655172], [-1.0833378026896552, 3.9095187759310344, 1.4130904866206895]]",0.0,0.0,614871599.1898072,572.5391895762283,490.3772022151755,29.0,2713.71642886062,,,,48.82590866088867,-124.05304718017578,614.8715991898073
08HA002,2004,37.400001525878906,7.0,4.5900001525878915,12.0,130.0,594.0,,"[[-1.150267021448276, 4.2272220957931035, 1.5384775371724138], [-0.6728175473793103, 5.9351799895862065, 2.631181221103448], [-0.46108549055172415, 7.319857128620689, 3.4293858190344824], [1.424297973724138, 9.960088527103448, 5.692193250413792], [4.823586691241379, 14.648922286551723, 9.736254488896552], [7.634087706, 17.606330831793105, 12.620209268896552], [9.831807524482757, 20.86123764972414, 15.346522587103447], [10.330830095793102, 21.393093422689656, 15.861961759241378], [7.840768501034482, 18.238369963655174, 13.039569232344828], [4.5065147791034486, 11.918294348896552, 8.212404564], [0.8703429304137932, 6.577742583517241, 3.7240427569655172], [-1.0833378026896552, 3.9095187759310344, 1.4130904866206895]]",0.0,0.0,614871599.1898072,572.5391895762283,490.3772022151755,29.0,2713.71642886062,,,,48.82590866088867,-124.05304718017578,614.8715991898073
08HA002,2005,39.79999923706055,9.0,6.699999809265138,1.0,216.0,594.0,,"[[-1.150267021448276, 4.2272220957931035, 1.5384775371724138], [-0.6728175473793103, 5.9351799895862065, 2.631181221103448], [-0.46108549055172415, 7.319857128620689, 3.4293858190344824], [1.424297973724138, 9.960088527103448, 5.692193250413792], [4.823586691241379, 14.648922286551723, 9.736254488896552], [7.634087706, 17.606330831793105, 12.620209268896552], [9.831807524482757, 20.86123764972414, 15.346522587103447], [10.330830095793102, 21.393093422689656, 15.861961759241378], [7.840768501034482, 18.238369963655174, 13.039569232344828], [4.5065147791034486, 11.918294348896552, 8.212404564], [0.8703429304137932, 6.577742583517241, 3.7240427569655172], [-1.0833378026896552, 3.9095187759310344, 1.4130904866206895]]",0.0,0.0,614871599.1898072,572.5391895762283,490.3772022151755,29.0,2713.71642886062,,,,48.82590866088867,-124.05304718017578,614.8715991898073
08HA002,2006,55.20000076293945,9.0,3.490000009536743,11.0,233.0,594.0,,"[[-1.150267021448276, 4.2272220957931035, 1.5384775371724138], [-0.6728175473793103, 5.9351799895862065, 2.631181221103448], [-0.46108549055172415, 7.319857128620689, 3.4293858190344824], [1.424297973724138, 9.960088527103448, 5.692193250413792], [4.823586691241379, 14.648922286551723, 9.736254488896552], [7.634087706, 17.606330831793105, 12.620209268896552], [9.831807524482757, 20.86123764972414, 15.346522587103447], [10.330830095793102, 21.393093422689656, 15.861961759241378], [7.840768501034482, 18.238369963655174, 13.039569232344828], [4.5065147791034486, 11.918294348896552, 8.212404564], [0.8703429304137932, 6.577742583517241, 3.7240427569655172], [-1.0833378026896552, 3.9095187759310344, 1.4130904866206895]]",0.0,0.0,614871599.1898072,572.5391895762283,490.3772022151755,29.0,2713.71642886062,,,,48.82590866088867,-124.05304718017578,614.8715991898073
08HA002,2007,56.29999923706055,7.0,7.25,12.0,195.0,594.0,,"[[-1.150267021448276, 4.2272220957931035, 1.5384775371724138], [-0.6728175473793103, 5.9351799895862065, 2.631181221103448], [-0.46108549055172415, 7.319857128620689, 3.4293858190344824], [1.424297973724138, 9.960088527103448, 5.692193250413792], [4.823586691241379, 14.648922286551723, 9.736254488896552], [7.634087706, 17.606330831793105, 12.620209268896552], [9.831807524482757, 20.86123764972414, 15.346522587103447], [10.330830095793102, 21.393093422689656, 15.861961759241378], [7.840768501034482, 18.238369963655174, 13.039569232344828], [4.5065147791034486, 11.918294348896552, 8.212404564], [0.8703429304137932, 6.577742583517241, 3.7240427569655172], [-1.0833378026896552, 3.9095187759310344, 1.4130904866206895]]",0.0,0.0,614871599.1898072,572.5391895762283,490.3772022151755,29.0,2713.71642886062,,,,48.82590866088867,-124.05304718017578,614.8715991898073
08HA002,2008,33.400001525878906,8.0,6.4099998474121085,1.0,98.6999969482422,594.0,,"[[-1.150267021448276, 4.2272220957931035, 1.5384775371724138], [-0.6728175473793103, 5.9351799895862065, 2.631181221103448], [-0.46108549055172415, 7.319857128620689, 3.4293858190344824], [1.424297973724138, 9.960088527103448, 5.692193250413792], [4.823586691241379, 14.648922286551723, 9.736254488896552], [7.634087706, 17.606330831793105, 12.620209268896552], [9.831807524482757, 20.86123764972414, 15.346522587103447], [10.330830095793102, 21.393093422689656, 15.861961759241378], [7.840768501034482, 18.238369963655174, 13.039569232344828], [4.5065147791034486, 11.918294348896552, 8.212404564], [0.8703429304137932, 6.577742583517241, 3.7240427569655172], [-1.0833378026896552, 3.9095187759310344, 1.4130904866206895]]",0.0,0.0,614871599.1898072,572.5391895762283,490.3772022151755,29.0,2713.71642886062,,,,48.82590866088867,-124.05304718017578,614.8715991898073
08HA002,2009,40.70000076293945,9.0,5.619999885559082,11.0,231.0,594.0,,"[[-1.150267021448276, 4.2272220957931035, 1.5384775371724138], [-0.6728175473793103, 5.9351799895862065, 2.631181221103448], [-0.46108549055172415, 7.319857128620689, 3.4293858190344824], [1.424297973724138, 9.960088527103448, 5.692193250413792], [4.823586691241379, 14.648922286551723, 9.736254488896552], [7.634087706, 17.606330831793105, 12.620209268896552], [9.831807524482757, 20.86123764972414, 15.346522587103447], [10.330830095793102, 21.393093422689656, 15.861961759241378], [7.840768501034482, 18.238369963655174, 13.039569232344828], [4.5065147791034486, 11.918294348896552, 8.212404564], [0.8703429304137932, 6.577742583517241, 3.7240427569655172], [-1.0833378026896552, 3.9095187759310344, 1.4130904866206895]]",0.0,0.0,614871599.1898072,572.5391895762283,490.3772022151755,29.0,2713.71642886062,,,,48.82590866088867,-124.05304718017578,614.8715991898073
08HA002,2010,51.70000076293945,10.0,5.730000019073486,1.0,208.0,594.0,,"[[-1.150267021448276, 4.2272220957931035, 1.5384775371724138], [-0.6728175473793103, 5.9351799895862065, 2.631181221103448], [-0.46108549055172415, 7.319857128620689, 3.4293858190344824], [1.424297973724138, 9.960088527103448, 5.692193250413792], [4.823586691241379, 14.648922286551723, 9.736254488896552], [7.634087706, 17.606330831793105, 12.620209268896552], [9.831807524482757, 20.86123764972414, 15.346522587103447], [10.330830095793102, 21.393093422689656, 15.861961759241378], [7.840768501034482, 18.238369963655174, 13.039569232344828], [4.5065147791034486, 11.918294348896552, 8.212404564], [0.8703429304137932, 6.577742583517241, 3.7240427569655172], [-1.0833378026896552, 3.9095187759310344, 1.4130904866206895]]",0.0,0.0,614871599.1898072,572.5391895762283,490.3772022151755,29.0,2713.71642886062,,,,48.82590866088867,-124.05304718017578,614.8715991898073
08HA002,2011,48.79999923706055,8.0,6.9099998474121085,3.0,146.0,594.0,,"[[-1.150267021448276, 4.2272220957931035, 1.5384775371724138], [-0.6728175473793103, 5.9351799895862065, 2.631181221103448], [-0.46108549055172415, 7.319857128620689, 3.4293858190344824], [1.424297973724138, 9.960088527103448, 5.692193250413792], [4.823586691241379, 14.648922286551723, 9.736254488896552], [7.634087706, 17.606330831793105, 12.620209268896552], [9.831807524482757, 20.86123764972414, 15.346522587103447], [10.330830095793102, 21.393093422689656, 15.861961759241378], [7.840768501034482, 18.238369963655174, 13.039569232344828], [4.5065147791034486, 11.918294348896552, 8.212404564], [0.8703429304137932, 6.577742583517241, 3.7240427569655172], [-1.0833378026896552, 3.9095187759310344, 1.4130904866206895]]",0.0,0.0,614871599.1898072,572.5391895762283,490.3772022151755,29.0,2713.71642886062,,,,48.82590866088867,-124.05304718017578,614.8715991898073
08HA002,2012,48.79999923706055,10.0,4.710000038146973,12.0,147.0,594.0,,"[[-1.150267021448276, 4.2272220957931035, 1.5384775371724138], [-0.6728175473793103, 5.9351799895862065, 2.631181221103448], [-0.46108549055172415, 7.319857128620689, 3.4293858190344824], [1.424297973724138, 9.960088527103448, 5.692193250413792], [4.823586691241379, 14.648922286551723, 9.736254488896552], [7.634087706, 17.606330831793105, 12.620209268896552], [9.831807524482757, 20.86123764972414, 15.346522587103447], [10.330830095793102, 21.393093422689656, 15.861961759241378], [7.840768501034482, 18.238369963655174, 13.039569232344828], [4.5065147791034486, 11.918294348896552, 8.212404564], [0.8703429304137932, 6.577742583517241, 3.7240427569655172], [-1.0833378026896552, 3.9095187759310344, 1.4130904866206895]]",0.0,0.0,614871599.1898072,572.5391895762283,490.3772022151755,29.0,2713.71642886062,,,,48.82590866088867,-124.05304718017578,614.8715991898073
08HA002,2013,34.200000762939446,7.0,6.309999942779541,3.0,108.0,594.0,,"[[-1.150267021448276, 4.2272220957931035, 1.5384775371724138], [-0.6728175473793103, 5.9351799895862065, 2.631181221103448], [-0.46108549055172415, 7.319857128620689, 3.4293858190344824], [1.424297973724138, 9.960088527103448, 5.692193250413792], [4.823586691241379, 14.648922286551723, 9.736254488896552], [7.634087706, 17.606330831793105, 12.620209268896552], [9.831807524482757, 20.86123764972414, 15.346522587103447], [10.330830095793102, 21.393093422689656, 15.861961759241378], [7.840768501034482, 18.238369963655174, 13.039569232344828], [4.5065147791034486, 11.918294348896552, 8.212404564], [0.8703429304137932, 6.577742583517241, 3.7240427569655172], [-1.0833378026896552, 3.9095187759310344, 1.4130904866206895]]",0.0,0.0,614871599.1898072,572.5391895762283,490.3772022151755,29.0,2713.71642886062,,,,48.82590866088867,-124.05304718017578,614.8715991898073
08HA002,2014,44.29999923706055,8.0,4.420000076293945,12.0,190.0,594.0,,"[[-1.150267021448276, 4.2272220957931035, 1.5384775371724138], [-0.6728175473793103, 5.9351799895862065, 2.631181221103448], [-0.46108549055172415, 7.319857128620689, 3.4293858190344824], [1.424297973724138, 9.960088527103448, 5.692193250413792], [4.823586691241379, 14.648922286551723, 9.736254488896552], [7.634087706, 17.606330831793105, 12.620209268896552], [9.831807524482757, 20.86123764972414, 15.346522587103447], [10.330830095793102, 21.393093422689656, 15.861961759241378], [7.840768501034482, 18.238369963655174, 13.039569232344828], [4.5065147791034486, 11.918294348896552, 8.212404564], [0.8703429304137932, 6.577742583517241, 3.7240427569655172], [-1.0833378026896552, 3.9095187759310344, 1.4130904866206895]]",0.0,0.0,614871599.1898072,572.5391895762283,490.3772022151755,29.0,2713.71642886062,,,,48.82590866088867,-124.05304718017578,614.8715991898073
08HA002,2015,44.0,8.0,4.2800002098083505,12.0,214.0,594.0,,"[[-1.150267021448276, 4.2272220957931035, 1.5384775371724138], [-0.6728175473793103, 5.9351799895862065, 2.631181221103448], [-0.46108549055172415, 7.319857128620689, 3.4293858190344824], [1.424297973724138, 9.960088527103448, 5.692193250413792], [4.823586691241379, 14.648922286551723, 9.736254488896552], [7.634087706, 17.606330831793105, 12.620209268896552], [9.831807524482757, 20.86123764972414, 15.346522587103447], [10.330830095793102, 21.393093422689656, 15.861961759241378], [7.840768501034482, 18.238369963655174, 13.039569232344828], [4.5065147791034486, 11.918294348896552, 8.212404564], [0.8703429304137932, 6.577742583517241, 3.7240427569655172], [-1.0833378026896552, 3.9095187759310344, 1.4130904866206895]]",0.0,0.0,614871599.1898072,572.5391895762283,490.3772022151755,29.0,2713.71642886062,,,,48.82590866088867,-124.05304718017578,614.8715991898073
08HA002,2016,52.4000015258789,8.0,4.199999809265137,1.0,173.0,594.0,,"[[-1.150267021448276, 4.2272220957931035, 1.5384775371724138], [-0.6728175473793103, 5.9351799895862065, 2.631181221103448], [-0.46108549055172415, 7.319857128620689, 3.4293858190344824], [1.424297973724138, 9.960088527103448, 5.692193250413792], [4.823586691241379, 14.648922286551723, 9.736254488896552], [7.634087706, 17.606330831793105, 12.620209268896552], [9.831807524482757, 20.86123764972414, 15.346522587103447], [10.330830095793102, 21.393093422689656, 15.861961759241378], [7.840768501034482, 18.238369963655174, 13.039569232344828], [4.5065147791034486, 11.918294348896552, 8.212404564], [0.8703429304137932, 6.577742583517241, 3.7240427569655172], [-1.0833378026896552, 3.9095187759310344, 1.4130904866206895]]",0.0,0.0,614871599.1898072,572.5391895762283,490.3772022151755,29.0,2713.71642886062,,,,48.82590866088867,-124.05304718017578,614.8715991898073
08HA002,2017,51.099998474121094,7.0,6.329999923706055,11.0,228.0,594.0,,"[[-1.150267021448276, 4.2272220957931035, 1.5384775371724138], [-0.6728175473793103, 5.9351799895862065, 2.631181221103448], [-0.46108549055172415, 7.319857128620689, 3.4293858190344824], [1.424297973724138, 9.960088527103448, 5.692193250413792], [4.823586691241379, 14.648922286551723, 9.736254488896552], [7.634087706, 17.606330831793105, 12.620209268896552], [9.831807524482757, 20.86123764972414, 15.346522587103447], [10.330830095793102, 21.393093422689656, 15.861961759241378], [7.840768501034482, 18.238369963655174, 13.039569232344828], [4.5065147791034486, 11.918294348896552, 8.212404564], [0.8703429304137932, 6.577742583517241, 3.7240427569655172], [-1.0833378026896552, 3.9095187759310344, 1.4130904866206895]]",0.0,0.0,614871599.1898072,572.5391895762283,490.3772022151755,29.0,2713.71642886062,,,,48.82590866088867,-124.05304718017578,614.8715991898073
08HA002,2018,46.70000076293945,9.0,4.5,12.0,213.0,594.0,,"[[-1.150267021448276, 4.2272220957931035, 1.5384775371724138], [-0.6728175473793103, 5.9351799895862065, 2.631181221103448], [-0.46108549055172415, 7.319857128620689, 3.4293858190344824], [1.424297973724138, 9.960088527103448, 5.692193250413792], [4.823586691241379, 14.648922286551723, 9.736254488896552], [7.634087706, 17.606330831793105, 12.620209268896552], [9.831807524482757, 20.86123764972414, 15.346522587103447], [10.330830095793102, 21.393093422689656, 15.861961759241378], [7.840768501034482, 18.238369963655174, 13.039569232344828], [4.5065147791034486, 11.918294348896552, 8.212404564], [0.8703429304137932, 6.577742583517241, 3.7240427569655172], [-1.0833378026896552, 3.9095187759310344, 1.4130904866206895]]",0.0,0.0,614871599.1898072,572.5391895762283,490.3772022151755,29.0,2713.71642886062,,,,48.82590866088867,-124.05304718017578,614.8715991898073
08HA068,2011,0.3840000033378601,9.0,0.30000001192092896,12.0,0.7360000014305115,2.880000114440918,20.413633167817817,"[[-0.67139688, 4.458685644, 1.893644382], [-0.195315456, 5.993743056, 2.8992137999999996], [-0.119020356, 7.130540046, 3.505759845], [1.64797416, 9.504843557999997, 5.576408858999999], [4.8828864, 13.919278043999999, 9.401082222], [7.510489644, 16.7086269, 12.109558272], [9.658959659999999, 19.748223684, 14.703591671999998], [10.209810282, 20.318911032000003, 15.264360657000001], [7.936216302, 17.515829058, 12.72602268], [4.7150371799999995, 11.648735868, 8.181886524], [1.211566188, 6.66056223, 3.936064209], [-0.6881818019999999, 4.136720322, 1.7242692600000002]]",0.0,0.0,1678139.400225461,569.4957844377711,486.8901766230739,29.0,2903.22062174479,282.9034749034749,355.7566012786778,0.7103523157768945,48.57835006713867,-124.10572052001952,1.6781394002254608
08HA068,2012,0.3849999904632568,9.0,0.29899999499320984,1.0,0.7969999909400941,2.880000114440918,20.413633167817817,"[[-0.67139688, 4.458685644, 1.893644382], [-0.195315456, 5.993743056, 2.8992137999999996], [-0.119020356, 7.130540046, 3.505759845], [1.64797416, 9.504843557999997, 5.576408858999999], [4.8828864, 13.919278043999999, 9.401082222], [7.510489644, 16.7086269, 12.109558272], [9.658959659999999, 19.748223684, 14.703591671999998], [10.209810282, 20.318911032000003, 15.264360657000001], [7.936216302, 17.515829058, 12.72602268], [4.7150371799999995, 11.648735868, 8.181886524], [1.211566188, 6.66056223, 3.936064209], [-0.6881818019999999, 4.136720322, 1.7242692600000002]]",0.0,0.0,1678139.400225461,569.4957844377711,486.8901766230739,29.0,2903.22062174479,282.9034749034749,355.7566012786778,0.7103523157768945,48.57835006713867,-124.10572052001952,1.6781394002254608
08HA068,2015,0.37700000405311584,8.0,0.2939999997615814,2.0,0.781000018119812,2.880000114440918,20.413633167817817,"[[-0.67139688, 4.458685644, 1.893644382], [-0.195315456, 5.993743056, 2.8992137999999996], [-0.119020356, 7.130540046, 3.505759845], [1.64797416, 9.504843557999997, 5.576408858999999], [4.8828864, 13.919278043999999, 9.401082222], [7.510489644, 16.7086269, 12.109558272], [9.658959659999999, 19.748223684, 14.703591671999998], [10.209810282, 20.318911032000003, 15.264360657000001], [7.936216302, 17.515829058, 12.72602268], [4.7150371799999995, 11.648735868, 8.181886524], [1.211566188, 6.66056223, 3.936064209], [-0.6881818019999999, 4.136720322, 1.7242692600000002]]",0.0,0.0,1678139.400225461,569.4957844377711,486.8901766230739,29.0,2903.22062174479,282.9034749034749,355.7566012786778,0.7103523157768945,48.57835006713867,-124.10572052001952,1.6781394002254608
08HA068,2017,0.3799999952316284,8.0,0.2919999957084656,11.0,0.7889999747276306,2.880000114440918,20.413633167817817,"[[-0.67139688, 4.458685644, 1.893644382], [-0.195315456, 5.993743056, 2.8992137999999996], [-0.119020356, 7.130540046, 3.505759845], [1.64797416, 9.504843557999997, 5.576408858999999], [4.8828864, 13.919278043999999, 9.401082222], [7.510489644, 16.7086269, 12.109558272], [9.658959659999999, 19.748223684, 14.703591671999998], [10.209810282, 20.318911032000003, 15.264360657000001], [7.936216302, 17.515829058, 12.72602268], [4.7150371799999995, 11.648735868, 8.181886524], [1.211566188, 6.66056223, 3.936064209], [-0.6881818019999999, 4.136720322, 1.7242692600000002]]",0.0,0.0,1678139.400225461,569.4957844377711,486.8901766230739,29.0,2903.22062174479,282.9034749034749,355.7566012786778,0.7103523157768945,48.57835006713867,-124.10572052001952,1.6781394002254608
08HA068,2018,0.3740000128746033,8.0,0.2960000038146973,1.0,0.7889999747276306,2.880000114440918,20.413633167817817,"[[-0.67139688, 4.458685644, 1.893644382], [-0.195315456, 5.993743056, 2.8992137999999996], [-0.119020356, 7.130540046, 3.505759845], [1.64797416, 9.504843557999997, 5.576408858999999], [4.8828864, 13.919278043999999, 9.401082222], [7.510489644, 16.7086269, 12.109558272], [9.658959659999999, 19.748223684, 14.703591671999998], [10.209810282, 20.318911032000003, 15.264360657000001], [7.936216302, 17.515829058, 12.72602268], [4.7150371799999995, 11.648735868, 8.181886524], [1.211566188, 6.66056223, 3.936064209], [-0.6881818019999999, 4.136720322, 1.7242692600000002]]",0.0,0.0,1678139.400225461,569.4957844377711,486.8901766230739,29.0,2903.22062174479,282.9034749034749,355.7566012786778,0.7103523157768945,48.57835006713867,-124.10572052001952,1.6781394002254608
08HA068,1997,0.31700000166893005,8.0,0.016000000759959217,3.0,5.559999942779541,2.880000114440918,20.413633167817817,"[[-0.67139688, 4.458685644, 1.893644382], [-0.195315456, 5.993743056, 2.8992137999999996], [-0.119020356, 7.130540046, 3.505759845], [1.64797416, 9.504843557999997, 5.576408858999999], [4.8828864, 13.919278043999999, 9.401082222], [7.510489644, 16.7086269, 12.109558272], [9.658959659999999, 19.748223684, 14.703591671999998], [10.209810282, 20.318911032000003, 15.264360657000001], [7.936216302, 17.515829058, 12.72602268], [4.7150371799999995, 11.648735868, 8.181886524], [1.211566188, 6.66056223, 3.936064209], [-0.6881818019999999, 4.136720322, 1.7242692600000002]]",0.0,0.0,1678139.400225461,569.4957844377711,486.8901766230739,29.0,2903.22062174479,282.9034749034749,355.7566012786778,0.7103523157768945,48.57835006713867,-124.10572052001952,1.6781394002254608
08HA068,1998,0.2460000067949295,9.0,0.008000000379979609,12.0,4.5900001525878915,2.880000114440918,20.413633167817817,"[[-0.67139688, 4.458685644, 1.893644382], [-0.195315456, 5.993743056, 2.8992137999999996], [-0.119020356, 7.130540046, 3.505759845], [1.64797416, 9.504843557999997, 5.576408858999999], [4.8828864, 13.919278043999999, 9.401082222], [7.510489644, 16.7086269, 12.109558272], [9.658959659999999, 19.748223684, 14.703591671999998], [10.209810282, 20.318911032000003, 15.264360657000001], [7.936216302, 17.515829058, 12.72602268], [4.7150371799999995, 11.648735868, 8.181886524], [1.211566188, 6.66056223, 3.936064209], [-0.6881818019999999, 4.136720322, 1.7242692600000002]]",0.0,0.0,1678139.400225461,569.4957844377711,486.8901766230739,29.0,2903.22062174479,282.9034749034749,355.7566012786778,0.7103523157768945,48.57835006713867,-124.10572052001952,1.6781394002254608
08HA068,1999,0.2960000038146973,10.0,0.004999999888241291,1.0,5.119999885559082,2.880000114440918,20.413633167817817,"[[-0.67139688, 4.458685644, 1.893644382], [-0.195315456, 5.993743056, 2.8992137999999996], [-0.119020356, 7.130540046, 3.505759845], [1.64797416, 9.504843557999997, 5.576408858999999], [4.8828864, 13.919278043999999, 9.401082222], [7.510489644, 16.7086269, 12.109558272], [9.658959659999999, 19.748223684, 14.703591671999998], [10.209810282, 20.318911032000003, 15.264360657000001], [7.936216302, 17.515829058, 12.72602268], [4.7150371799999995, 11.648735868, 8.181886524], [1.211566188, 6.66056223, 3.936064209], [-0.6881818019999999, 4.136720322, 1.7242692600000002]]",0.0,0.0,1678139.400225461,569.4957844377711,486.8901766230739,29.0,2903.22062174479,282.9034749034749,355.7566012786778,0.7103523157768945,48.57835006713867,-124.10572052001952,1.6781394002254608
08HA068,2000,0.1289999932050705,8.0,0.0070000002160668364,12.0,2.690000057220459,2.880000114440918,20.413633167817817,"[[-0.67139688, 4.458685644, 1.893644382], [-0.195315456, 5.993743056, 2.8992137999999996], [-0.119020356, 7.130540046, 3.505759845], [1.64797416, 9.504843557999997, 5.576408858999999], [4.8828864, 13.919278043999999, 9.401082222], [7.510489644, 16.7086269, 12.109558272], [9.658959659999999, 19.748223684, 14.703591671999998], [10.209810282, 20.318911032000003, 15.264360657000001], [7.936216302, 17.515829058, 12.72602268], [4.7150371799999995, 11.648735868, 8.181886524], [1.211566188, 6.66056223, 3.936064209], [-0.6881818019999999, 4.136720322, 1.7242692600000002]]",0.0,0.0,1678139.400225461,569.4957844377711,486.8901766230739,29.0,2903.22062174479,282.9034749034749,355.7566012786778,0.7103523157768945,48.57835006713867,-124.10572052001952,1.6781394002254608
08HA068,2001,0.1770000010728836,7.0,0.008000000379979609,12.0,6.289999961853027,2.880000114440918,20.413633167817817,"[[-0.67139688, 4.458685644, 1.893644382], [-0.195315456, 5.993743056, 2.8992137999999996], [-0.119020356, 7.130540046, 3.505759845], [1.64797416, 9.504843557999997, 5.576408858999999], [4.8828864, 13.919278043999999, 9.401082222], [7.510489644, 16.7086269, 12.109558272], [9.658959659999999, 19.748223684, 14.703591671999998], [10.209810282, 20.318911032000003, 15.264360657000001], [7.936216302, 17.515829058, 12.72602268], [4.7150371799999995, 11.648735868, 8.181886524], [1.211566188, 6.66056223, 3.936064209], [-0.6881818019999999, 4.136720322, 1.7242692600000002]]",0.0,0.0,1678139.400225461,569.4957844377711,486.8901766230739,29.0,2903.22062174479,282.9034749034749,355.7566012786778,0.7103523157768945,48.57835006713867,-124.10572052001952,1.6781394002254608
08HA068,2002,0.21299999952316284,8.0,0.006000000052154064,1.0,5.03000020980835,2.880000114440918,20.413633167817817,"[[-0.67139688, 4.458685644, 1.893644382], [-0.195315456, 5.993743056, 2.8992137999999996], [-0.119020356, 7.130540046, 3.505759845], [1.64797416, 9.504843557999997, 5.576408858999999], [4.8828864, 13.919278043999999, 9.401082222], [7.510489644, 16.7086269, 12.109558272], [9.658959659999999, 19.748223684, 14.703591671999998], [10.209810282, 20.318911032000003, 15.264360657000001], [7.936216302, 17.515829058, 12.72602268], [4.7150371799999995, 11.648735868, 8.181886524], [1.211566188, 6.66056223, 3.936064209], [-0.6881818019999999, 4.136720322, 1.7242692600000002]]",0.0,0.0,1678139.400225461,569.4957844377711,486.8901766230739,29.0,2903.22062174479,282.9034749034749,355.7566012786778,0.7103523157768945,48.57835006713867,-124.10572052001952,1.6781394002254608
08HA068,2003,0.2590000033378601,8.0,0.004000000189989804,10.0,5.28000020980835,2.880000114440918,20.413633167817817,"[[-0.67139688, 4.458685644, 1.893644382], [-0.195315456, 5.993743056, 2.8992137999999996], [-0.119020356, 7.130540046, 3.505759845], [1.64797416, 9.504843557999997, 5.576408858999999], [4.8828864, 13.919278043999999, 9.401082222], [7.510489644, 16.7086269, 12.109558272], [9.658959659999999, 19.748223684, 14.703591671999998], [10.209810282, 20.318911032000003, 15.264360657000001], [7.936216302, 17.515829058, 12.72602268], [4.7150371799999995, 11.648735868, 8.181886524], [1.211566188, 6.66056223, 3.936064209], [-0.6881818019999999, 4.136720322, 1.7242692600000002]]",0.0,0.0,1678139.400225461,569.4957844377711,486.8901766230739,29.0,2903.22062174479,282.9034749034749,355.7566012786778,0.7103523157768945,48.57835006713867,-124.10572052001952,1.6781394002254608
08HA068,2004,0.17499999701976776,8.0,0.006000000052154064,12.0,5.570000171661377,2.880000114440918,20.413633167817817,"[[-0.67139688, 4.458685644, 1.893644382], [-0.195315456, 5.993743056, 2.8992137999999996], [-0.119020356, 7.130540046, 3.505759845], [1.64797416, 9.504843557999997, 5.576408858999999], [4.8828864, 13.919278043999999, 9.401082222], [7.510489644, 16.7086269, 12.109558272], [9.658959659999999, 19.748223684, 14.703591671999998], [10.209810282, 20.318911032000003, 15.264360657000001], [7.936216302, 17.515829058, 12.72602268], [4.7150371799999995, 11.648735868, 8.181886524], [1.211566188, 6.66056223, 3.936064209], [-0.6881818019999999, 4.136720322, 1.7242692600000002]]",0.0,0.0,1678139.400225461,569.4957844377711,486.8901766230739,29.0,2903.22062174479,282.9034749034749,355.7566012786778,0.7103523157768945,48.57835006713867,-124.10572052001952,1.6781394002254608
08HA068,2005,0.21299999952316284,9.0,0.0070000002160668364,1.0,5.3400001525878915,2.880000114440918,20.413633167817817,"[[-0.67139688, 4.458685644, 1.893644382], [-0.195315456, 5.993743056, 2.8992137999999996], [-0.119020356, 7.130540046, 3.505759845], [1.64797416, 9.504843557999997, 5.576408858999999], [4.8828864, 13.919278043999999, 9.401082222], [7.510489644, 16.7086269, 12.109558272], [9.658959659999999, 19.748223684, 14.703591671999998], [10.209810282, 20.318911032000003, 15.264360657000001], [7.936216302, 17.515829058, 12.72602268], [4.7150371799999995, 11.648735868, 8.181886524], [1.211566188, 6.66056223, 3.936064209], [-0.6881818019999999, 4.136720322, 1.7242692600000002]]",0.0,0.0,1678139.400225461,569.4957844377711,486.8901766230739,29.0,2903.22062174479,282.9034749034749,355.7566012786778,0.7103523157768945,48.57835006713867,-124.10572052001952,1.6781394002254608
08HA068,2006,0.2590000033378601,9.0,0.006000000052154064,11.0,8.329999923706055,2.880000114440918,20.413633167817817,"[[-0.67139688, 4.458685644, 1.893644382], [-0.195315456, 5.993743056, 2.8992137999999996], [-0.119020356, 7.130540046, 3.505759845], [1.64797416, 9.504843557999997, 5.576408858999999], [4.8828864, 13.919278043999999, 9.401082222], [7.510489644, 16.7086269, 12.109558272], [9.658959659999999, 19.748223684, 14.703591671999998], [10.209810282, 20.318911032000003, 15.264360657000001], [7.936216302, 17.515829058, 12.72602268], [4.7150371799999995, 11.648735868, 8.181886524], [1.211566188, 6.66056223, 3.936064209], [-0.6881818019999999, 4.136720322, 1.7242692600000002]]",0.0,0.0,1678139.400225461,569.4957844377711,486.8901766230739,29.0,2903.22062174479,282.9034749034749,355.7566012786778,0.7103523157768945,48.57835006713867,-124.10572052001952,1.6781394002254608
08HA068,2007,0.2720000147819519,9.0,0.010999999940395357,3.0,7.059999942779541,2.880000114440918,20.413633167817817,"[[-0.67139688, 4.458685644, 1.893644382], [-0.195315456, 5.993743056, 2.8992137999999996], [-0.119020356, 7.130540046, 3.505759845], [1.64797416, 9.504843557999997, 5.576408858999999], [4.8828864, 13.919278043999999, 9.401082222], [7.510489644, 16.7086269, 12.109558272], [9.658959659999999, 19.748223684, 14.703591671999998], [10.209810282, 20.318911032000003, 15.264360657000001], [7.936216302, 17.515829058, 12.72602268], [4.7150371799999995, 11.648735868, 8.181886524], [1.211566188, 6.66056223, 3.936064209], [-0.6881818019999999, 4.136720322, 1.7242692600000002]]",0.0,0.0,1678139.400225461,569.4957844377711,486.8901766230739,29.0,2903.22062174479,282.9034749034749,355.7566012786778,0.7103523157768945,48.57835006713867,-124.10572052001952,1.6781394002254608
08HA068,2008,0.1469999998807907,9.0,0.014000000432133676,11.0,1.2100000381469729,2.880000114440918,20.413633167817817,"[[-0.67139688, 4.458685644, 1.893644382], [-0.195315456, 5.993743056, 2.8992137999999996], [-0.119020356, 7.130540046, 3.505759845], [1.64797416, 9.504843557999997, 5.576408858999999], [4.8828864, 13.919278043999999, 9.401082222], [7.510489644, 16.7086269, 12.109558272], [9.658959659999999, 19.748223684, 14.703591671999998], [10.209810282, 20.318911032000003, 15.264360657000001], [7.936216302, 17.515829058, 12.72602268], [4.7150371799999995, 11.648735868, 8.181886524], [1.211566188, 6.66056223, 3.936064209], [-0.6881818019999999, 4.136720322, 1.7242692600000002]]",0.0,0.0,1678139.400225461,569.4957844377711,486.8901766230739,29.0,2903.22062174479,282.9034749034749,355.7566012786778,0.7103523157768945,48.57835006713867,-124.10572052001952,1.6781394002254608
08HA068,2009,0.19699999690055847,7.0,0.004999999888241291,11.0,4.710000038146973,2.880000114440918,20.413633167817817,"[[-0.67139688, 4.458685644, 1.893644382], [-0.195315456, 5.993743056, 2.8992137999999996], [-0.119020356, 7.130540046, 3.505759845], [1.64797416, 9.504843557999997, 5.576408858999999], [4.8828864, 13.919278043999999, 9.401082222], [7.510489644, 16.7086269, 12.109558272], [9.658959659999999, 19.748223684, 14.703591671999998], [10.209810282, 20.318911032000003, 15.264360657000001], [7.936216302, 17.515829058, 12.72602268], [4.7150371799999995, 11.648735868, 8.181886524], [1.211566188, 6.66056223, 3.936064209], [-0.6881818019999999, 4.136720322, 1.7242692600000002]]",0.0,0.0,1678139.400225461,569.4957844377711,486.8901766230739,29.0,2903.22062174479,282.9034749034749,355.7566012786778,0.7103523157768945,48.57835006713867,-124.10572052001952,1.6781394002254608
08HA068,2010,0.19099999964237213,9.0,0.008000000379979609,1.0,3.869999885559082,2.880000114440918,20.413633167817817,"[[-0.67139688, 4.458685644, 1.893644382], [-0.195315456, 5.993743056, 2.8992137999999996], [-0.119020356, 7.130540046, 3.505759845], [1.64797416, 9.504843557999997, 5.576408858999999], [4.8828864, 13.919278043999999, 9.401082222], [7.510489644, 16.7086269, 12.109558272], [9.658959659999999, 19.748223684, 14.703591671999998], [10.209810282, 20.318911032000003, 15.264360657000001], [7.936216302, 17.515829058, 12.72602268], [4.7150371799999995, 11.648735868, 8.181886524], [1.211566188, 6.66056223, 3.936064209], [-0.6881818019999999, 4.136720322, 1.7242692600000002]]",0.0,0.0,1678139.400225461,569.4957844377711,486.8901766230739,29.0,2903.22062174479,282.9034749034749,355.7566012786778,0.7103523157768945,48.57835006713867,-124.10572052001952,1.6781394002254608
08HA068,2011,0.1899999976158142,8.0,0.004000000189989804,11.0,2.8499999046325684,2.880000114440918,20.413633167817817,"[[-0.67139688, 4.458685644, 1.893644382], [-0.195315456, 5.993743056, 2.8992137999999996], [-0.119020356, 7.130540046, 3.505759845], [1.64797416, 9.504843557999997, 5.576408858999999], [4.8828864, 13.919278043999999, 9.401082222], [7.510489644, 16.7086269, 12.109558272], [9.658959659999999, 19.748223684, 14.703591671999998], [10.209810282, 20.318911032000003, 15.264360657000001], [7.936216302, 17.515829058, 12.72602268], [4.7150371799999995, 11.648735868, 8.181886524], [1.211566188, 6.66056223, 3.936064209], [-0.6881818019999999, 4.136720322, 1.7242692600000002]]",0.0,0.0,1678139.400225461,569.4957844377711,486.8901766230739,29.0,2903.22062174479,282.9034749034749,355.7566012786778,0.7103523157768945,48.57835006713867,-124.10572052001952,1.6781394002254608
08HA068,2012,0.18400000035762787,9.0,0.004999999888241291,1.0,3.8199999332427983,2.880000114440918,20.413633167817817,"[[-0.67139688, 4.458685644, 1.893644382], [-0.195315456, 5.993743056, 2.8992137999999996], [-0.119020356, 7.130540046, 3.505759845], [1.64797416, 9.504843557999997, 5.576408858999999], [4.8828864, 13.919278043999999, 9.401082222], [7.510489644, 16.7086269, 12.109558272], [9.658959659999999, 19.748223684, 14.703591671999998], [10.209810282, 20.318911032000003, 15.264360657000001], [7.936216302, 17.515829058, 12.72602268], [4.7150371799999995, 11.648735868, 8.181886524], [1.211566188, 6.66056223, 3.936064209], [-0.6881818019999999, 4.136720322, 1.7242692600000002]]",0.0,0.0,1678139.400225461,569.4957844377711,486.8901766230739,29.0,2903.22062174479,282.9034749034749,355.7566012786778,0.7103523157768945,48.57835006713867,-124.10572052001952,1.6781394002254608
08HA068,2013,0.13500000536441806,9.0,0.004000000189989804,3.0,3.1500000953674316,2.880000114440918,20.413633167817817,"[[-0.67139688, 4.458685644, 1.893644382], [-0.195315456, 5.993743056, 2.8992137999999996], [-0.119020356, 7.130540046, 3.505759845], [1.64797416, 9.504843557999997, 5.576408858999999], [4.8828864, 13.919278043999999, 9.401082222], [7.510489644, 16.7086269, 12.109558272], [9.658959659999999, 19.748223684, 14.703591671999998], [10.209810282, 20.318911032000003, 15.264360657000001], [7.936216302, 17.515829058, 12.72602268], [4.7150371799999995, 11.648735868, 8.181886524], [1.211566188, 6.66056223, 3.936064209], [-0.6881818019999999, 4.136720322, 1.7242692600000002]]",0.0,0.0,1678139.400225461,569.4957844377711,486.8901766230739,29.0,2903.22062174479,282.9034749034749,355.7566012786778,0.7103523157768945,48.57835006713867,-124.10572052001952,1.6781394002254608
08HA068,2014,0.18700000643730166,8.0,0.003000000026077032,1.0,2.5399999618530282,2.880000114440918,20.413633167817817,"[[-0.67139688, 4.458685644, 1.893644382], [-0.195315456, 5.993743056, 2.8992137999999996], [-0.119020356, 7.130540046, 3.505759845], [1.64797416, 9.504843557999997, 5.576408858999999], [4.8828864, 13.919278043999999, 9.401082222], [7.510489644, 16.7086269, 12.109558272], [9.658959659999999, 19.748223684, 14.703591671999998], [10.209810282, 20.318911032000003, 15.264360657000001], [7.936216302, 17.515829058, 12.72602268], [4.7150371799999995, 11.648735868, 8.181886524], [1.211566188, 6.66056223, 3.936064209], [-0.6881818019999999, 4.136720322, 1.7242692600000002]]",0.0,0.0,1678139.400225461,569.4957844377711,486.8901766230739,29.0,2903.22062174479,282.9034749034749,355.7566012786778,0.7103523157768945,48.57835006713867,-124.10572052001952,1.6781394002254608
08HA068,2015,0.17299999296665192,8.0,0.002000000094994902,11.0,2.5999999046325684,2.880000114440918,20.413633167817817,"[[-0.67139688, 4.458685644, 1.893644382], [-0.195315456, 5.993743056, 2.8992137999999996], [-0.119020356, 7.130540046, 3.505759845], [1.64797416, 9.504843557999997, 5.576408858999999], [4.8828864, 13.919278043999999, 9.401082222], [7.510489644, 16.7086269, 12.109558272], [9.658959659999999, 19.748223684, 14.703591671999998], [10.209810282, 20.318911032000003, 15.264360657000001], [7.936216302, 17.515829058, 12.72602268], [4.7150371799999995, 11.648735868, 8.181886524], [1.211566188, 6.66056223, 3.936064209], [-0.6881818019999999, 4.136720322, 1.7242692600000002]]",0.0,0.0,1678139.400225461,569.4957844377711,486.8901766230739,29.0,2903.22062174479,282.9034749034749,355.7566012786778,0.7103523157768945,48.57835006713867,-124.10572052001952,1.6781394002254608
08HA068,2016,0.2029999941587448,8.0,0.003000000026077032,1.0,2.4100000858306885,2.880000114440918,20.413633167817817,"[[-0.67139688, 4.458685644, 1.893644382], [-0.195315456, 5.993743056, 2.8992137999999996], [-0.119020356, 7.130540046, 3.505759845], [1.64797416, 9.504843557999997, 5.576408858999999], [4.8828864, 13.919278043999999, 9.401082222], [7.510489644, 16.7086269, 12.109558272], [9.658959659999999, 19.748223684, 14.703591671999998], [10.209810282, 20.318911032000003, 15.264360657000001], [7.936216302, 17.515829058, 12.72602268], [4.7150371799999995, 11.648735868, 8.181886524], [1.211566188, 6.66056223, 3.936064209], [-0.6881818019999999, 4.136720322, 1.7242692600000002]]",0.0,0.0,1678139.400225461,569.4957844377711,486.8901766230739,29.0,2903.22062174479,282.9034749034749,355.7566012786778,0.7103523157768945,48.57835006713867,-124.10572052001952,1.6781394002254608
08HA068,2017,0.20000000298023224,8.0,0.001000000047497451,11.0,3.25,2.880000114440918,20.413633167817817,"[[-0.67139688, 4.458685644, 1.893644382], [-0.195315456, 5.993743056, 2.8992137999999996], [-0.119020356, 7.130540046, 3.505759845], [1.64797416, 9.504843557999997, 5.576408858999999], [4.8828864, 13.919278043999999, 9.401082222], [7.510489644, 16.7086269, 12.109558272], [9.658959659999999, 19.748223684, 14.703591671999998], [10.209810282, 20.318911032000003, 15.264360657000001], [7.936216302, 17.515829058, 12.72602268], [4.7150371799999995, 11.648735868, 8.181886524], [1.211566188, 6.66056223, 3.936064209], [-0.6881818019999999, 4.136720322, 1.7242692600000002]]",0.0,0.0,1678139.400225461,569.4957844377711,486.8901766230739,29.0,2903.22062174479,282.9034749034749,355.7566012786778,0.7103523157768945,48.57835006713867,-124.10572052001952,1.6781394002254608
08HA068,2018,0.1770000010728836,8.0,0.002000000094994902,1.0,2.5699999332427983,2.880000114440918,20.413633167817817,"[[-0.67139688, 4.458685644, 1.893644382], [-0.195315456, 5.993743056, 2.8992137999999996], [-0.119020356, 7.130540046, 3.505759845], [1.64797416, 9.504843557999997, 5.576408858999999], [4.8828864, 13.919278043999999, 9.401082222], [7.510489644, 16.7086269, 12.109558272], [9.658959659999999, 19.748223684, 14.703591671999998], [10.209810282, 20.318911032000003, 15.264360657000001], [7.936216302, 17.515829058, 12.72602268], [4.7150371799999995, 11.648735868, 8.181886524], [1.211566188, 6.66056223, 3.936064209], [-0.6881818019999999, 4.136720322, 1.7242692600000002]]",0.0,0.0,1678139.400225461,569.4957844377711,486.8901766230739,29.0,2903.22062174479,282.9034749034749,355.7566012786778,0.7103523157768945,48.57835006713867,-124.10572052001952,1.6781394002254608
08HA069,2011,1.4290000200271606,8.0,1.1660000085830688,11.0,2.1410000324249268,8.119999885559082,12.329398190995756,"[[-0.3677423819999999, 4.873222353999999, 2.2527399859999995], [0.067648322, 6.491695742, 3.279672032], [0.210065842, 7.778539762, 3.994302802], [1.953663194, 10.197603066, 6.07563313], [5.20078265, 14.531164746, 9.865973698], [7.8446621819999995, 17.232011286000002, 12.538336734000001], [9.894457202, 20.192261165999998, 15.043359184], [10.412246613999999, 20.782276606, 15.59726161], [8.138652633999998, 18.05396383, 13.096308231999998], [5.003432658, 12.212810973999998, 8.608121815999999], [1.560997746, 7.192593393999999, 4.37679557], [-0.33824161, 4.5995772619999995, 2.130667826]]",0.0,0.0,11113479.132427227,581.1400751663383,500.0100786885901,29.0,3568.10225423177,583.9473189087488,82.60030200345548,0.7123927308425486,48.63674926757813,-124.29171752929688,11.113479132427228
08HA069,2013,1.4010000228881836,8.0,1.1399999856948853,3.0,2.369999885559082,8.119999885559082,12.329398190995756,"[[-0.3677423819999999, 4.873222353999999, 2.2527399859999995], [0.067648322, 6.491695742, 3.279672032], [0.210065842, 7.778539762, 3.994302802], [1.953663194, 10.197603066, 6.07563313], [5.20078265, 14.531164746, 9.865973698], [7.8446621819999995, 17.232011286000002, 12.538336734000001], [9.894457202, 20.192261165999998, 15.043359184], [10.412246613999999, 20.782276606, 15.59726161], [8.138652633999998, 18.05396383, 13.096308231999998], [5.003432658, 12.212810973999998, 8.608121815999999], [1.560997746, 7.192593393999999, 4.37679557], [-0.33824161, 4.5995772619999995, 2.130667826]]",0.0,0.0,11113479.132427227,581.1400751663383,500.0100786885901,29.0,3568.10225423177,583.9473189087488,82.60030200345548,0.7123927308425486,48.63674926757813,-124.29171752929688,11.113479132427228
08HA069,2014,1.3980000019073486,9.0,1.125,11.0,2.194000005722046,8.119999885559082,12.329398190995756,"[[-0.3677423819999999, 4.873222353999999, 2.2527399859999995], [0.067648322, 6.491695742, 3.279672032], [0.210065842, 7.778539762, 3.994302802], [1.953663194, 10.197603066, 6.07563313], [5.20078265, 14.531164746, 9.865973698], [7.8446621819999995, 17.232011286000002, 12.538336734000001], [9.894457202, 20.192261165999998, 15.043359184], [10.412246613999999, 20.782276606, 15.59726161], [8.138652633999998, 18.05396383, 13.096308231999998], [5.003432658, 12.212810973999998, 8.608121815999999], [1.560997746, 7.192593393999999, 4.37679557], [-0.33824161, 4.5995772619999995, 2.130667826]]",0.0,0.0,11113479.132427227,581.1400751663383,500.0100786885901,29.0,3568.10225423177,583.9473189087488,82.60030200345548,0.7123927308425486,48.63674926757813,-124.29171752929688,11.113479132427228
08HA069,2015,1.3880000114440918,8.0,1.1260000467300415,8.0,2.16599988937378,8.119999885559082,12.329398190995756,"[[-0.3677423819999999, 4.873222353999999, 2.2527399859999995], [0.067648322, 6.491695742, 3.279672032], [0.210065842, 7.778539762, 3.994302802], [1.953663194, 10.197603066, 6.07563313], [5.20078265, 14.531164746, 9.865973698], [7.8446621819999995, 17.232011286000002, 12.538336734000001], [9.894457202, 20.192261165999998, 15.043359184], [10.412246613999999, 20.782276606, 15.59726161], [8.138652633999998, 18.05396383, 13.096308231999998], [5.003432658, 12.212810973999998, 8.608121815999999], [1.560997746, 7.192593393999999, 4.37679557], [-0.33824161, 4.5995772619999995, 2.130667826]]",0.0,0.0,11113479.132427227,581.1400751663383,500.0100786885901,29.0,3568.10225423177,583.9473189087488,82.60030200345548,0.7123927308425486,48.63674926757813,-124.29171752929688,11.113479132427228
08HA069,2016,1.4179999828338623,8.0,1.128000020980835,11.0,2.1300001144409184,8.119999885559082,12.329398190995756,"[[-0.3677423819999999, 4.873222353999999, 2.2527399859999995], [0.067648322, 6.491695742, 3.279672032], [0.210065842, 7.778539762, 3.994302802], [1.953663194, 10.197603066, 6.07563313], [5.20078265, 14.531164746, 9.865973698], [7.8446621819999995, 17.232011286000002, 12.538336734000001], [9.894457202, 20.192261165999998, 15.043359184], [10.412246613999999, 20.782276606, 15.59726161], [8.138652633999998, 18.05396383, 13.096308231999998], [5.003432658, 12.212810973999998, 8.608121815999999], [1.560997746, 7.192593393999999, 4.37679557], [-0.33824161, 4.5995772619999995, 2.130667826]]",0.0,0.0,11113479.132427227,581.1400751663383,500.0100786885901,29.0,3568.10225423177,583.9473189087488,82.60030200345548,0.7123927308425486,48.63674926757813,-124.29171752929688,11.113479132427228
08HA069,2017,1.4199999570846558,9.0,1.1269999742507937,11.0,2.21399998664856,8.119999885559082,12.329398190995756,"[[-0.3677423819999999, 4.873222353999999, 2.2527399859999995], [0.067648322, 6.491695742, 3.279672032], [0.210065842, 7.778539762, 3.994302802], [1.953663194, 10.197603066, 6.07563313], [5.20078265, 14.531164746, 9.865973698], [7.8446621819999995, 17.232011286000002, 12.538336734000001], [9.894457202, 20.192261165999998, 15.043359184], [10.412246613999999, 20.782276606, 15.59726161], [8.138652633999998, 18.05396383, 13.096308231999998], [5.003432658, 12.212810973999998, 8.608121815999999], [1.560997746, 7.192593393999999, 4.37679557], [-0.33824161, 4.5995772619999995, 2.130667826]]",0.0,0.0,11113479.132427227,581.1400751663383,500.0100786885901,29.0,3568.10225423177,583.9473189087488,82.60030200345548,0.7123927308425486,48.63674926757813,-124.29171752929688,11.113479132427228
08HA069,2018,1.4110000133514404,9.0,1.090999960899353,11.0,2.2809998989105225,8.119999885559082,12.329398190995756,"[[-0.3677423819999999, 4.873222353999999, 2.2527399859999995], [0.067648322, 6.491695742, 3.279672032], [0.210065842, 7.778539762, 3.994302802], [1.953663194, 10.197603066, 6.07563313], [5.20078265, 14.531164746, 9.865973698], [7.8446621819999995, 17.232011286000002, 12.538336734000001], [9.894457202, 20.192261165999998, 15.043359184], [10.412246613999999, 20.782276606, 15.59726161], [8.138652633999998, 18.05396383, 13.096308231999998], [5.003432658, 12.212810973999998, 8.608121815999999], [1.560997746, 7.192593393999999, 4.37679557], [-0.33824161, 4.5995772619999995, 2.130667826]]",0.0,0.0,11113479.132427227,581.1400751663383,500.0100786885901,29.0,3568.10225423177,583.9473189087488,82.60030200345548,0.7123927308425486,48.63674926757813,-124.29171752929688,11.113479132427228
08HA069,1997,2.1300001144409184,8.0,0.023000000044703484,3.0,43.79999923706055,8.119999885559082,12.329398190995756,"[[-0.3677423819999999, 4.873222353999999, 2.2527399859999995], [0.067648322, 6.491695742, 3.279672032], [0.210065842, 7.778539762, 3.994302802], [1.953663194, 10.197603066, 6.07563313], [5.20078265, 14.531164746, 9.865973698], [7.8446621819999995, 17.232011286000002, 12.538336734000001], [9.894457202, 20.192261165999998, 15.043359184], [10.412246613999999, 20.782276606, 15.59726161], [8.138652633999998, 18.05396383, 13.096308231999998], [5.003432658, 12.212810973999998, 8.608121815999999], [1.560997746, 7.192593393999999, 4.37679557], [-0.33824161, 4.5995772619999995, 2.130667826]]",0.0,0.0,11113479.132427227,581.1400751663383,500.0100786885901,29.0,3568.10225423177,583.9473189087488,82.60030200345548,0.7123927308425486,48.63674926757813,-124.29171752929688,11.113479132427228
08HA069,1998,1.4900000095367432,9.0,0.023000000044703484,12.0,28.0,8.119999885559082,12.329398190995756,"[[-0.3677423819999999, 4.873222353999999, 2.2527399859999995], [0.067648322, 6.491695742, 3.279672032], [0.210065842, 7.778539762, 3.994302802], [1.953663194, 10.197603066, 6.07563313], [5.20078265, 14.531164746, 9.865973698], [7.8446621819999995, 17.232011286000002, 12.538336734000001], [9.894457202, 20.192261165999998, 15.043359184], [10.412246613999999, 20.782276606, 15.59726161], [8.138652633999998, 18.05396383, 13.096308231999998], [5.003432658, 12.212810973999998, 8.608121815999999], [1.560997746, 7.192593393999999, 4.37679557], [-0.33824161, 4.5995772619999995, 2.130667826]]",0.0,0.0,11113479.132427227,581.1400751663383,500.0100786885901,29.0,3568.10225423177,583.9473189087488,82.60030200345548,0.7123927308425486,48.63674926757813,-124.29171752929688,11.113479132427228
08HA069,1999,1.9500000476837158,9.0,0.07999999821186066,1.0,23.60000038146973,8.119999885559082,12.329398190995756,"[[-0.3677423819999999, 4.873222353999999, 2.2527399859999995], [0.067648322, 6.491695742, 3.279672032], [0.210065842, 7.778539762, 3.994302802], [1.953663194, 10.197603066, 6.07563313], [5.20078265, 14.531164746, 9.865973698], [7.8446621819999995, 17.232011286000002, 12.538336734000001], [9.894457202, 20.192261165999998, 15.043359184], [10.412246613999999, 20.782276606, 15.59726161], [8.138652633999998, 18.05396383, 13.096308231999998], [5.003432658, 12.212810973999998, 8.608121815999999], [1.560997746, 7.192593393999999, 4.37679557], [-0.33824161, 4.5995772619999995, 2.130667826]]",0.0,0.0,11113479.132427227,581.1400751663383,500.0100786885901,29.0,3568.10225423177,583.9473189087488,82.60030200345548,0.7123927308425486,48.63674926757813,-124.29171752929688,11.113479132427228
08HA069,2000,1.149999976158142,7.0,0.07599999755620956,12.0,19.0,8.119999885559082,12.329398190995756,"[[-0.3677423819999999, 4.873222353999999, 2.2527399859999995], [0.067648322, 6.491695742, 3.279672032], [0.210065842, 7.778539762, 3.994302802], [1.953663194, 10.197603066, 6.07563313], [5.20078265, 14.531164746, 9.865973698], [7.8446621819999995, 17.232011286000002, 12.538336734000001], [9.894457202, 20.192261165999998, 15.043359184], [10.412246613999999, 20.782276606, 15.59726161], [8.138652633999998, 18.05396383, 13.096308231999998], [5.003432658, 12.212810973999998, 8.608121815999999], [1.560997746, 7.192593393999999, 4.37679557], [-0.33824161, 4.5995772619999995, 2.130667826]]",0.0,0.0,11113479.132427227,581.1400751663383,500.0100786885901,29.0,3568.10225423177,583.9473189087488,82.60030200345548,0.7123927308425486,48.63674926757813,-124.29171752929688,11.113479132427228
08HA069,2001,1.3700000047683716,7.0,0.03999999910593033,12.0,31.70000076293945,8.119999885559082,12.329398190995756,"[[-0.3677423819999999, 4.873222353999999, 2.2527399859999995], [0.067648322, 6.491695742, 3.279672032], [0.210065842, 7.778539762, 3.994302802], [1.953663194, 10.197603066, 6.07563313], [5.20078265, 14.531164746, 9.865973698], [7.8446621819999995, 17.232011286000002, 12.538336734000001], [9.894457202, 20.192261165999998, 15.043359184], [10.412246613999999, 20.782276606, 15.59726161], [8.138652633999998, 18.05396383, 13.096308231999998], [5.003432658, 12.212810973999998, 8.608121815999999], [1.560997746, 7.192593393999999, 4.37679557], [-0.33824161, 4.5995772619999995, 2.130667826]]",0.0,0.0,11113479.132427227,581.1400751663383,500.0100786885901,29.0,3568.10225423177,583.9473189087488,82.60030200345548,0.7123927308425486,48.63674926757813,-124.29171752929688,11.113479132427228
08HA069,2002,1.690000057220459,8.0,0.03500000014901161,1.0,35.79999923706055,8.119999885559082,12.329398190995756,"[[-0.3677423819999999, 4.873222353999999, 2.2527399859999995], [0.067648322, 6.491695742, 3.279672032], [0.210065842, 7.778539762, 3.994302802], [1.953663194, 10.197603066, 6.07563313], [5.20078265, 14.531164746, 9.865973698], [7.8446621819999995, 17.232011286000002, 12.538336734000001], [9.894457202, 20.192261165999998, 15.043359184], [10.412246613999999, 20.782276606, 15.59726161], [8.138652633999998, 18.05396383, 13.096308231999998], [5.003432658, 12.212810973999998, 8.608121815999999], [1.560997746, 7.192593393999999, 4.37679557], [-0.33824161, 4.5995772619999995, 2.130667826]]",0.0,0.0,11113479.132427227,581.1400751663383,500.0100786885901,29.0,3568.10225423177,583.9473189087488,82.60030200345548,0.7123927308425486,48.63674926757813,-124.29171752929688,11.113479132427228
08HA069,2003,1.820000052452088,9.0,0.023000000044703484,10.0,29.10000038146973,8.119999885559082,12.329398190995756,"[[-0.3677423819999999, 4.873222353999999, 2.2527399859999995], [0.067648322, 6.491695742, 3.279672032], [0.210065842, 7.778539762, 3.994302802], [1.953663194, 10.197603066, 6.07563313], [5.20078265, 14.531164746, 9.865973698], [7.8446621819999995, 17.232011286000002, 12.538336734000001], [9.894457202, 20.192261165999998, 15.043359184], [10.412246613999999, 20.782276606, 15.59726161], [8.138652633999998, 18.05396383, 13.096308231999998], [5.003432658, 12.212810973999998, 8.608121815999999], [1.560997746, 7.192593393999999, 4.37679557], [-0.33824161, 4.5995772619999995, 2.130667826]]",0.0,0.0,11113479.132427227,581.1400751663383,500.0100786885901,29.0,3568.10225423177,583.9473189087488,82.60030200345548,0.7123927308425486,48.63674926757813,-124.29171752929688,11.113479132427228
08HA069,2004,1.2200000286102295,8.0,0.04199999943375588,12.0,31.899999618530284,8.119999885559082,12.329398190995756,"[[-0.3677423819999999, 4.873222353999999, 2.2527399859999995], [0.067648322, 6.491695742, 3.279672032], [0.210065842, 7.778539762, 3.994302802], [1.953663194, 10.197603066, 6.07563313], [5.20078265, 14.531164746, 9.865973698], [7.8446621819999995, 17.232011286000002, 12.538336734000001], [9.894457202, 20.192261165999998, 15.043359184], [10.412246613999999, 20.782276606, 15.59726161], [8.138652633999998, 18.05396383, 13.096308231999998], [5.003432658, 12.212810973999998, 8.608121815999999], [1.560997746, 7.192593393999999, 4.37679557], [-0.33824161, 4.5995772619999995, 2.130667826]]",0.0,0.0,11113479.132427227,581.1400751663383,500.0100786885901,29.0,3568.10225423177,583.9473189087488,82.60030200345548,0.7123927308425486,48.63674926757813,-124.29171752929688,11.113479132427228
08HA069,2006,1.7999999523162842,9.0,0.032000001519918435,11.0,38.599998474121094,8.119999885559082,12.329398190995756,"[[-0.3677423819999999, 4.873222353999999, 2.2527399859999995], [0.067648322, 6.491695742, 3.279672032], [0.210065842, 7.778539762, 3.994302802], [1.953663194, 10.197603066, 6.07563313], [5.20078265, 14.531164746, 9.865973698], [7.8446621819999995, 17.232011286000002, 12.538336734000001], [9.894457202, 20.192261165999998, 15.043359184], [10.412246613999999, 20.782276606, 15.59726161], [8.138652633999998, 18.05396383, 13.096308231999998], [5.003432658, 12.212810973999998, 8.608121815999999], [1.560997746, 7.192593393999999, 4.37679557], [-0.33824161, 4.5995772619999995, 2.130667826]]",0.0,0.0,11113479.132427227,581.1400751663383,500.0100786885901,29.0,3568.10225423177,583.9473189087488,82.60030200345548,0.7123927308425486,48.63674926757813,-124.29171752929688,11.113479132427228
08HA069,2007,2.1099998950958248,9.0,0.027000000700354576,12.0,68.0,8.119999885559082,12.329398190995756,"[[-0.3677423819999999, 4.873222353999999, 2.2527399859999995], [0.067648322, 6.491695742, 3.279672032], [0.210065842, 7.778539762, 3.994302802], [1.953663194, 10.197603066, 6.07563313], [5.20078265, 14.531164746, 9.865973698], [7.8446621819999995, 17.232011286000002, 12.538336734000001], [9.894457202, 20.192261165999998, 15.043359184], [10.412246613999999, 20.782276606, 15.59726161], [8.138652633999998, 18.05396383, 13.096308231999998], [5.003432658, 12.212810973999998, 8.608121815999999], [1.560997746, 7.192593393999999, 4.37679557], [-0.33824161, 4.5995772619999995, 2.130667826]]",0.0,0.0,11113479.132427227,581.1400751663383,500.0100786885901,29.0,3568.10225423177,583.9473189087488,82.60030200345548,0.7123927308425486,48.63674926757813,-124.29171752929688,11.113479132427228
08HA069,2009,1.5700000524520874,8.0,0.039000000804662704,11.0,23.899999618530284,8.119999885559082,12.329398190995756,"[[-0.3677423819999999, 4.873222353999999, 2.2527399859999995], [0.067648322, 6.491695742, 3.279672032], [0.210065842, 7.778539762, 3.994302802], [1.953663194, 10.197603066, 6.07563313], [5.20078265, 14.531164746, 9.865973698], [7.8446621819999995, 17.232011286000002, 12.538336734000001], [9.894457202, 20.192261165999998, 15.043359184], [10.412246613999999, 20.782276606, 15.59726161], [8.138652633999998, 18.05396383, 13.096308231999998], [5.003432658, 12.212810973999998, 8.608121815999999], [1.560997746, 7.192593393999999, 4.37679557], [-0.33824161, 4.5995772619999995, 2.130667826]]",0.0,0.0,11113479.132427227,581.1400751663383,500.0100786885901,29.0,3568.10225423177,583.9473189087488,82.60030200345548,0.7123927308425486,48.63674926757813,-124.29171752929688,11.113479132427228
08HA069,2010,1.6299999952316284,8.0,0.029999999329447743,1.0,20.799999237060547,8.119999885559082,12.329398190995756,"[[-0.3677423819999999, 4.873222353999999, 2.2527399859999995], [0.067648322, 6.491695742, 3.279672032], [0.210065842, 7.778539762, 3.994302802], [1.953663194, 10.197603066, 6.07563313], [5.20078265, 14.531164746, 9.865973698], [7.8446621819999995, 17.232011286000002, 12.538336734000001], [9.894457202, 20.192261165999998, 15.043359184], [10.412246613999999, 20.782276606, 15.59726161], [8.138652633999998, 18.05396383, 13.096308231999998], [5.003432658, 12.212810973999998, 8.608121815999999], [1.560997746, 7.192593393999999, 4.37679557], [-0.33824161, 4.5995772619999995, 2.130667826]]",0.0,0.0,11113479.132427227,581.1400751663383,500.0100786885901,29.0,3568.10225423177,583.9473189087488,82.60030200345548,0.7123927308425486,48.63674926757813,-124.29171752929688,11.113479132427228
08HA069,2011,1.6100000143051147,9.0,0.050999999046325684,11.0,22.5,8.119999885559082,12.329398190995756,"[[-0.3677423819999999, 4.873222353999999, 2.2527399859999995], [0.067648322, 6.491695742, 3.279672032], [0.210065842, 7.778539762, 3.994302802], [1.953663194, 10.197603066, 6.07563313], [5.20078265, 14.531164746, 9.865973698], [7.8446621819999995, 17.232011286000002, 12.538336734000001], [9.894457202, 20.192261165999998, 15.043359184], [10.412246613999999, 20.782276606, 15.59726161], [8.138652633999998, 18.05396383, 13.096308231999998], [5.003432658, 12.212810973999998, 8.608121815999999], [1.560997746, 7.192593393999999, 4.37679557], [-0.33824161, 4.5995772619999995, 2.130667826]]",0.0,0.0,11113479.132427227,581.1400751663383,500.0100786885901,29.0,3568.10225423177,583.9473189087488,82.60030200345548,0.7123927308425486,48.63674926757813,-124.29171752929688,11.113479132427228
08HA069,2012,1.5499999523162842,10.0,0.017999999225139618,1.0,31.399999618530284,8.119999885559082,12.329398190995756,"[[-0.3677423819999999, 4.873222353999999, 2.2527399859999995], [0.067648322, 6.491695742, 3.279672032], [0.210065842, 7.778539762, 3.994302802], [1.953663194, 10.197603066, 6.07563313], [5.20078265, 14.531164746, 9.865973698], [7.8446621819999995, 17.232011286000002, 12.538336734000001], [9.894457202, 20.192261165999998, 15.043359184], [10.412246613999999, 20.782276606, 15.59726161], [8.138652633999998, 18.05396383, 13.096308231999998], [5.003432658, 12.212810973999998, 8.608121815999999], [1.560997746, 7.192593393999999, 4.37679557], [-0.33824161, 4.5995772619999995, 2.130667826]]",0.0,0.0,11113479.132427227,581.1400751663383,500.0100786885901,29.0,3568.10225423177,583.9473189087488,82.60030200345548,0.7123927308425486,48.63674926757813,-124.29171752929688,11.113479132427228
08HA069,2013,1.309999942779541,8.0,0.027000000700354576,3.0,38.79999923706055,8.119999885559082,12.329398190995756,"[[-0.3677423819999999, 4.873222353999999, 2.2527399859999995], [0.067648322, 6.491695742, 3.279672032], [0.210065842, 7.778539762, 3.994302802], [1.953663194, 10.197603066, 6.07563313], [5.20078265, 14.531164746, 9.865973698], [7.8446621819999995, 17.232011286000002, 12.538336734000001], [9.894457202, 20.192261165999998, 15.043359184], [10.412246613999999, 20.782276606, 15.59726161], [8.138652633999998, 18.05396383, 13.096308231999998], [5.003432658, 12.212810973999998, 8.608121815999999], [1.560997746, 7.192593393999999, 4.37679557], [-0.33824161, 4.5995772619999995, 2.130667826]]",0.0,0.0,11113479.132427227,581.1400751663383,500.0100786885901,29.0,3568.10225423177,583.9473189087488,82.60030200345548,0.7123927308425486,48.63674926757813,-124.29171752929688,11.113479132427228
08HA069,2014,1.440000057220459,9.0,0.014999999664723871,11.0,22.899999618530284,8.119999885559082,12.329398190995756,"[[-0.3677423819999999, 4.873222353999999, 2.2527399859999995], [0.067648322, 6.491695742, 3.279672032], [0.210065842, 7.778539762, 3.994302802], [1.953663194, 10.197603066, 6.07563313], [5.20078265, 14.531164746, 9.865973698], [7.8446621819999995, 17.232011286000002, 12.538336734000001], [9.894457202, 20.192261165999998, 15.043359184], [10.412246613999999, 20.782276606, 15.59726161], [8.138652633999998, 18.05396383, 13.096308231999998], [5.003432658, 12.212810973999998, 8.608121815999999], [1.560997746, 7.192593393999999, 4.37679557], [-0.33824161, 4.5995772619999995, 2.130667826]]",0.0,0.0,11113479.132427227,581.1400751663383,500.0100786885901,29.0,3568.10225423177,583.9473189087488,82.60030200345548,0.7123927308425486,48.63674926757813,-124.29171752929688,11.113479132427228
08HA069,2015,1.6000000238418581,8.0,0.01899999938905239,11.0,22.399999618530284,8.119999885559082,12.329398190995756,"[[-0.3677423819999999, 4.873222353999999, 2.2527399859999995], [0.067648322, 6.491695742, 3.279672032], [0.210065842, 7.778539762, 3.994302802], [1.953663194, 10.197603066, 6.07563313], [5.20078265, 14.531164746, 9.865973698], [7.8446621819999995, 17.232011286000002, 12.538336734000001], [9.894457202, 20.192261165999998, 15.043359184], [10.412246613999999, 20.782276606, 15.59726161], [8.138652633999998, 18.05396383, 13.096308231999998], [5.003432658, 12.212810973999998, 8.608121815999999], [1.560997746, 7.192593393999999, 4.37679557], [-0.33824161, 4.5995772619999995, 2.130667826]]",0.0,0.0,11113479.132427227,581.1400751663383,500.0100786885901,29.0,3568.10225423177,583.9473189087488,82.60030200345548,0.7123927308425486,48.63674926757813,-124.29171752929688,11.113479132427228
08HA069,2016,1.7200000286102295,8.0,0.019999999552965164,1.0,20.89999961853028,8.119999885559082,12.329398190995756,"[[-0.3677423819999999, 4.873222353999999, 2.2527399859999995], [0.067648322, 6.491695742, 3.279672032], [0.210065842, 7.778539762, 3.994302802], [1.953663194, 10.197603066, 6.07563313], [5.20078265, 14.531164746, 9.865973698], [7.8446621819999995, 17.232011286000002, 12.538336734000001], [9.894457202, 20.192261165999998, 15.043359184], [10.412246613999999, 20.782276606, 15.59726161], [8.138652633999998, 18.05396383, 13.096308231999998], [5.003432658, 12.212810973999998, 8.608121815999999], [1.560997746, 7.192593393999999, 4.37679557], [-0.33824161, 4.5995772619999995, 2.130667826]]",0.0,0.0,11113479.132427227,581.1400751663383,500.0100786885901,29.0,3568.10225423177,583.9473189087488,82.60030200345548,0.7123927308425486,48.63674926757813,-124.29171752929688,11.113479132427228
08HA069,2017,1.690000057220459,9.0,0.017999999225139618,11.0,26.399999618530284,8.119999885559082,12.329398190995756,"[[-0.3677423819999999, 4.873222353999999, 2.2527399859999995], [0.067648322, 6.491695742, 3.279672032], [0.210065842, 7.778539762, 3.994302802], [1.953663194, 10.197603066, 6.07563313], [5.20078265, 14.531164746, 9.865973698], [7.8446621819999995, 17.232011286000002, 12.538336734000001], [9.894457202, 20.192261165999998, 15.043359184], [10.412246613999999, 20.782276606, 15.59726161], [8.138652633999998, 18.05396383, 13.096308231999998], [5.003432658, 12.212810973999998, 8.608121815999999], [1.560997746, 7.192593393999999, 4.37679557], [-0.33824161, 4.5995772619999995, 2.130667826]]",0.0,0.0,11113479.132427227,581.1400751663383,500.0100786885901,29.0,3568.10225423177,583.9473189087488,82.60030200345548,0.7123927308425486,48.63674926757813,-124.29171752929688,11.113479132427228
08HA069,2018,1.5299999713897705,9.0,0.016000000759959217,11.0,28.29999923706055,8.119999885559082,12.329398190995756,"[[-0.3677423819999999, 4.873222353999999, 2.2527399859999995], [0.067648322, 6.491695742, 3.279672032], [0.210065842, 7.778539762, 3.994302802], [1.953663194, 10.197603066, 6.07563313], [5.20078265, 14.531164746, 9.865973698], [7.8446621819999995, 17.232011286000002, 12.538336734000001], [9.894457202, 20.192261165999998, 15.043359184], [10.412246613999999, 20.782276606, 15.59726161], [8.138652633999998, 18.05396383, 13.096308231999998], [5.003432658, 12.212810973999998, 8.608121815999999], [1.560997746, 7.192593393999999, 4.37679557], [-0.33824161, 4.5995772619999995, 2.130667826]]",0.0,0.0,11113479.132427227,581.1400751663383,500.0100786885901,29.0,3568.10225423177,583.9473189087488,82.60030200345548,0.7123927308425486,48.63674926757813,-124.29171752929688,11.113479132427228
08HA070,2011,1.562000036239624,9.0,1.2769999504089355,11.0,2.9059998989105225,28.0,6.913890157566813,,0.0,0.0,28442996.19780737,,,29.0,3424.7001859224797,595.8450674536257,102.50041747090056,0.10929590352029957,48.71937942504883,-124.2260513305664,28.442996197807368
08HA070,2012,1.559000015258789,9.0,1.2699999809265137,1.0,2.757999897003174,28.0,6.913890157566813,,0.0,0.0,28442996.19780737,,,29.0,3424.7001859224797,595.8450674536257,102.50041747090056,0.10929590352029957,48.71937942504883,-124.2260513305664,28.442996197807368
08HA070,2013,1.5160000324249268,8.0,1.2790000438690186,3.0,2.5250000953674316,28.0,6.913890157566813,,0.0,0.0,28442996.19780737,,,29.0,3424.7001859224797,595.8450674536257,102.50041747090056,0.10929590352029957,48.71937942504883,-124.2260513305664,28.442996197807368
08HA070,2016,1.5299999713897705,8.0,1.2599999904632568,11.0,2.368000030517578,28.0,6.913890157566813,,0.0,0.0,28442996.19780737,,,29.0,3424.7001859224797,595.8450674536257,102.50041747090056,0.10929590352029957,48.71937942504883,-124.2260513305664,28.442996197807368
08HA070,2017,1.5310000181198118,9.0,1.2619999647140503,1.0,2.492000102996826,28.0,6.913890157566813,,0.0,0.0,28442996.19780737,,,29.0,3424.7001859224797,595.8450674536257,102.50041747090056,0.10929590352029957,48.71937942504883,-124.2260513305664,28.442996197807368
08HA070,2018,1.5310000181198118,8.0,1.2660000324249268,1.0,2.3910000324249268,28.0,6.913890157566813,,0.0,0.0,28442996.19780737,,,29.0,3424.7001859224797,595.8450674536257,102.50041747090056,0.10929590352029957,48.71937942504883,-124.2260513305664,28.442996197807368
08HA070,1997,4.6599998474121085,8.0,0.10899999737739564,3.0,99.5999984741211,28.0,6.913890157566813,,0.0,0.0,28442996.19780737,,,29.0,3424.7001859224797,595.8450674536257,102.50041747090056,0.10929590352029957,48.71937942504883,-124.2260513305664,28.442996197807368
08HA070,1998,4.0900001525878915,9.0,0.05799999833106995,12.0,93.9000015258789,28.0,6.913890157566813,,0.0,0.0,28442996.19780737,,,29.0,3424.7001859224797,595.8450674536257,102.50041747090056,0.10929590352029957,48.71937942504883,-124.2260513305664,28.442996197807368
08HA070,1999,3.869999885559082,9.0,0.09200000017881392,1.0,48.79999923706055,28.0,6.913890157566813,,0.0,0.0,28442996.19780737,,,29.0,3424.7001859224797,595.8450674536257,102.50041747090056,0.10929590352029957,48.71937942504883,-124.2260513305664,28.442996197807368
08HA070,2000,2.1700000762939453,9.0,0.11299999803304672,10.0,23.10000038146973,28.0,6.913890157566813,,0.0,0.0,28442996.19780737,,,29.0,3424.7001859224797,595.8450674536257,102.50041747090056,0.10929590352029957,48.71937942504883,-124.2260513305664,28.442996197807368
08HA070,2001,2.390000104904175,8.0,0.10300000011920928,12.0,40.29999923706055,28.0,6.913890157566813,,0.0,0.0,28442996.19780737,,,29.0,3424.7001859224797,595.8450674536257,102.50041747090056,0.10929590352029957,48.71937942504883,-124.2260513305664,28.442996197807368
08HA070,2002,2.6700000762939453,9.0,0.045000001788139336,1.0,50.4000015258789,28.0,6.913890157566813,,0.0,0.0,28442996.19780737,,,29.0,3424.7001859224797,595.8450674536257,102.50041747090056,0.10929590352029957,48.71937942504883,-124.2260513305664,28.442996197807368
08HA070,2003,3.240000009536743,10.0,0.035999998450279236,1.0,44.70000076293945,28.0,6.913890157566813,,0.0,0.0,28442996.19780737,,,29.0,3424.7001859224797,595.8450674536257,102.50041747090056,0.10929590352029957,48.71937942504883,-124.2260513305664,28.442996197807368
08HA070,2004,2.25,8.0,0.03500000014901161,12.0,50.099998474121094,28.0,6.913890157566813,,0.0,0.0,28442996.19780737,,,29.0,3424.7001859224797,595.8450674536257,102.50041747090056,0.10929590352029957,48.71937942504883,-124.2260513305664,28.442996197807368
08HA070,2007,3.8499999046325684,9.0,0.1379999965429306,12.0,95.5,28.0,6.913890157566813,,0.0,0.0,28442996.19780737,,,29.0,3424.7001859224797,595.8450674536257,102.50041747090056,0.10929590352029957,48.71937942504883,-124.2260513305664,28.442996197807368
08HA070,2008,2.1800000667572017,7.0,0.14100000262260434,11.0,31.5,28.0,6.913890157566813,,0.0,0.0,28442996.19780737,,,29.0,3424.7001859224797,595.8450674536257,102.50041747090056,0.10929590352029957,48.71937942504883,-124.2260513305664,28.442996197807368
08HA070,2009,2.9800000190734863,9.0,0.05400000140070915,11.0,55.20000076293945,28.0,6.913890157566813,,0.0,0.0,28442996.19780737,,,29.0,3424.7001859224797,595.8450674536257,102.50041747090056,0.10929590352029957,48.71937942504883,-124.2260513305664,28.442996197807368
08HA070,2010,3.7999999523162837,8.0,0.032000001519918435,1.0,52.29999923706055,28.0,6.913890157566813,,0.0,0.0,28442996.19780737,,,29.0,3424.7001859224797,595.8450674536257,102.50041747090056,0.10929590352029957,48.71937942504883,-124.2260513305664,28.442996197807368
08HA070,2011,3.0399999618530287,9.0,0.054999999701976776,11.0,52.5,28.0,6.913890157566813,,0.0,0.0,28442996.19780737,,,29.0,3424.7001859224797,595.8450674536257,102.50041747090056,0.10929590352029957,48.71937942504883,-124.2260513305664,28.442996197807368
08HA070,2012,2.759999990463257,9.0,0.07900000363588333,1.0,44.099998474121094,28.0,6.913890157566813,,0.0,0.0,28442996.19780737,,,29.0,3424.7001859224797,595.8450674536257,102.50041747090056,0.10929590352029957,48.71937942504883,-124.2260513305664,28.442996197807368
08HA070,2013,1.9800000190734863,8.0,0.07599999755620956,3.0,35.0,28.0,6.913890157566813,,0.0,0.0,28442996.19780737,,,29.0,3424.7001859224797,595.8450674536257,102.50041747090056,0.10929590352029957,48.71937942504883,-124.2260513305664,28.442996197807368
08HA070,2014,2.450000047683716,8.0,0.04399999976158142,12.0,35.900001525878906,28.0,6.913890157566813,,0.0,0.0,28442996.19780737,,,29.0,3424.7001859224797,595.8450674536257,102.50041747090056,0.10929590352029957,48.71937942504883,-124.2260513305664,28.442996197807368
08HA070,2015,2.369999885559082,8.0,0.04100000113248825,2.0,50.099998474121094,28.0,6.913890157566813,,0.0,0.0,28442996.19780737,,,29.0,3424.7001859224797,595.8450674536257,102.50041747090056,0.10929590352029957,48.71937942504883,-124.2260513305664,28.442996197807368
08HA070,2016,2.7799999713897705,8.0,0.04100000113248825,1.0,29.399999618530284,28.0,6.913890157566813,,0.0,0.0,28442996.19780737,,,29.0,3424.7001859224797,595.8450674536257,102.50041747090056,0.10929590352029957,48.71937942504883,-124.2260513305664,28.442996197807368
08HA070,2017,2.5999999046325684,9.0,0.05299999937415123,11.0,33.400001525878906,28.0,6.913890157566813,,0.0,0.0,28442996.19780737,,,29.0,3424.7001859224797,595.8450674536257,102.50041747090056,0.10929590352029957,48.71937942504883,-124.2260513305664,28.442996197807368
08HA070,2018,2.690000057220459,9.0,0.04199999943375588,11.0,31.29999923706055,28.0,6.913890157566813,,0.0,0.0,28442996.19780737,,,29.0,3424.7001859224797,595.8450674536257,102.50041747090056,0.10929590352029957,48.71937942504883,-124.2260513305664,28.442996197807368
08HA072,2011,0.8619999885559082,9.0,0.6800000071525574,11.0,1.25,13.0,18.701935885115468,"[[-2.1744103499999996, 3.2242309259999997, 0.5249102880000001], [-1.676966298, 4.740977514000001, 1.5320056080000004], [-1.6311892380000002, 5.749598735999999, 2.0592047489999996], [0.321965322, 8.271914742, 4.296940032], [3.76897794, 13.066298826, 8.417638383], [6.617836974, 16.142517258, 11.380177116], [8.995192289999999, 19.520864286, 14.258028287999998], [9.555198324, 20.061033594, 14.808115959], [7.060348554, 16.958874828, 12.009611691], [3.591973308, 10.634011037999999, 7.112992172999999], [-0.22888529999999999, 5.337605196, 2.554359948], [-2.153047722, 2.839703622, 0.34332794999999994]]",0.0,0.0,13298548.540466992,534.9439013666895,454.69596963294646,29.0,3392.23264567057,919.136728147554,209.8613680515252,0.5134236399878175,48.93352127075195,-124.249267578125,13.298548540466992
08HA072,2013,0.8460000157356262,8.0,0.6930000185966492,3.0,1.1859999895095823,13.0,18.701935885115468,"[[-2.1744103499999996, 3.2242309259999997, 0.5249102880000001], [-1.676966298, 4.740977514000001, 1.5320056080000004], [-1.6311892380000002, 5.749598735999999, 2.0592047489999996], [0.321965322, 8.271914742, 4.296940032], [3.76897794, 13.066298826, 8.417638383], [6.617836974, 16.142517258, 11.380177116], [8.995192289999999, 19.520864286, 14.258028287999998], [9.555198324, 20.061033594, 14.808115959], [7.060348554, 16.958874828, 12.009611691], [3.591973308, 10.634011037999999, 7.112992172999999], [-0.22888529999999999, 5.337605196, 2.554359948], [-2.153047722, 2.839703622, 0.34332794999999994]]",0.0,0.0,13298548.540466992,534.9439013666895,454.69596963294646,29.0,3392.23264567057,919.136728147554,209.8613680515252,0.5134236399878175,48.93352127075195,-124.249267578125,13.298548540466992
08HA072,2015,0.8709999918937683,8.0,0.6669999957084656,12.0,1.4110000133514404,13.0,18.701935885115468,"[[-2.1744103499999996, 3.2242309259999997, 0.5249102880000001], [-1.676966298, 4.740977514000001, 1.5320056080000004], [-1.6311892380000002, 5.749598735999999, 2.0592047489999996], [0.321965322, 8.271914742, 4.296940032], [3.76897794, 13.066298826, 8.417638383], [6.617836974, 16.142517258, 11.380177116], [8.995192289999999, 19.520864286, 14.258028287999998], [9.555198324, 20.061033594, 14.808115959], [7.060348554, 16.958874828, 12.009611691], [3.591973308, 10.634011037999999, 7.112992172999999], [-0.22888529999999999, 5.337605196, 2.554359948], [-2.153047722, 2.839703622, 0.34332794999999994]]",0.0,0.0,13298548.540466992,534.9439013666895,454.69596963294646,29.0,3392.23264567057,919.136728147554,209.8613680515252,0.5134236399878175,48.93352127075195,-124.249267578125,13.298548540466992
08HA072,2016,0.8849999904632568,8.0,0.6990000009536743,1.0,1.3279999494552612,13.0,18.701935885115468,"[[-2.1744103499999996, 3.2242309259999997, 0.5249102880000001], [-1.676966298, 4.740977514000001, 1.5320056080000004], [-1.6311892380000002, 5.749598735999999, 2.0592047489999996], [0.321965322, 8.271914742, 4.296940032], [3.76897794, 13.066298826, 8.417638383], [6.617836974, 16.142517258, 11.380177116], [8.995192289999999, 19.520864286, 14.258028287999998], [9.555198324, 20.061033594, 14.808115959], [7.060348554, 16.958874828, 12.009611691], [3.591973308, 10.634011037999999, 7.112992172999999], [-0.22888529999999999, 5.337605196, 2.554359948], [-2.153047722, 2.839703622, 0.34332794999999994]]",0.0,0.0,13298548.540466992,534.9439013666895,454.69596963294646,29.0,3392.23264567057,919.136728147554,209.8613680515252,0.5134236399878175,48.93352127075195,-124.249267578125,13.298548540466992
08HA072,2017,0.8899999856948853,9.0,0.7020000219345093,11.0,1.3880000114440918,13.0,18.701935885115468,"[[-2.1744103499999996, 3.2242309259999997, 0.5249102880000001], [-1.676966298, 4.740977514000001, 1.5320056080000004], [-1.6311892380000002, 5.749598735999999, 2.0592047489999996], [0.321965322, 8.271914742, 4.296940032], [3.76897794, 13.066298826, 8.417638383], [6.617836974, 16.142517258, 11.380177116], [8.995192289999999, 19.520864286, 14.258028287999998], [9.555198324, 20.061033594, 14.808115959], [7.060348554, 16.958874828, 12.009611691], [3.591973308, 10.634011037999999, 7.112992172999999], [-0.22888529999999999, 5.337605196, 2.554359948], [-2.153047722, 2.839703622, 0.34332794999999994]]",0.0,0.0,13298548.540466992,534.9439013666895,454.69596963294646,29.0,3392.23264567057,919.136728147554,209.8613680515252,0.5134236399878175,48.93352127075195,-124.249267578125,13.298548540466992
08HA072,2018,0.9120000004768372,9.0,0.7319999933242798,1.0,1.3389999866485596,13.0,18.701935885115468,"[[-2.1744103499999996, 3.2242309259999997, 0.5249102880000001], [-1.676966298, 4.740977514000001, 1.5320056080000004], [-1.6311892380000002, 5.749598735999999, 2.0592047489999996], [0.321965322, 8.271914742, 4.296940032], [3.76897794, 13.066298826, 8.417638383], [6.617836974, 16.142517258, 11.380177116], [8.995192289999999, 19.520864286, 14.258028287999998], [9.555198324, 20.061033594, 14.808115959], [7.060348554, 16.958874828, 12.009611691], [3.591973308, 10.634011037999999, 7.112992172999999], [-0.22888529999999999, 5.337605196, 2.554359948], [-2.153047722, 2.839703622, 0.34332794999999994]]",0.0,0.0,13298548.540466992,534.9439013666895,454.69596963294646,29.0,3392.23264567057,919.136728147554,209.8613680515252,0.5134236399878175,48.93352127075195,-124.249267578125,13.298548540466992
08HA072,1999,1.0499999523162842,10.0,0.05000000074505806,1.0,6.769999980926514,13.0,18.701935885115468,"[[-2.1744103499999996, 3.2242309259999997, 0.5249102880000001], [-1.676966298, 4.740977514000001, 1.5320056080000004], [-1.6311892380000002, 5.749598735999999, 2.0592047489999996], [0.321965322, 8.271914742, 4.296940032], [3.76897794, 13.066298826, 8.417638383], [6.617836974, 16.142517258, 11.380177116], [8.995192289999999, 19.520864286, 14.258028287999998], [9.555198324, 20.061033594, 14.808115959], [7.060348554, 16.958874828, 12.009611691], [3.591973308, 10.634011037999999, 7.112992172999999], [-0.22888529999999999, 5.337605196, 2.554359948], [-2.153047722, 2.839703622, 0.34332794999999994]]",0.0,0.0,13298548.540466992,534.9439013666895,454.69596963294646,29.0,3392.23264567057,919.136728147554,209.8613680515252,0.5134236399878175,48.93352127075195,-124.249267578125,13.298548540466992
08HA072,2000,0.479999989271164,9.0,0.027000000700354576,10.0,4.309999942779541,13.0,18.701935885115468,"[[-2.1744103499999996, 3.2242309259999997, 0.5249102880000001], [-1.676966298, 4.740977514000001, 1.5320056080000004], [-1.6311892380000002, 5.749598735999999, 2.0592047489999996], [0.321965322, 8.271914742, 4.296940032], [3.76897794, 13.066298826, 8.417638383], [6.617836974, 16.142517258, 11.380177116], [8.995192289999999, 19.520864286, 14.258028287999998], [9.555198324, 20.061033594, 14.808115959], [7.060348554, 16.958874828, 12.009611691], [3.591973308, 10.634011037999999, 7.112992172999999], [-0.22888529999999999, 5.337605196, 2.554359948], [-2.153047722, 2.839703622, 0.34332794999999994]]",0.0,0.0,13298548.540466992,534.9439013666895,454.69596963294646,29.0,3392.23264567057,919.136728147554,209.8613680515252,0.5134236399878175,48.93352127075195,-124.249267578125,13.298548540466992
08HA072,2001,0.6069999933242798,7.0,0.04800000041723251,12.0,7.579999923706055,13.0,18.701935885115468,"[[-2.1744103499999996, 3.2242309259999997, 0.5249102880000001], [-1.676966298, 4.740977514000001, 1.5320056080000004], [-1.6311892380000002, 5.749598735999999, 2.0592047489999996], [0.321965322, 8.271914742, 4.296940032], [3.76897794, 13.066298826, 8.417638383], [6.617836974, 16.142517258, 11.380177116], [8.995192289999999, 19.520864286, 14.258028287999998], [9.555198324, 20.061033594, 14.808115959], [7.060348554, 16.958874828, 12.009611691], [3.591973308, 10.634011037999999, 7.112992172999999], [-0.22888529999999999, 5.337605196, 2.554359948], [-2.153047722, 2.839703622, 0.34332794999999994]]",0.0,0.0,13298548.540466992,534.9439013666895,454.69596963294646,29.0,3392.23264567057,919.136728147554,209.8613680515252,0.5134236399878175,48.93352127075195,-124.249267578125,13.298548540466992
08HA072,2002,0.8529999852180481,8.0,0.028999999165534977,11.0,8.75,13.0,18.701935885115468,"[[-2.1744103499999996, 3.2242309259999997, 0.5249102880000001], [-1.676966298, 4.740977514000001, 1.5320056080000004], [-1.6311892380000002, 5.749598735999999, 2.0592047489999996], [0.321965322, 8.271914742, 4.296940032], [3.76897794, 13.066298826, 8.417638383], [6.617836974, 16.142517258, 11.380177116], [8.995192289999999, 19.520864286, 14.258028287999998], [9.555198324, 20.061033594, 14.808115959], [7.060348554, 16.958874828, 12.009611691], [3.591973308, 10.634011037999999, 7.112992172999999], [-0.22888529999999999, 5.337605196, 2.554359948], [-2.153047722, 2.839703622, 0.34332794999999994]]",0.0,0.0,13298548.540466992,534.9439013666895,454.69596963294646,29.0,3392.23264567057,919.136728147554,209.8613680515252,0.5134236399878175,48.93352127075195,-124.249267578125,13.298548540466992
08HA072,2003,0.9330000281333924,10.0,0.0130000002682209,3.0,10.100000381469727,13.0,18.701935885115468,"[[-2.1744103499999996, 3.2242309259999997, 0.5249102880000001], [-1.676966298, 4.740977514000001, 1.5320056080000004], [-1.6311892380000002, 5.749598735999999, 2.0592047489999996], [0.321965322, 8.271914742, 4.296940032], [3.76897794, 13.066298826, 8.417638383], [6.617836974, 16.142517258, 11.380177116], [8.995192289999999, 19.520864286, 14.258028287999998], [9.555198324, 20.061033594, 14.808115959], [7.060348554, 16.958874828, 12.009611691], [3.591973308, 10.634011037999999, 7.112992172999999], [-0.22888529999999999, 5.337605196, 2.554359948], [-2.153047722, 2.839703622, 0.34332794999999994]]",0.0,0.0,13298548.540466992,534.9439013666895,454.69596963294646,29.0,3392.23264567057,919.136728147554,209.8613680515252,0.5134236399878175,48.93352127075195,-124.249267578125,13.298548540466992
08HA072,2004,0.5809999704360962,8.0,0.02800000086426735,12.0,7.940000057220459,13.0,18.701935885115468,"[[-2.1744103499999996, 3.2242309259999997, 0.5249102880000001], [-1.676966298, 4.740977514000001, 1.5320056080000004], [-1.6311892380000002, 5.749598735999999, 2.0592047489999996], [0.321965322, 8.271914742, 4.296940032], [3.76897794, 13.066298826, 8.417638383], [6.617836974, 16.142517258, 11.380177116], [8.995192289999999, 19.520864286, 14.258028287999998], [9.555198324, 20.061033594, 14.808115959], [7.060348554, 16.958874828, 12.009611691], [3.591973308, 10.634011037999999, 7.112992172999999], [-0.22888529999999999, 5.337605196, 2.554359948], [-2.153047722, 2.839703622, 0.34332794999999994]]",0.0,0.0,13298548.540466992,534.9439013666895,454.69596963294646,29.0,3392.23264567057,919.136728147554,209.8613680515252,0.5134236399878175,48.93352127075195,-124.249267578125,13.298548540466992
08HA072,2005,0.6690000295639038,9.0,0.03400000184774399,1.0,8.439999580383299,13.0,18.701935885115468,"[[-2.1744103499999996, 3.2242309259999997, 0.5249102880000001], [-1.676966298, 4.740977514000001, 1.5320056080000004], [-1.6311892380000002, 5.749598735999999, 2.0592047489999996], [0.321965322, 8.271914742, 4.296940032], [3.76897794, 13.066298826, 8.417638383], [6.617836974, 16.142517258, 11.380177116], [8.995192289999999, 19.520864286, 14.258028287999998], [9.555198324, 20.061033594, 14.808115959], [7.060348554, 16.958874828, 12.009611691], [3.591973308, 10.634011037999999, 7.112992172999999], [-0.22888529999999999, 5.337605196, 2.554359948], [-2.153047722, 2.839703622, 0.34332794999999994]]",0.0,0.0,13298548.540466992,534.9439013666895,454.69596963294646,29.0,3392.23264567057,919.136728147554,209.8613680515252,0.5134236399878175,48.93352127075195,-124.249267578125,13.298548540466992
08HA072,2006,0.7250000238418579,9.0,0.020999999716877937,11.0,9.779999732971193,13.0,18.701935885115468,"[[-2.1744103499999996, 3.2242309259999997, 0.5249102880000001], [-1.676966298, 4.740977514000001, 1.5320056080000004], [-1.6311892380000002, 5.749598735999999, 2.0592047489999996], [0.321965322, 8.271914742, 4.296940032], [3.76897794, 13.066298826, 8.417638383], [6.617836974, 16.142517258, 11.380177116], [8.995192289999999, 19.520864286, 14.258028287999998], [9.555198324, 20.061033594, 14.808115959], [7.060348554, 16.958874828, 12.009611691], [3.591973308, 10.634011037999999, 7.112992172999999], [-0.22888529999999999, 5.337605196, 2.554359948], [-2.153047722, 2.839703622, 0.34332794999999994]]",0.0,0.0,13298548.540466992,534.9439013666895,454.69596963294646,29.0,3392.23264567057,919.136728147554,209.8613680515252,0.5134236399878175,48.93352127075195,-124.249267578125,13.298548540466992
08HA072,2007,0.8519999980926514,9.0,0.0860000029206276,12.0,10.399999618530273,13.0,18.701935885115468,"[[-2.1744103499999996, 3.2242309259999997, 0.5249102880000001], [-1.676966298, 4.740977514000001, 1.5320056080000004], [-1.6311892380000002, 5.749598735999999, 2.0592047489999996], [0.321965322, 8.271914742, 4.296940032], [3.76897794, 13.066298826, 8.417638383], [6.617836974, 16.142517258, 11.380177116], [8.995192289999999, 19.520864286, 14.258028287999998], [9.555198324, 20.061033594, 14.808115959], [7.060348554, 16.958874828, 12.009611691], [3.591973308, 10.634011037999999, 7.112992172999999], [-0.22888529999999999, 5.337605196, 2.554359948], [-2.153047722, 2.839703622, 0.34332794999999994]]",0.0,0.0,13298548.540466992,534.9439013666895,454.69596963294646,29.0,3392.23264567057,919.136728147554,209.8613680515252,0.5134236399878175,48.93352127075195,-124.249267578125,13.298548540466992
08HA072,2008,0.6299999952316284,8.0,0.11800000071525575,11.0,5.289999961853027,13.0,18.701935885115468,"[[-2.1744103499999996, 3.2242309259999997, 0.5249102880000001], [-1.676966298, 4.740977514000001, 1.5320056080000004], [-1.6311892380000002, 5.749598735999999, 2.0592047489999996], [0.321965322, 8.271914742, 4.296940032], [3.76897794, 13.066298826, 8.417638383], [6.617836974, 16.142517258, 11.380177116], [8.995192289999999, 19.520864286, 14.258028287999998], [9.555198324, 20.061033594, 14.808115959], [7.060348554, 16.958874828, 12.009611691], [3.591973308, 10.634011037999999, 7.112992172999999], [-0.22888529999999999, 5.337605196, 2.554359948], [-2.153047722, 2.839703622, 0.34332794999999994]]",0.0,0.0,13298548.540466992,534.9439013666895,454.69596963294646,29.0,3392.23264567057,919.136728147554,209.8613680515252,0.5134236399878175,48.93352127075195,-124.249267578125,13.298548540466992
08HA072,2009,0.6740000247955322,9.0,0.02199999988079071,11.0,9.079999923706056,13.0,18.701935885115468,"[[-2.1744103499999996, 3.2242309259999997, 0.5249102880000001], [-1.676966298, 4.740977514000001, 1.5320056080000004], [-1.6311892380000002, 5.749598735999999, 2.0592047489999996], [0.321965322, 8.271914742, 4.296940032], [3.76897794, 13.066298826, 8.417638383], [6.617836974, 16.142517258, 11.380177116], [8.995192289999999, 19.520864286, 14.258028287999998], [9.555198324, 20.061033594, 14.808115959], [7.060348554, 16.958874828, 12.009611691], [3.591973308, 10.634011037999999, 7.112992172999999], [-0.22888529999999999, 5.337605196, 2.554359948], [-2.153047722, 2.839703622, 0.34332794999999994]]",0.0,0.0,13298548.540466992,534.9439013666895,454.69596963294646,29.0,3392.23264567057,919.136728147554,209.8613680515252,0.5134236399878175,48.93352127075195,-124.249267578125,13.298548540466992
08HA072,2010,0.765999972820282,8.0,0.026000000536441803,1.0,8.970000267028809,13.0,18.701935885115468,"[[-2.1744103499999996, 3.2242309259999997, 0.5249102880000001], [-1.676966298, 4.740977514000001, 1.5320056080000004], [-1.6311892380000002, 5.749598735999999, 2.0592047489999996], [0.321965322, 8.271914742, 4.296940032], [3.76897794, 13.066298826, 8.417638383], [6.617836974, 16.142517258, 11.380177116], [8.995192289999999, 19.520864286, 14.258028287999998], [9.555198324, 20.061033594, 14.808115959], [7.060348554, 16.958874828, 12.009611691], [3.591973308, 10.634011037999999, 7.112992172999999], [-0.22888529999999999, 5.337605196, 2.554359948], [-2.153047722, 2.839703622, 0.34332794999999994]]",0.0,0.0,13298548.540466992,534.9439013666895,454.69596963294646,29.0,3392.23264567057,919.136728147554,209.8613680515252,0.5134236399878175,48.93352127075195,-124.249267578125,13.298548540466992
08HA072,2011,0.6430000066757202,9.0,0.039000000804662704,11.0,5.940000057220459,13.0,18.701935885115468,"[[-2.1744103499999996, 3.2242309259999997, 0.5249102880000001], [-1.676966298, 4.740977514000001, 1.5320056080000004], [-1.6311892380000002, 5.749598735999999, 2.0592047489999996], [0.321965322, 8.271914742, 4.296940032], [3.76897794, 13.066298826, 8.417638383], [6.617836974, 16.142517258, 11.380177116], [8.995192289999999, 19.520864286, 14.258028287999998], [9.555198324, 20.061033594, 14.808115959], [7.060348554, 16.958874828, 12.009611691], [3.591973308, 10.634011037999999, 7.112992172999999], [-0.22888529999999999, 5.337605196, 2.554359948], [-2.153047722, 2.839703622, 0.34332794999999994]]",0.0,0.0,13298548.540466992,534.9439013666895,454.69596963294646,29.0,3392.23264567057,919.136728147554,209.8613680515252,0.5134236399878175,48.93352127075195,-124.249267578125,13.298548540466992
08HA072,2012,0.7319999933242798,10.0,0.017000000923871994,1.0,6.28000020980835,13.0,18.701935885115468,"[[-2.1744103499999996, 3.2242309259999997, 0.5249102880000001], [-1.676966298, 4.740977514000001, 1.5320056080000004], [-1.6311892380000002, 5.749598735999999, 2.0592047489999996], [0.321965322, 8.271914742, 4.296940032], [3.76897794, 13.066298826, 8.417638383], [6.617836974, 16.142517258, 11.380177116], [8.995192289999999, 19.520864286, 14.258028287999998], [9.555198324, 20.061033594, 14.808115959], [7.060348554, 16.958874828, 12.009611691], [3.591973308, 10.634011037999999, 7.112992172999999], [-0.22888529999999999, 5.337605196, 2.554359948], [-2.153047722, 2.839703622, 0.34332794999999994]]",0.0,0.0,13298548.540466992,534.9439013666895,454.69596963294646,29.0,3392.23264567057,919.136728147554,209.8613680515252,0.5134236399878175,48.93352127075195,-124.249267578125,13.298548540466992
08HA072,2013,0.5299999713897705,8.0,0.02199999988079071,3.0,4.630000114440918,13.0,18.701935885115468,"[[-2.1744103499999996, 3.2242309259999997, 0.5249102880000001], [-1.676966298, 4.740977514000001, 1.5320056080000004], [-1.6311892380000002, 5.749598735999999, 2.0592047489999996], [0.321965322, 8.271914742, 4.296940032], [3.76897794, 13.066298826, 8.417638383], [6.617836974, 16.142517258, 11.380177116], [8.995192289999999, 19.520864286, 14.258028287999998], [9.555198324, 20.061033594, 14.808115959], [7.060348554, 16.958874828, 12.009611691], [3.591973308, 10.634011037999999, 7.112992172999999], [-0.22888529999999999, 5.337605196, 2.554359948], [-2.153047722, 2.839703622, 0.34332794999999994]]",0.0,0.0,13298548.540466992,534.9439013666895,454.69596963294646,29.0,3392.23264567057,919.136728147554,209.8613680515252,0.5134236399878175,48.93352127075195,-124.249267578125,13.298548540466992
08HA072,2014,0.6129999756813049,9.0,0.012000000104308128,12.0,5.369999885559082,13.0,18.701935885115468,"[[-2.1744103499999996, 3.2242309259999997, 0.5249102880000001], [-1.676966298, 4.740977514000001, 1.5320056080000004], [-1.6311892380000002, 5.749598735999999, 2.0592047489999996], [0.321965322, 8.271914742, 4.296940032], [3.76897794, 13.066298826, 8.417638383], [6.617836974, 16.142517258, 11.380177116], [8.995192289999999, 19.520864286, 14.258028287999998], [9.555198324, 20.061033594, 14.808115959], [7.060348554, 16.958874828, 12.009611691], [3.591973308, 10.634011037999999, 7.112992172999999], [-0.22888529999999999, 5.337605196, 2.554359948], [-2.153047722, 2.839703622, 0.34332794999999994]]",0.0,0.0,13298548.540466992,534.9439013666895,454.69596963294646,29.0,3392.23264567057,919.136728147554,209.8613680515252,0.5134236399878175,48.93352127075195,-124.249267578125,13.298548540466992
08HA072,2015,0.6800000071525574,8.0,0.014999999664723871,12.0,10.399999618530273,13.0,18.701935885115468,"[[-2.1744103499999996, 3.2242309259999997, 0.5249102880000001], [-1.676966298, 4.740977514000001, 1.5320056080000004], [-1.6311892380000002, 5.749598735999999, 2.0592047489999996], [0.321965322, 8.271914742, 4.296940032], [3.76897794, 13.066298826, 8.417638383], [6.617836974, 16.142517258, 11.380177116], [8.995192289999999, 19.520864286, 14.258028287999998], [9.555198324, 20.061033594, 14.808115959], [7.060348554, 16.958874828, 12.009611691], [3.591973308, 10.634011037999999, 7.112992172999999], [-0.22888529999999999, 5.337605196, 2.554359948], [-2.153047722, 2.839703622, 0.34332794999999994]]",0.0,0.0,13298548.540466992,534.9439013666895,454.69596963294646,29.0,3392.23264567057,919.136728147554,209.8613680515252,0.5134236399878175,48.93352127075195,-124.249267578125,13.298548540466992
08HA072,2016,0.6320000290870667,9.0,0.014999999664723871,1.0,7.929999828338622,13.0,18.701935885115468,"[[-2.1744103499999996, 3.2242309259999997, 0.5249102880000001], [-1.676966298, 4.740977514000001, 1.5320056080000004], [-1.6311892380000002, 5.749598735999999, 2.0592047489999996], [0.321965322, 8.271914742, 4.296940032], [3.76897794, 13.066298826, 8.417638383], [6.617836974, 16.142517258, 11.380177116], [8.995192289999999, 19.520864286, 14.258028287999998], [9.555198324, 20.061033594, 14.808115959], [7.060348554, 16.958874828, 12.009611691], [3.591973308, 10.634011037999999, 7.112992172999999], [-0.22888529999999999, 5.337605196, 2.554359948], [-2.153047722, 2.839703622, 0.34332794999999994]]",0.0,0.0,13298548.540466992,534.9439013666895,454.69596963294646,29.0,3392.23264567057,919.136728147554,209.8613680515252,0.5134236399878175,48.93352127075195,-124.249267578125,13.298548540466992
08HA072,2017,0.699999988079071,9.0,0.0130000002682209,11.0,7.010000228881836,13.0,18.701935885115468,"[[-2.1744103499999996, 3.2242309259999997, 0.5249102880000001], [-1.676966298, 4.740977514000001, 1.5320056080000004], [-1.6311892380000002, 5.749598735999999, 2.0592047489999996], [0.321965322, 8.271914742, 4.296940032], [3.76897794, 13.066298826, 8.417638383], [6.617836974, 16.142517258, 11.380177116], [8.995192289999999, 19.520864286, 14.258028287999998], [9.555198324, 20.061033594, 14.808115959], [7.060348554, 16.958874828, 12.009611691], [3.591973308, 10.634011037999999, 7.112992172999999], [-0.22888529999999999, 5.337605196, 2.554359948], [-2.153047722, 2.839703622, 0.34332794999999994]]",0.0,0.0,13298548.540466992,534.9439013666895,454.69596963294646,29.0,3392.23264567057,919.136728147554,209.8613680515252,0.5134236399878175,48.93352127075195,-124.249267578125,13.298548540466992
08HA072,2018,0.6359999775886536,9.0,0.0130000002682209,1.0,6.6599998474121085,13.0,18.701935885115468,"[[-2.1744103499999996, 3.2242309259999997, 0.5249102880000001], [-1.676966298, 4.740977514000001, 1.5320056080000004], [-1.6311892380000002, 5.749598735999999, 2.0592047489999996], [0.321965322, 8.271914742, 4.296940032], [3.76897794, 13.066298826, 8.417638383], [6.617836974, 16.142517258, 11.380177116], [8.995192289999999, 19.520864286, 14.258028287999998], [9.555198324, 20.061033594, 14.808115959], [7.060348554, 16.958874828, 12.009611691], [3.591973308, 10.634011037999999, 7.112992172999999], [-0.22888529999999999, 5.337605196, 2.554359948], [-2.153047722, 2.839703622, 0.34332794999999994]]",0.0,0.0,13298548.540466992,534.9439013666895,454.69596963294646,29.0,3392.23264567057,919.136728147554,209.8613680515252,0.5134236399878175,48.93352127075195,-124.249267578125,13.298548540466992
08HB004,1914,10.699999809265137,9.0,1.0800000429153442,10.0,57.5,135.0,2.3617694887072447,"[[-1.9509243955384614, 3.5627464158461537, 0.8059110101538461], [-1.4670960844615384, 5.304856991538462, 1.9188804535384618], [-1.2426711133846153, 6.746951758615385, 2.752140322615385], [0.788891334, 9.52479766107692, 5.156844497538461], [4.296353146615385, 14.380922087538462, 9.338637617076923], [7.2929899204615385, 17.48178970569231, 12.387389813076926], [9.504139295538462, 20.793936062307694, 15.149037678923078], [9.964961699538462, 21.27142601123077, 15.618193855384614], [7.3181086149230765, 17.95294129246154, 12.635524953692308], [3.9174599423076923, 11.436870244153845, 7.6771650932307685], [0.16397577646153852, 5.911226970923077, 3.0376013736923078], [-1.80819387, 3.2568617533846154, 0.7243339416923077]]",0.0,0.0,131957697.8510564,557.1254654125203,474.6282654102166,29.0,2483.53659202939,788.3758616367966,320.20393533622837,0.3784178846869908,49.29082870483398,-124.58332824707031,131.9576978510564
08HB004,1915,6.860000133514403,9.0,0.7929999828338623,10.0,43.29999923706055,135.0,2.3617694887072447,"[[-1.9509243955384614, 3.5627464158461537, 0.8059110101538461], [-1.4670960844615384, 5.304856991538462, 1.9188804535384618], [-1.2426711133846153, 6.746951758615385, 2.752140322615385], [0.788891334, 9.52479766107692, 5.156844497538461], [4.296353146615385, 14.380922087538462, 9.338637617076923], [7.2929899204615385, 17.48178970569231, 12.387389813076926], [9.504139295538462, 20.793936062307694, 15.149037678923078], [9.964961699538462, 21.27142601123077, 15.618193855384614], [7.3181086149230765, 17.95294129246154, 12.635524953692308], [3.9174599423076923, 11.436870244153845, 7.6771650932307685], [0.16397577646153852, 5.911226970923077, 3.0376013736923078], [-1.80819387, 3.2568617533846154, 0.7243339416923077]]",0.0,0.0,131957697.8510564,557.1254654125203,474.6282654102166,29.0,2483.53659202939,788.3758616367966,320.20393533622837,0.3784178846869908,49.29082870483398,-124.58332824707031,131.9576978510564
08HB004,1916,7.78000020980835,10.0,0.99099999666214,2.0,31.70000076293945,135.0,2.3617694887072447,"[[-1.9509243955384614, 3.5627464158461537, 0.8059110101538461], [-1.4670960844615384, 5.304856991538462, 1.9188804535384618], [-1.2426711133846153, 6.746951758615385, 2.752140322615385], [0.788891334, 9.52479766107692, 5.156844497538461], [4.296353146615385, 14.380922087538462, 9.338637617076923], [7.2929899204615385, 17.48178970569231, 12.387389813076926], [9.504139295538462, 20.793936062307694, 15.149037678923078], [9.964961699538462, 21.27142601123077, 15.618193855384614], [7.3181086149230765, 17.95294129246154, 12.635524953692308], [3.9174599423076923, 11.436870244153845, 7.6771650932307685], [0.16397577646153852, 5.911226970923077, 3.0376013736923078], [-1.80819387, 3.2568617533846154, 0.7243339416923077]]",0.0,0.0,131957697.8510564,557.1254654125203,474.6282654102166,29.0,2483.53659202939,788.3758616367966,320.20393533622837,0.3784178846869908,49.29082870483398,-124.58332824707031,131.9576978510564
08HB004,1917,7.010000228881836,9.0,1.4199999570846558,12.0,41.599998474121094,135.0,2.3617694887072447,"[[-1.9509243955384614, 3.5627464158461537, 0.8059110101538461], [-1.4670960844615384, 5.304856991538462, 1.9188804535384618], [-1.2426711133846153, 6.746951758615385, 2.752140322615385], [0.788891334, 9.52479766107692, 5.156844497538461], [4.296353146615385, 14.380922087538462, 9.338637617076923], [7.2929899204615385, 17.48178970569231, 12.387389813076926], [9.504139295538462, 20.793936062307694, 15.149037678923078], [9.964961699538462, 21.27142601123077, 15.618193855384614], [7.3181086149230765, 17.95294129246154, 12.635524953692308], [3.9174599423076923, 11.436870244153845, 7.6771650932307685], [0.16397577646153852, 5.911226970923077, 3.0376013736923078], [-1.80819387, 3.2568617533846154, 0.7243339416923077]]",0.0,0.0,131957697.8510564,557.1254654125203,474.6282654102166,29.0,2483.53659202939,788.3758616367966,320.20393533622837,0.3784178846869908,49.29082870483398,-124.58332824707031,131.9576978510564
08HB004,1918,8.659999847412111,10.0,0.8500000238418579,2.0,73.5999984741211,135.0,2.3617694887072447,"[[-1.9509243955384614, 3.5627464158461537, 0.8059110101538461], [-1.4670960844615384, 5.304856991538462, 1.9188804535384618], [-1.2426711133846153, 6.746951758615385, 2.752140322615385], [0.788891334, 9.52479766107692, 5.156844497538461], [4.296353146615385, 14.380922087538462, 9.338637617076923], [7.2929899204615385, 17.48178970569231, 12.387389813076926], [9.504139295538462, 20.793936062307694, 15.149037678923078], [9.964961699538462, 21.27142601123077, 15.618193855384614], [7.3181086149230765, 17.95294129246154, 12.635524953692308], [3.9174599423076923, 11.436870244153845, 7.6771650932307685], [0.16397577646153852, 5.911226970923077, 3.0376013736923078], [-1.80819387, 3.2568617533846154, 0.7243339416923077]]",0.0,0.0,131957697.8510564,557.1254654125203,474.6282654102166,29.0,2483.53659202939,788.3758616367966,320.20393533622837,0.3784178846869908,49.29082870483398,-124.58332824707031,131.9576978510564
08HB004,1919,8.699999809265138,10.0,1.100000023841858,11.0,45.9000015258789,135.0,2.3617694887072447,"[[-1.9509243955384614, 3.5627464158461537, 0.8059110101538461], [-1.4670960844615384, 5.304856991538462, 1.9188804535384618], [-1.2426711133846153, 6.746951758615385, 2.752140322615385], [0.788891334, 9.52479766107692, 5.156844497538461], [4.296353146615385, 14.380922087538462, 9.338637617076923], [7.2929899204615385, 17.48178970569231, 12.387389813076926], [9.504139295538462, 20.793936062307694, 15.149037678923078], [9.964961699538462, 21.27142601123077, 15.618193855384614], [7.3181086149230765, 17.95294129246154, 12.635524953692308], [3.9174599423076923, 11.436870244153845, 7.6771650932307685], [0.16397577646153852, 5.911226970923077, 3.0376013736923078], [-1.80819387, 3.2568617533846154, 0.7243339416923077]]",0.0,0.0,131957697.8510564,557.1254654125203,474.6282654102166,29.0,2483.53659202939,788.3758616367966,320.20393533622837,0.3784178846869908,49.29082870483398,-124.58332824707031,131.9576978510564
08HB004,1920,7.050000190734862,8.0,1.1299999952316284,12.0,33.400001525878906,135.0,2.3617694887072447,"[[-1.9509243955384614, 3.5627464158461537, 0.8059110101538461], [-1.4670960844615384, 5.304856991538462, 1.9188804535384618], [-1.2426711133846153, 6.746951758615385, 2.752140322615385], [0.788891334, 9.52479766107692, 5.156844497538461], [4.296353146615385, 14.380922087538462, 9.338637617076923], [7.2929899204615385, 17.48178970569231, 12.387389813076926], [9.504139295538462, 20.793936062307694, 15.149037678923078], [9.964961699538462, 21.27142601123077, 15.618193855384614], [7.3181086149230765, 17.95294129246154, 12.635524953692308], [3.9174599423076923, 11.436870244153845, 7.6771650932307685], [0.16397577646153852, 5.911226970923077, 3.0376013736923078], [-1.80819387, 3.2568617533846154, 0.7243339416923077]]",0.0,0.0,131957697.8510564,557.1254654125203,474.6282654102166,29.0,2483.53659202939,788.3758616367966,320.20393533622837,0.3784178846869908,49.29082870483398,-124.58332824707031,131.9576978510564
08HB004,1921,9.600000381469727,9.0,1.7300000190734863,10.0,85.0,135.0,2.3617694887072447,"[[-1.9509243955384614, 3.5627464158461537, 0.8059110101538461], [-1.4670960844615384, 5.304856991538462, 1.9188804535384618], [-1.2426711133846153, 6.746951758615385, 2.752140322615385], [0.788891334, 9.52479766107692, 5.156844497538461], [4.296353146615385, 14.380922087538462, 9.338637617076923], [7.2929899204615385, 17.48178970569231, 12.387389813076926], [9.504139295538462, 20.793936062307694, 15.149037678923078], [9.964961699538462, 21.27142601123077, 15.618193855384614], [7.3181086149230765, 17.95294129246154, 12.635524953692308], [3.9174599423076923, 11.436870244153845, 7.6771650932307685], [0.16397577646153852, 5.911226970923077, 3.0376013736923078], [-1.80819387, 3.2568617533846154, 0.7243339416923077]]",0.0,0.0,131957697.8510564,557.1254654125203,474.6282654102166,29.0,2483.53659202939,788.3758616367966,320.20393533622837,0.3784178846869908,49.29082870483398,-124.58332824707031,131.9576978510564
08HB004,1961,10.399999618530273,8.0,0.7699999809265137,1.0,189.0,135.0,2.3617694887072447,"[[-1.9509243955384614, 3.5627464158461537, 0.8059110101538461], [-1.4670960844615384, 5.304856991538462, 1.9188804535384618], [-1.2426711133846153, 6.746951758615385, 2.752140322615385], [0.788891334, 9.52479766107692, 5.156844497538461], [4.296353146615385, 14.380922087538462, 9.338637617076923], [7.2929899204615385, 17.48178970569231, 12.387389813076926], [9.504139295538462, 20.793936062307694, 15.149037678923078], [9.964961699538462, 21.27142601123077, 15.618193855384614], [7.3181086149230765, 17.95294129246154, 12.635524953692308], [3.9174599423076923, 11.436870244153845, 7.6771650932307685], [0.16397577646153852, 5.911226970923077, 3.0376013736923078], [-1.80819387, 3.2568617533846154, 0.7243339416923077]]",0.0,0.0,131957697.8510564,557.1254654125203,474.6282654102166,29.0,2483.53659202939,788.3758616367966,320.20393533622837,0.3784178846869908,49.29082870483398,-124.58332824707031,131.9576978510564
08HB004,1962,8.479999542236326,9.0,0.9769999980926514,12.0,69.09999847412111,135.0,2.3617694887072447,"[[-1.9509243955384614, 3.5627464158461537, 0.8059110101538461], [-1.4670960844615384, 5.304856991538462, 1.9188804535384618], [-1.2426711133846153, 6.746951758615385, 2.752140322615385], [0.788891334, 9.52479766107692, 5.156844497538461], [4.296353146615385, 14.380922087538462, 9.338637617076923], [7.2929899204615385, 17.48178970569231, 12.387389813076926], [9.504139295538462, 20.793936062307694, 15.149037678923078], [9.964961699538462, 21.27142601123077, 15.618193855384614], [7.3181086149230765, 17.95294129246154, 12.635524953692308], [3.9174599423076923, 11.436870244153845, 7.6771650932307685], [0.16397577646153852, 5.911226970923077, 3.0376013736923078], [-1.80819387, 3.2568617533846154, 0.7243339416923077]]",0.0,0.0,131957697.8510564,557.1254654125203,474.6282654102166,29.0,2483.53659202939,788.3758616367966,320.20393533622837,0.3784178846869908,49.29082870483398,-124.58332824707031,131.9576978510564
08HB004,1963,10.0,10.0,0.7820000052452087,12.0,125.0,135.0,2.3617694887072447,"[[-1.9509243955384614, 3.5627464158461537, 0.8059110101538461], [-1.4670960844615384, 5.304856991538462, 1.9188804535384618], [-1.2426711133846153, 6.746951758615385, 2.752140322615385], [0.788891334, 9.52479766107692, 5.156844497538461], [4.296353146615385, 14.380922087538462, 9.338637617076923], [7.2929899204615385, 17.48178970569231, 12.387389813076926], [9.504139295538462, 20.793936062307694, 15.149037678923078], [9.964961699538462, 21.27142601123077, 15.618193855384614], [7.3181086149230765, 17.95294129246154, 12.635524953692308], [3.9174599423076923, 11.436870244153845, 7.6771650932307685], [0.16397577646153852, 5.911226970923077, 3.0376013736923078], [-1.80819387, 3.2568617533846154, 0.7243339416923077]]",0.0,0.0,131957697.8510564,557.1254654125203,474.6282654102166,29.0,2483.53659202939,788.3758616367966,320.20393533622837,0.3784178846869908,49.29082870483398,-124.58332824707031,131.9576978510564
08HB004,1965,7.21999979019165,10.0,0.6769999861717224,12.0,41.599998474121094,135.0,2.3617694887072447,"[[-1.9509243955384614, 3.5627464158461537, 0.8059110101538461], [-1.4670960844615384, 5.304856991538462, 1.9188804535384618], [-1.2426711133846153, 6.746951758615385, 2.752140322615385], [0.788891334, 9.52479766107692, 5.156844497538461], [4.296353146615385, 14.380922087538462, 9.338637617076923], [7.2929899204615385, 17.48178970569231, 12.387389813076926], [9.504139295538462, 20.793936062307694, 15.149037678923078], [9.964961699538462, 21.27142601123077, 15.618193855384614], [7.3181086149230765, 17.95294129246154, 12.635524953692308], [3.9174599423076923, 11.436870244153845, 7.6771650932307685], [0.16397577646153852, 5.911226970923077, 3.0376013736923078], [-1.80819387, 3.2568617533846154, 0.7243339416923077]]",0.0,0.0,131957697.8510564,557.1254654125203,474.6282654102166,29.0,2483.53659202939,788.3758616367966,320.20393533622837,0.3784178846869908,49.29082870483398,-124.58332824707031,131.9576978510564
08HB004,1966,10.199999809265137,9.0,0.7929999828338623,12.0,87.19999694824219,135.0,2.3617694887072447,"[[-1.9509243955384614, 3.5627464158461537, 0.8059110101538461], [-1.4670960844615384, 5.304856991538462, 1.9188804535384618], [-1.2426711133846153, 6.746951758615385, 2.752140322615385], [0.788891334, 9.52479766107692, 5.156844497538461], [4.296353146615385, 14.380922087538462, 9.338637617076923], [7.2929899204615385, 17.48178970569231, 12.387389813076926], [9.504139295538462, 20.793936062307694, 15.149037678923078], [9.964961699538462, 21.27142601123077, 15.618193855384614], [7.3181086149230765, 17.95294129246154, 12.635524953692308], [3.9174599423076923, 11.436870244153845, 7.6771650932307685], [0.16397577646153852, 5.911226970923077, 3.0376013736923078], [-1.80819387, 3.2568617533846154, 0.7243339416923077]]",0.0,0.0,131957697.8510564,557.1254654125203,474.6282654102166,29.0,2483.53659202939,788.3758616367966,320.20393533622837,0.3784178846869908,49.29082870483398,-124.58332824707031,131.9576978510564
08HB004,1967,9.720000267028807,9.0,0.6460000276565552,10.0,46.70000076293945,135.0,2.3617694887072447,"[[-1.9509243955384614, 3.5627464158461537, 0.8059110101538461], [-1.4670960844615384, 5.304856991538462, 1.9188804535384618], [-1.2426711133846153, 6.746951758615385, 2.752140322615385], [0.788891334, 9.52479766107692, 5.156844497538461], [4.296353146615385, 14.380922087538462, 9.338637617076923], [7.2929899204615385, 17.48178970569231, 12.387389813076926], [9.504139295538462, 20.793936062307694, 15.149037678923078], [9.964961699538462, 21.27142601123077, 15.618193855384614], [7.3181086149230765, 17.95294129246154, 12.635524953692308], [3.9174599423076923, 11.436870244153845, 7.6771650932307685], [0.16397577646153852, 5.911226970923077, 3.0376013736923078], [-1.80819387, 3.2568617533846154, 0.7243339416923077]]",0.0,0.0,131957697.8510564,557.1254654125203,474.6282654102166,29.0,2483.53659202939,788.3758616367966,320.20393533622837,0.3784178846869908,49.29082870483398,-124.58332824707031,131.9576978510564
08HB004,1968,11.600000381469727,8.0,1.2200000286102295,1.0,131.0,135.0,2.3617694887072447,"[[-1.9509243955384614, 3.5627464158461537, 0.8059110101538461], [-1.4670960844615384, 5.304856991538462, 1.9188804535384618], [-1.2426711133846153, 6.746951758615385, 2.752140322615385], [0.788891334, 9.52479766107692, 5.156844497538461], [4.296353146615385, 14.380922087538462, 9.338637617076923], [7.2929899204615385, 17.48178970569231, 12.387389813076926], [9.504139295538462, 20.793936062307694, 15.149037678923078], [9.964961699538462, 21.27142601123077, 15.618193855384614], [7.3181086149230765, 17.95294129246154, 12.635524953692308], [3.9174599423076923, 11.436870244153845, 7.6771650932307685], [0.16397577646153852, 5.911226970923077, 3.0376013736923078], [-1.80819387, 3.2568617533846154, 0.7243339416923077]]",0.0,0.0,131957697.8510564,557.1254654125203,474.6282654102166,29.0,2483.53659202939,788.3758616367966,320.20393533622837,0.3784178846869908,49.29082870483398,-124.58332824707031,131.9576978510564
08HB004,1969,8.560000419616701,8.0,0.906000018119812,12.0,30.0,135.0,2.3617694887072447,"[[-1.9509243955384614, 3.5627464158461537, 0.8059110101538461], [-1.4670960844615384, 5.304856991538462, 1.9188804535384618], [-1.2426711133846153, 6.746951758615385, 2.752140322615385], [0.788891334, 9.52479766107692, 5.156844497538461], [4.296353146615385, 14.380922087538462, 9.338637617076923], [7.2929899204615385, 17.48178970569231, 12.387389813076926], [9.504139295538462, 20.793936062307694, 15.149037678923078], [9.964961699538462, 21.27142601123077, 15.618193855384614], [7.3181086149230765, 17.95294129246154, 12.635524953692308], [3.9174599423076923, 11.436870244153845, 7.6771650932307685], [0.16397577646153852, 5.911226970923077, 3.0376013736923078], [-1.80819387, 3.2568617533846154, 0.7243339416923077]]",0.0,0.0,131957697.8510564,557.1254654125203,474.6282654102166,29.0,2483.53659202939,788.3758616367966,320.20393533622837,0.3784178846869908,49.29082870483398,-124.58332824707031,131.9576978510564
08HB004,1970,5.860000133514403,9.0,0.546999990940094,1.0,23.20000076293945,135.0,2.3617694887072447,"[[-1.9509243955384614, 3.5627464158461537, 0.8059110101538461], [-1.4670960844615384, 5.304856991538462, 1.9188804535384618], [-1.2426711133846153, 6.746951758615385, 2.752140322615385], [0.788891334, 9.52479766107692, 5.156844497538461], [4.296353146615385, 14.380922087538462, 9.338637617076923], [7.2929899204615385, 17.48178970569231, 12.387389813076926], [9.504139295538462, 20.793936062307694, 15.149037678923078], [9.964961699538462, 21.27142601123077, 15.618193855384614], [7.3181086149230765, 17.95294129246154, 12.635524953692308], [3.9174599423076923, 11.436870244153845, 7.6771650932307685], [0.16397577646153852, 5.911226970923077, 3.0376013736923078], [-1.80819387, 3.2568617533846154, 0.7243339416923077]]",0.0,0.0,131957697.8510564,557.1254654125203,474.6282654102166,29.0,2483.53659202939,788.3758616367966,320.20393533622837,0.3784178846869908,49.29082870483398,-124.58332824707031,131.9576978510564
08HB004,1971,9.31999969482422,9.0,1.7999999523162842,1.0,42.79999923706055,135.0,2.3617694887072447,"[[-1.9509243955384614, 3.5627464158461537, 0.8059110101538461], [-1.4670960844615384, 5.304856991538462, 1.9188804535384618], [-1.2426711133846153, 6.746951758615385, 2.752140322615385], [0.788891334, 9.52479766107692, 5.156844497538461], [4.296353146615385, 14.380922087538462, 9.338637617076923], [7.2929899204615385, 17.48178970569231, 12.387389813076926], [9.504139295538462, 20.793936062307694, 15.149037678923078], [9.964961699538462, 21.27142601123077, 15.618193855384614], [7.3181086149230765, 17.95294129246154, 12.635524953692308], [3.9174599423076923, 11.436870244153845, 7.6771650932307685], [0.16397577646153852, 5.911226970923077, 3.0376013736923078], [-1.80819387, 3.2568617533846154, 0.7243339416923077]]",0.0,0.0,131957697.8510564,557.1254654125203,474.6282654102166,29.0,2483.53659202939,788.3758616367966,320.20393533622837,0.3784178846869908,49.29082870483398,-124.58332824707031,131.9576978510564
08HB004,1972,9.020000457763672,9.0,0.847000002861023,12.0,85.0,135.0,2.3617694887072447,"[[-1.9509243955384614, 3.5627464158461537, 0.8059110101538461], [-1.4670960844615384, 5.304856991538462, 1.9188804535384618], [-1.2426711133846153, 6.746951758615385, 2.752140322615385], [0.788891334, 9.52479766107692, 5.156844497538461], [4.296353146615385, 14.380922087538462, 9.338637617076923], [7.2929899204615385, 17.48178970569231, 12.387389813076926], [9.504139295538462, 20.793936062307694, 15.149037678923078], [9.964961699538462, 21.27142601123077, 15.618193855384614], [7.3181086149230765, 17.95294129246154, 12.635524953692308], [3.9174599423076923, 11.436870244153845, 7.6771650932307685], [0.16397577646153852, 5.911226970923077, 3.0376013736923078], [-1.80819387, 3.2568617533846154, 0.7243339416923077]]",0.0,0.0,131957697.8510564,557.1254654125203,474.6282654102166,29.0,2483.53659202939,788.3758616367966,320.20393533622837,0.3784178846869908,49.29082870483398,-124.58332824707031,131.9576978510564
08HB004,1973,9.0,9.0,0.718999981880188,1.0,101.0,135.0,2.3617694887072447,"[[-1.9509243955384614, 3.5627464158461537, 0.8059110101538461], [-1.4670960844615384, 5.304856991538462, 1.9188804535384618], [-1.2426711133846153, 6.746951758615385, 2.752140322615385], [0.788891334, 9.52479766107692, 5.156844497538461], [4.296353146615385, 14.380922087538462, 9.338637617076923], [7.2929899204615385, 17.48178970569231, 12.387389813076926], [9.504139295538462, 20.793936062307694, 15.149037678923078], [9.964961699538462, 21.27142601123077, 15.618193855384614], [7.3181086149230765, 17.95294129246154, 12.635524953692308], [3.9174599423076923, 11.436870244153845, 7.6771650932307685], [0.16397577646153852, 5.911226970923077, 3.0376013736923078], [-1.80819387, 3.2568617533846154, 0.7243339416923077]]",0.0,0.0,131957697.8510564,557.1254654125203,474.6282654102166,29.0,2483.53659202939,788.3758616367966,320.20393533622837,0.3784178846869908,49.29082870483398,-124.58332824707031,131.9576978510564
08HB004,1974,11.399999618530273,9.0,1.0599999427795408,1.0,132.0,135.0,2.3617694887072447,"[[-1.9509243955384614, 3.5627464158461537, 0.8059110101538461], [-1.4670960844615384, 5.304856991538462, 1.9188804535384618], [-1.2426711133846153, 6.746951758615385, 2.752140322615385], [0.788891334, 9.52479766107692, 5.156844497538461], [4.296353146615385, 14.380922087538462, 9.338637617076923], [7.2929899204615385, 17.48178970569231, 12.387389813076926], [9.504139295538462, 20.793936062307694, 15.149037678923078], [9.964961699538462, 21.27142601123077, 15.618193855384614], [7.3181086149230765, 17.95294129246154, 12.635524953692308], [3.9174599423076923, 11.436870244153845, 7.6771650932307685], [0.16397577646153852, 5.911226970923077, 3.0376013736923078], [-1.80819387, 3.2568617533846154, 0.7243339416923077]]",0.0,0.0,131957697.8510564,557.1254654125203,474.6282654102166,29.0,2483.53659202939,788.3758616367966,320.20393533622837,0.3784178846869908,49.29082870483398,-124.58332824707031,131.9576978510564
08HB004,1975,11.300000190734865,8.0,1.3200000524520874,11.0,128.0,135.0,2.3617694887072447,"[[-1.9509243955384614, 3.5627464158461537, 0.8059110101538461], [-1.4670960844615384, 5.304856991538462, 1.9188804535384618], [-1.2426711133846153, 6.746951758615385, 2.752140322615385], [0.788891334, 9.52479766107692, 5.156844497538461], [4.296353146615385, 14.380922087538462, 9.338637617076923], [7.2929899204615385, 17.48178970569231, 12.387389813076926], [9.504139295538462, 20.793936062307694, 15.149037678923078], [9.964961699538462, 21.27142601123077, 15.618193855384614], [7.3181086149230765, 17.95294129246154, 12.635524953692308], [3.9174599423076923, 11.436870244153845, 7.6771650932307685], [0.16397577646153852, 5.911226970923077, 3.0376013736923078], [-1.80819387, 3.2568617533846154, 0.7243339416923077]]",0.0,0.0,131957697.8510564,557.1254654125203,474.6282654102166,29.0,2483.53659202939,788.3758616367966,320.20393533622837,0.3784178846869908,49.29082870483398,-124.58332824707031,131.9576978510564
08HB004,1976,8.149999618530272,10.0,1.309999942779541,12.0,31.70000076293945,135.0,2.3617694887072447,"[[-1.9509243955384614, 3.5627464158461537, 0.8059110101538461], [-1.4670960844615384, 5.304856991538462, 1.9188804535384618], [-1.2426711133846153, 6.746951758615385, 2.752140322615385], [0.788891334, 9.52479766107692, 5.156844497538461], [4.296353146615385, 14.380922087538462, 9.338637617076923], [7.2929899204615385, 17.48178970569231, 12.387389813076926], [9.504139295538462, 20.793936062307694, 15.149037678923078], [9.964961699538462, 21.27142601123077, 15.618193855384614], [7.3181086149230765, 17.95294129246154, 12.635524953692308], [3.9174599423076923, 11.436870244153845, 7.6771650932307685], [0.16397577646153852, 5.911226970923077, 3.0376013736923078], [-1.80819387, 3.2568617533846154, 0.7243339416923077]]",0.0,0.0,131957697.8510564,557.1254654125203,474.6282654102166,29.0,2483.53659202939,788.3758616367966,320.20393533622837,0.3784178846869908,49.29082870483398,-124.58332824707031,131.9576978510564
08HB004,1977,8.0,8.0,0.7360000014305115,11.0,45.599998474121094,135.0,2.3617694887072447,"[[-1.9509243955384614, 3.5627464158461537, 0.8059110101538461], [-1.4670960844615384, 5.304856991538462, 1.9188804535384618], [-1.2426711133846153, 6.746951758615385, 2.752140322615385], [0.788891334, 9.52479766107692, 5.156844497538461], [4.296353146615385, 14.380922087538462, 9.338637617076923], [7.2929899204615385, 17.48178970569231, 12.387389813076926], [9.504139295538462, 20.793936062307694, 15.149037678923078], [9.964961699538462, 21.27142601123077, 15.618193855384614], [7.3181086149230765, 17.95294129246154, 12.635524953692308], [3.9174599423076923, 11.436870244153845, 7.6771650932307685], [0.16397577646153852, 5.911226970923077, 3.0376013736923078], [-1.80819387, 3.2568617533846154, 0.7243339416923077]]",0.0,0.0,131957697.8510564,557.1254654125203,474.6282654102166,29.0,2483.53659202939,788.3758616367966,320.20393533622837,0.3784178846869908,49.29082870483398,-124.58332824707031,131.9576978510564
08HB004,1978,6.110000133514403,8.0,0.8349999785423279,2.0,23.0,135.0,2.3617694887072447,"[[-1.9509243955384614, 3.5627464158461537, 0.8059110101538461], [-1.4670960844615384, 5.304856991538462, 1.9188804535384618], [-1.2426711133846153, 6.746951758615385, 2.752140322615385], [0.788891334, 9.52479766107692, 5.156844497538461], [4.296353146615385, 14.380922087538462, 9.338637617076923], [7.2929899204615385, 17.48178970569231, 12.387389813076926], [9.504139295538462, 20.793936062307694, 15.149037678923078], [9.964961699538462, 21.27142601123077, 15.618193855384614], [7.3181086149230765, 17.95294129246154, 12.635524953692308], [3.9174599423076923, 11.436870244153845, 7.6771650932307685], [0.16397577646153852, 5.911226970923077, 3.0376013736923078], [-1.80819387, 3.2568617533846154, 0.7243339416923077]]",0.0,0.0,131957697.8510564,557.1254654125203,474.6282654102166,29.0,2483.53659202939,788.3758616367966,320.20393533622837,0.3784178846869908,49.29082870483398,-124.58332824707031,131.9576978510564
08HB004,1979,8.069999694824219,8.0,1.0499999523162842,12.0,104.0,135.0,2.3617694887072447,"[[-1.9509243955384614, 3.5627464158461537, 0.8059110101538461], [-1.4670960844615384, 5.304856991538462, 1.9188804535384618], [-1.2426711133846153, 6.746951758615385, 2.752140322615385], [0.788891334, 9.52479766107692, 5.156844497538461], [4.296353146615385, 14.380922087538462, 9.338637617076923], [7.2929899204615385, 17.48178970569231, 12.387389813076926], [9.504139295538462, 20.793936062307694, 15.149037678923078], [9.964961699538462, 21.27142601123077, 15.618193855384614], [7.3181086149230765, 17.95294129246154, 12.635524953692308], [3.9174599423076923, 11.436870244153845, 7.6771650932307685], [0.16397577646153852, 5.911226970923077, 3.0376013736923078], [-1.80819387, 3.2568617533846154, 0.7243339416923077]]",0.0,0.0,131957697.8510564,557.1254654125203,474.6282654102166,29.0,2483.53659202939,788.3758616367966,320.20393533622837,0.3784178846869908,49.29082870483398,-124.58332824707031,131.9576978510564
08HB004,1980,9.350000381469727,8.0,0.4320000112056732,12.0,162.0,135.0,2.3617694887072447,"[[-1.9509243955384614, 3.5627464158461537, 0.8059110101538461], [-1.4670960844615384, 5.304856991538462, 1.9188804535384618], [-1.2426711133846153, 6.746951758615385, 2.752140322615385], [0.788891334, 9.52479766107692, 5.156844497538461], [4.296353146615385, 14.380922087538462, 9.338637617076923], [7.2929899204615385, 17.48178970569231, 12.387389813076926], [9.504139295538462, 20.793936062307694, 15.149037678923078], [9.964961699538462, 21.27142601123077, 15.618193855384614], [7.3181086149230765, 17.95294129246154, 12.635524953692308], [3.9174599423076923, 11.436870244153845, 7.6771650932307685], [0.16397577646153852, 5.911226970923077, 3.0376013736923078], [-1.80819387, 3.2568617533846154, 0.7243339416923077]]",0.0,0.0,131957697.8510564,557.1254654125203,474.6282654102166,29.0,2483.53659202939,788.3758616367966,320.20393533622837,0.3784178846869908,49.29082870483398,-124.58332824707031,131.9576978510564
08HB004,1981,9.619999885559082,9.0,0.479999989271164,11.0,71.0999984741211,135.0,2.3617694887072447,"[[-1.9509243955384614, 3.5627464158461537, 0.8059110101538461], [-1.4670960844615384, 5.304856991538462, 1.9188804535384618], [-1.2426711133846153, 6.746951758615385, 2.752140322615385], [0.788891334, 9.52479766107692, 5.156844497538461], [4.296353146615385, 14.380922087538462, 9.338637617076923], [7.2929899204615385, 17.48178970569231, 12.387389813076926], [9.504139295538462, 20.793936062307694, 15.149037678923078], [9.964961699538462, 21.27142601123077, 15.618193855384614], [7.3181086149230765, 17.95294129246154, 12.635524953692308], [3.9174599423076923, 11.436870244153845, 7.6771650932307685], [0.16397577646153852, 5.911226970923077, 3.0376013736923078], [-1.80819387, 3.2568617533846154, 0.7243339416923077]]",0.0,0.0,131957697.8510564,557.1254654125203,474.6282654102166,29.0,2483.53659202939,788.3758616367966,320.20393533622837,0.3784178846869908,49.29082870483398,-124.58332824707031,131.9576978510564
08HB004,1982,9.329999923706056,8.0,0.4469999969005585,10.0,71.5999984741211,135.0,2.3617694887072447,"[[-1.9509243955384614, 3.5627464158461537, 0.8059110101538461], [-1.4670960844615384, 5.304856991538462, 1.9188804535384618], [-1.2426711133846153, 6.746951758615385, 2.752140322615385], [0.788891334, 9.52479766107692, 5.156844497538461], [4.296353146615385, 14.380922087538462, 9.338637617076923], [7.2929899204615385, 17.48178970569231, 12.387389813076926], [9.504139295538462, 20.793936062307694, 15.149037678923078], [9.964961699538462, 21.27142601123077, 15.618193855384614], [7.3181086149230765, 17.95294129246154, 12.635524953692308], [3.9174599423076923, 11.436870244153845, 7.6771650932307685], [0.16397577646153852, 5.911226970923077, 3.0376013736923078], [-1.80819387, 3.2568617533846154, 0.7243339416923077]]",0.0,0.0,131957697.8510564,557.1254654125203,474.6282654102166,29.0,2483.53659202939,788.3758616367966,320.20393533622837,0.3784178846869908,49.29082870483398,-124.58332824707031,131.9576978510564
08HB004,1983,10.899999618530273,8.0,0.8159999847412109,11.0,90.0999984741211,135.0,2.3617694887072447,"[[-1.9509243955384614, 3.5627464158461537, 0.8059110101538461], [-1.4670960844615384, 5.304856991538462, 1.9188804535384618], [-1.2426711133846153, 6.746951758615385, 2.752140322615385], [0.788891334, 9.52479766107692, 5.156844497538461], [4.296353146615385, 14.380922087538462, 9.338637617076923], [7.2929899204615385, 17.48178970569231, 12.387389813076926], [9.504139295538462, 20.793936062307694, 15.149037678923078], [9.964961699538462, 21.27142601123077, 15.618193855384614], [7.3181086149230765, 17.95294129246154, 12.635524953692308], [3.9174599423076923, 11.436870244153845, 7.6771650932307685], [0.16397577646153852, 5.911226970923077, 3.0376013736923078], [-1.80819387, 3.2568617533846154, 0.7243339416923077]]",0.0,0.0,131957697.8510564,557.1254654125203,474.6282654102166,29.0,2483.53659202939,788.3758616367966,320.20393533622837,0.3784178846869908,49.29082870483398,-124.58332824707031,131.9576978510564
08HB004,1984,9.710000038146973,8.0,0.8040000200271606,10.0,55.5,135.0,2.3617694887072447,"[[-1.9509243955384614, 3.5627464158461537, 0.8059110101538461], [-1.4670960844615384, 5.304856991538462, 1.9188804535384618], [-1.2426711133846153, 6.746951758615385, 2.752140322615385], [0.788891334, 9.52479766107692, 5.156844497538461], [4.296353146615385, 14.380922087538462, 9.338637617076923], [7.2929899204615385, 17.48178970569231, 12.387389813076926], [9.504139295538462, 20.793936062307694, 15.149037678923078], [9.964961699538462, 21.27142601123077, 15.618193855384614], [7.3181086149230765, 17.95294129246154, 12.635524953692308], [3.9174599423076923, 11.436870244153845, 7.6771650932307685], [0.16397577646153852, 5.911226970923077, 3.0376013736923078], [-1.80819387, 3.2568617533846154, 0.7243339416923077]]",0.0,0.0,131957697.8510564,557.1254654125203,474.6282654102166,29.0,2483.53659202939,788.3758616367966,320.20393533622837,0.3784178846869908,49.29082870483398,-124.58332824707031,131.9576978510564
08HB004,1985,4.570000171661377,8.0,0.574999988079071,10.0,23.399999618530284,135.0,2.3617694887072447,"[[-1.9509243955384614, 3.5627464158461537, 0.8059110101538461], [-1.4670960844615384, 5.304856991538462, 1.9188804535384618], [-1.2426711133846153, 6.746951758615385, 2.752140322615385], [0.788891334, 9.52479766107692, 5.156844497538461], [4.296353146615385, 14.380922087538462, 9.338637617076923], [7.2929899204615385, 17.48178970569231, 12.387389813076926], [9.504139295538462, 20.793936062307694, 15.149037678923078], [9.964961699538462, 21.27142601123077, 15.618193855384614], [7.3181086149230765, 17.95294129246154, 12.635524953692308], [3.9174599423076923, 11.436870244153845, 7.6771650932307685], [0.16397577646153852, 5.911226970923077, 3.0376013736923078], [-1.80819387, 3.2568617533846154, 0.7243339416923077]]",0.0,0.0,131957697.8510564,557.1254654125203,474.6282654102166,29.0,2483.53659202939,788.3758616367966,320.20393533622837,0.3784178846869908,49.29082870483398,-124.58332824707031,131.9576978510564
08HB004,1986,9.109999656677246,9.0,0.5059999823570251,1.0,91.0,135.0,2.3617694887072447,"[[-1.9509243955384614, 3.5627464158461537, 0.8059110101538461], [-1.4670960844615384, 5.304856991538462, 1.9188804535384618], [-1.2426711133846153, 6.746951758615385, 2.752140322615385], [0.788891334, 9.52479766107692, 5.156844497538461], [4.296353146615385, 14.380922087538462, 9.338637617076923], [7.2929899204615385, 17.48178970569231, 12.387389813076926], [9.504139295538462, 20.793936062307694, 15.149037678923078], [9.964961699538462, 21.27142601123077, 15.618193855384614], [7.3181086149230765, 17.95294129246154, 12.635524953692308], [3.9174599423076923, 11.436870244153845, 7.6771650932307685], [0.16397577646153852, 5.911226970923077, 3.0376013736923078], [-1.80819387, 3.2568617533846154, 0.7243339416923077]]",0.0,0.0,131957697.8510564,557.1254654125203,474.6282654102166,29.0,2483.53659202939,788.3758616367966,320.20393533622837,0.3784178846869908,49.29082870483398,-124.58332824707031,131.9576978510564
08HB004,1987,8.300000190734862,10.0,0.32499998807907104,1.0,61.099998474121094,135.0,2.3617694887072447,"[[-1.9509243955384614, 3.5627464158461537, 0.8059110101538461], [-1.4670960844615384, 5.304856991538462, 1.9188804535384618], [-1.2426711133846153, 6.746951758615385, 2.752140322615385], [0.788891334, 9.52479766107692, 5.156844497538461], [4.296353146615385, 14.380922087538462, 9.338637617076923], [7.2929899204615385, 17.48178970569231, 12.387389813076926], [9.504139295538462, 20.793936062307694, 15.149037678923078], [9.964961699538462, 21.27142601123077, 15.618193855384614], [7.3181086149230765, 17.95294129246154, 12.635524953692308], [3.9174599423076923, 11.436870244153845, 7.6771650932307685], [0.16397577646153852, 5.911226970923077, 3.0376013736923078], [-1.80819387, 3.2568617533846154, 0.7243339416923077]]",0.0,0.0,131957697.8510564,557.1254654125203,474.6282654102166,29.0,2483.53659202939,788.3758616367966,320.20393533622837,0.3784178846869908,49.29082870483398,-124.58332824707031,131.9576978510564
08HB004,1988,7.550000190734862,9.0,0.5130000114440918,11.0,44.900001525878906,135.0,2.3617694887072447,"[[-1.9509243955384614, 3.5627464158461537, 0.8059110101538461], [-1.4670960844615384, 5.304856991538462, 1.9188804535384618], [-1.2426711133846153, 6.746951758615385, 2.752140322615385], [0.788891334, 9.52479766107692, 5.156844497538461], [4.296353146615385, 14.380922087538462, 9.338637617076923], [7.2929899204615385, 17.48178970569231, 12.387389813076926], [9.504139295538462, 20.793936062307694, 15.149037678923078], [9.964961699538462, 21.27142601123077, 15.618193855384614], [7.3181086149230765, 17.95294129246154, 12.635524953692308], [3.9174599423076923, 11.436870244153845, 7.6771650932307685], [0.16397577646153852, 5.911226970923077, 3.0376013736923078], [-1.80819387, 3.2568617533846154, 0.7243339416923077]]",0.0,0.0,131957697.8510564,557.1254654125203,474.6282654102166,29.0,2483.53659202939,788.3758616367966,320.20393533622837,0.3784178846869908,49.29082870483398,-124.58332824707031,131.9576978510564
08HB004,1989,6.309999942779541,9.0,0.4350000023841858,12.0,34.400001525878906,135.0,2.3617694887072447,"[[-1.9509243955384614, 3.5627464158461537, 0.8059110101538461], [-1.4670960844615384, 5.304856991538462, 1.9188804535384618], [-1.2426711133846153, 6.746951758615385, 2.752140322615385], [0.788891334, 9.52479766107692, 5.156844497538461], [4.296353146615385, 14.380922087538462, 9.338637617076923], [7.2929899204615385, 17.48178970569231, 12.387389813076926], [9.504139295538462, 20.793936062307694, 15.149037678923078], [9.964961699538462, 21.27142601123077, 15.618193855384614], [7.3181086149230765, 17.95294129246154, 12.635524953692308], [3.9174599423076923, 11.436870244153845, 7.6771650932307685], [0.16397577646153852, 5.911226970923077, 3.0376013736923078], [-1.80819387, 3.2568617533846154, 0.7243339416923077]]",0.0,0.0,131957697.8510564,557.1254654125203,474.6282654102166,29.0,2483.53659202939,788.3758616367966,320.20393533622837,0.3784178846869908,49.29082870483398,-124.58332824707031,131.9576978510564
08HB004,1990,9.1899995803833,10.0,0.2840000092983246,11.0,77.9000015258789,135.0,2.3617694887072447,"[[-1.9509243955384614, 3.5627464158461537, 0.8059110101538461], [-1.4670960844615384, 5.304856991538462, 1.9188804535384618], [-1.2426711133846153, 6.746951758615385, 2.752140322615385], [0.788891334, 9.52479766107692, 5.156844497538461], [4.296353146615385, 14.380922087538462, 9.338637617076923], [7.2929899204615385, 17.48178970569231, 12.387389813076926], [9.504139295538462, 20.793936062307694, 15.149037678923078], [9.964961699538462, 21.27142601123077, 15.618193855384614], [7.3181086149230765, 17.95294129246154, 12.635524953692308], [3.9174599423076923, 11.436870244153845, 7.6771650932307685], [0.16397577646153852, 5.911226970923077, 3.0376013736923078], [-1.80819387, 3.2568617533846154, 0.7243339416923077]]",0.0,0.0,131957697.8510564,557.1254654125203,474.6282654102166,29.0,2483.53659202939,788.3758616367966,320.20393533622837,0.3784178846869908,49.29082870483398,-124.58332824707031,131.9576978510564
08HB004,1991,8.0,7.0,0.5569999814033508,2.0,68.0,135.0,2.3617694887072447,"[[-1.9509243955384614, 3.5627464158461537, 0.8059110101538461], [-1.4670960844615384, 5.304856991538462, 1.9188804535384618], [-1.2426711133846153, 6.746951758615385, 2.752140322615385], [0.788891334, 9.52479766107692, 5.156844497538461], [4.296353146615385, 14.380922087538462, 9.338637617076923], [7.2929899204615385, 17.48178970569231, 12.387389813076926], [9.504139295538462, 20.793936062307694, 15.149037678923078], [9.964961699538462, 21.27142601123077, 15.618193855384614], [7.3181086149230765, 17.95294129246154, 12.635524953692308], [3.9174599423076923, 11.436870244153845, 7.6771650932307685], [0.16397577646153852, 5.911226970923077, 3.0376013736923078], [-1.80819387, 3.2568617533846154, 0.7243339416923077]]",0.0,0.0,131957697.8510564,557.1254654125203,474.6282654102166,29.0,2483.53659202939,788.3758616367966,320.20393533622837,0.3784178846869908,49.29082870483398,-124.58332824707031,131.9576978510564
08HB004,1992,7.539999961853027,5.0,0.3199999928474426,1.0,101.0,135.0,2.3617694887072447,"[[-1.9509243955384614, 3.5627464158461537, 0.8059110101538461], [-1.4670960844615384, 5.304856991538462, 1.9188804535384618], [-1.2426711133846153, 6.746951758615385, 2.752140322615385], [0.788891334, 9.52479766107692, 5.156844497538461], [4.296353146615385, 14.380922087538462, 9.338637617076923], [7.2929899204615385, 17.48178970569231, 12.387389813076926], [9.504139295538462, 20.793936062307694, 15.149037678923078], [9.964961699538462, 21.27142601123077, 15.618193855384614], [7.3181086149230765, 17.95294129246154, 12.635524953692308], [3.9174599423076923, 11.436870244153845, 7.6771650932307685], [0.16397577646153852, 5.911226970923077, 3.0376013736923078], [-1.80819387, 3.2568617533846154, 0.7243339416923077]]",0.0,0.0,131957697.8510564,557.1254654125203,474.6282654102166,29.0,2483.53659202939,788.3758616367966,320.20393533622837,0.3784178846869908,49.29082870483398,-124.58332824707031,131.9576978510564
08HB004,2001,6.4000000953674325,7.0,0.7699999809265137,11.0,49.4000015258789,135.0,2.3617694887072447,"[[-1.9509243955384614, 3.5627464158461537, 0.8059110101538461], [-1.4670960844615384, 5.304856991538462, 1.9188804535384618], [-1.2426711133846153, 6.746951758615385, 2.752140322615385], [0.788891334, 9.52479766107692, 5.156844497538461], [4.296353146615385, 14.380922087538462, 9.338637617076923], [7.2929899204615385, 17.48178970569231, 12.387389813076926], [9.504139295538462, 20.793936062307694, 15.149037678923078], [9.964961699538462, 21.27142601123077, 15.618193855384614], [7.3181086149230765, 17.95294129246154, 12.635524953692308], [3.9174599423076923, 11.436870244153845, 7.6771650932307685], [0.16397577646153852, 5.911226970923077, 3.0376013736923078], [-1.80819387, 3.2568617533846154, 0.7243339416923077]]",0.0,0.0,131957697.8510564,557.1254654125203,474.6282654102166,29.0,2483.53659202939,788.3758616367966,320.20393533622837,0.3784178846869908,49.29082870483398,-124.58332824707031,131.9576978510564
08HB008,2014,1.621000051498413,9.0,0.39899998903274536,12.0,4.420000076293945,351.0,3.0914121238990266,"[[-0.193789554, 4.953077892, 2.3796441689999996], [0.29144728200000003, 7.388417484, 3.839932383], [0.8743418460000001, 10.223543399999999, 5.548942622999999], [2.9373613499999998, 13.58815731, 8.26275933], [6.408788400000001, 18.411533532, 12.410160966], [9.517050773999998, 21.406879158000002, 15.461964966], [11.265734465999998, 24.655524516, 17.960629491], [11.563285356, 25.044629526, 18.303957441], [8.787669617999999, 21.316850940000002, 15.052260279], [5.7984276, 14.291598131999999, 10.045012866], [2.375829414, 8.0872806, 5.231555007], [0.263981046, 4.766917848, 2.515449447]]",0.0,0.0,1950138.403673135,633.2986162808122,556.8048829869772,29.0,2254.3299967447897,48.84764542936288,150.2045535898479,0.3585539491439072,49.28971862792969,-124.9102783203125,1.950138403673135
08HB008,1914,54.5,9.0,4.53000020980835,10.0,229.0,351.0,3.0914121238990266,"[[-0.193789554, 4.953077892, 2.3796441689999996], [0.29144728200000003, 7.388417484, 3.839932383], [0.8743418460000001, 10.223543399999999, 5.548942622999999], [2.9373613499999998, 13.58815731, 8.26275933], [6.408788400000001, 18.411533532, 12.410160966], [9.517050773999998, 21.406879158000002, 15.461964966], [11.265734465999998, 24.655524516, 17.960629491], [11.563285356, 25.044629526, 18.303957441], [8.787669617999999, 21.316850940000002, 15.052260279], [5.7984276, 14.291598131999999, 10.045012866], [2.375829414, 8.0872806, 5.231555007], [0.263981046, 4.766917848, 2.515449447]]",0.0,0.0,1950138.403673135,633.2986162808122,556.8048829869772,29.0,2254.3299967447897,48.84764542936288,150.2045535898479,0.3585539491439072,49.28971862792969,-124.9102783203125,1.950138403673135
08HB008,1915,38.29999923706055,9.0,2.4100000858306885,10.0,156.0,351.0,3.0914121238990266,"[[-0.193789554, 4.953077892, 2.3796441689999996], [0.29144728200000003, 7.388417484, 3.839932383], [0.8743418460000001, 10.223543399999999, 5.548942622999999], [2.9373613499999998, 13.58815731, 8.26275933], [6.408788400000001, 18.411533532, 12.410160966], [9.517050773999998, 21.406879158000002, 15.461964966], [11.265734465999998, 24.655524516, 17.960629491], [11.563285356, 25.044629526, 18.303957441], [8.787669617999999, 21.316850940000002, 15.052260279], [5.7984276, 14.291598131999999, 10.045012866], [2.375829414, 8.0872806, 5.231555007], [0.263981046, 4.766917848, 2.515449447]]",0.0,0.0,1950138.403673135,633.2986162808122,556.8048829869772,29.0,2254.3299967447897,48.84764542936288,150.2045535898479,0.3585539491439072,49.28971862792969,-124.9102783203125,1.950138403673135
08HB008,1916,37.29999923706055,10.0,3.619999885559082,3.0,136.0,351.0,3.0914121238990266,"[[-0.193789554, 4.953077892, 2.3796441689999996], [0.29144728200000003, 7.388417484, 3.839932383], [0.8743418460000001, 10.223543399999999, 5.548942622999999], [2.9373613499999998, 13.58815731, 8.26275933], [6.408788400000001, 18.411533532, 12.410160966], [9.517050773999998, 21.406879158000002, 15.461964966], [11.265734465999998, 24.655524516, 17.960629491], [11.563285356, 25.044629526, 18.303957441], [8.787669617999999, 21.316850940000002, 15.052260279], [5.7984276, 14.291598131999999, 10.045012866], [2.375829414, 8.0872806, 5.231555007], [0.263981046, 4.766917848, 2.515449447]]",0.0,0.0,1950138.403673135,633.2986162808122,556.8048829869772,29.0,2254.3299967447897,48.84764542936288,150.2045535898479,0.3585539491439072,49.28971862792969,-124.9102783203125,1.950138403673135
08HB008,1917,30.399999618530284,9.0,6.630000114440918,12.0,151.0,351.0,3.0914121238990266,"[[-0.193789554, 4.953077892, 2.3796441689999996], [0.29144728200000003, 7.388417484, 3.839932383], [0.8743418460000001, 10.223543399999999, 5.548942622999999], [2.9373613499999998, 13.58815731, 8.26275933], [6.408788400000001, 18.411533532, 12.410160966], [9.517050773999998, 21.406879158000002, 15.461964966], [11.265734465999998, 24.655524516, 17.960629491], [11.563285356, 25.044629526, 18.303957441], [8.787669617999999, 21.316850940000002, 15.052260279], [5.7984276, 14.291598131999999, 10.045012866], [2.375829414, 8.0872806, 5.231555007], [0.263981046, 4.766917848, 2.515449447]]",0.0,0.0,1950138.403673135,633.2986162808122,556.8048829869772,29.0,2254.3299967447897,48.84764542936288,150.2045535898479,0.3585539491439072,49.28971862792969,-124.9102783203125,1.950138403673135
08HB008,1918,48.20000076293945,10.0,2.8299999237060547,2.0,283.0,351.0,3.0914121238990266,"[[-0.193789554, 4.953077892, 2.3796441689999996], [0.29144728200000003, 7.388417484, 3.839932383], [0.8743418460000001, 10.223543399999999, 5.548942622999999], [2.9373613499999998, 13.58815731, 8.26275933], [6.408788400000001, 18.411533532, 12.410160966], [9.517050773999998, 21.406879158000002, 15.461964966], [11.265734465999998, 24.655524516, 17.960629491], [11.563285356, 25.044629526, 18.303957441], [8.787669617999999, 21.316850940000002, 15.052260279], [5.7984276, 14.291598131999999, 10.045012866], [2.375829414, 8.0872806, 5.231555007], [0.263981046, 4.766917848, 2.515449447]]",0.0,0.0,1950138.403673135,633.2986162808122,556.8048829869772,29.0,2254.3299967447897,48.84764542936288,150.2045535898479,0.3585539491439072,49.28971862792969,-124.9102783203125,1.950138403673135
08HB008,1919,42.29999923706055,10.0,3.109999895095825,12.0,204.0,351.0,3.0914121238990266,"[[-0.193789554, 4.953077892, 2.3796441689999996], [0.29144728200000003, 7.388417484, 3.839932383], [0.8743418460000001, 10.223543399999999, 5.548942622999999], [2.9373613499999998, 13.58815731, 8.26275933], [6.408788400000001, 18.411533532, 12.410160966], [9.517050773999998, 21.406879158000002, 15.461964966], [11.265734465999998, 24.655524516, 17.960629491], [11.563285356, 25.044629526, 18.303957441], [8.787669617999999, 21.316850940000002, 15.052260279], [5.7984276, 14.291598131999999, 10.045012866], [2.375829414, 8.0872806, 5.231555007], [0.263981046, 4.766917848, 2.515449447]]",0.0,0.0,1950138.403673135,633.2986162808122,556.8048829869772,29.0,2254.3299967447897,48.84764542936288,150.2045535898479,0.3585539491439072,49.28971862792969,-124.9102783203125,1.950138403673135
08HB008,1920,38.79999923706055,8.0,4.25,12.0,205.0,351.0,3.0914121238990266,"[[-0.193789554, 4.953077892, 2.3796441689999996], [0.29144728200000003, 7.388417484, 3.839932383], [0.8743418460000001, 10.223543399999999, 5.548942622999999], [2.9373613499999998, 13.58815731, 8.26275933], [6.408788400000001, 18.411533532, 12.410160966], [9.517050773999998, 21.406879158000002, 15.461964966], [11.265734465999998, 24.655524516, 17.960629491], [11.563285356, 25.044629526, 18.303957441], [8.787669617999999, 21.316850940000002, 15.052260279], [5.7984276, 14.291598131999999, 10.045012866], [2.375829414, 8.0872806, 5.231555007], [0.263981046, 4.766917848, 2.515449447]]",0.0,0.0,1950138.403673135,633.2986162808122,556.8048829869772,29.0,2254.3299967447897,48.84764542936288,150.2045535898479,0.3585539491439072,49.28971862792969,-124.9102783203125,1.950138403673135
08HB008,1921,50.29999923706055,9.0,12.699999809265135,10.0,219.0,351.0,3.0914121238990266,"[[-0.193789554, 4.953077892, 2.3796441689999996], [0.29144728200000003, 7.388417484, 3.839932383], [0.8743418460000001, 10.223543399999999, 5.548942622999999], [2.9373613499999998, 13.58815731, 8.26275933], [6.408788400000001, 18.411533532, 12.410160966], [9.517050773999998, 21.406879158000002, 15.461964966], [11.265734465999998, 24.655524516, 17.960629491], [11.563285356, 25.044629526, 18.303957441], [8.787669617999999, 21.316850940000002, 15.052260279], [5.7984276, 14.291598131999999, 10.045012866], [2.375829414, 8.0872806, 5.231555007], [0.263981046, 4.766917848, 2.515449447]]",0.0,0.0,1950138.403673135,633.2986162808122,556.8048829869772,29.0,2254.3299967447897,48.84764542936288,150.2045535898479,0.3585539491439072,49.28971862792969,-124.9102783203125,1.950138403673135
08HB008,1922,29.10000038146973,9.0,6.510000228881836,12.0,195.0,351.0,3.0914121238990266,"[[-0.193789554, 4.953077892, 2.3796441689999996], [0.29144728200000003, 7.388417484, 3.839932383], [0.8743418460000001, 10.223543399999999, 5.548942622999999], [2.9373613499999998, 13.58815731, 8.26275933], [6.408788400000001, 18.411533532, 12.410160966], [9.517050773999998, 21.406879158000002, 15.461964966], [11.265734465999998, 24.655524516, 17.960629491], [11.563285356, 25.044629526, 18.303957441], [8.787669617999999, 21.316850940000002, 15.052260279], [5.7984276, 14.291598131999999, 10.045012866], [2.375829414, 8.0872806, 5.231555007], [0.263981046, 4.766917848, 2.515449447]]",0.0,0.0,1950138.403673135,633.2986162808122,556.8048829869772,29.0,2254.3299967447897,48.84764542936288,150.2045535898479,0.3585539491439072,49.28971862792969,-124.9102783203125,1.950138403673135
08HB008,1923,37.0,9.0,2.490000009536743,12.0,289.0,351.0,3.0914121238990266,"[[-0.193789554, 4.953077892, 2.3796441689999996], [0.29144728200000003, 7.388417484, 3.839932383], [0.8743418460000001, 10.223543399999999, 5.548942622999999], [2.9373613499999998, 13.58815731, 8.26275933], [6.408788400000001, 18.411533532, 12.410160966], [9.517050773999998, 21.406879158000002, 15.461964966], [11.265734465999998, 24.655524516, 17.960629491], [11.563285356, 25.044629526, 18.303957441], [8.787669617999999, 21.316850940000002, 15.052260279], [5.7984276, 14.291598131999999, 10.045012866], [2.375829414, 8.0872806, 5.231555007], [0.263981046, 4.766917848, 2.515449447]]",0.0,0.0,1950138.403673135,633.2986162808122,556.8048829869772,29.0,2254.3299967447897,48.84764542936288,150.2045535898479,0.3585539491439072,49.28971862792969,-124.9102783203125,1.950138403673135
08HB008,1924,40.20000076293945,9.0,1.9800000190734863,2.0,208.0,351.0,3.0914121238990266,"[[-0.193789554, 4.953077892, 2.3796441689999996], [0.29144728200000003, 7.388417484, 3.839932383], [0.8743418460000001, 10.223543399999999, 5.548942622999999], [2.9373613499999998, 13.58815731, 8.26275933], [6.408788400000001, 18.411533532, 12.410160966], [9.517050773999998, 21.406879158000002, 15.461964966], [11.265734465999998, 24.655524516, 17.960629491], [11.563285356, 25.044629526, 18.303957441], [8.787669617999999, 21.316850940000002, 15.052260279], [5.7984276, 14.291598131999999, 10.045012866], [2.375829414, 8.0872806, 5.231555007], [0.263981046, 4.766917848, 2.515449447]]",0.0,0.0,1950138.403673135,633.2986162808122,556.8048829869772,29.0,2254.3299967447897,48.84764542936288,150.2045535898479,0.3585539491439072,49.28971862792969,-124.9102783203125,1.950138403673135
08HB008,1925,32.799999237060554,10.0,2.2100000381469727,12.0,134.0,351.0,3.0914121238990266,"[[-0.193789554, 4.953077892, 2.3796441689999996], [0.29144728200000003, 7.388417484, 3.839932383], [0.8743418460000001, 10.223543399999999, 5.548942622999999], [2.9373613499999998, 13.58815731, 8.26275933], [6.408788400000001, 18.411533532, 12.410160966], [9.517050773999998, 21.406879158000002, 15.461964966], [11.265734465999998, 24.655524516, 17.960629491], [11.563285356, 25.044629526, 18.303957441], [8.787669617999999, 21.316850940000002, 15.052260279], [5.7984276, 14.291598131999999, 10.045012866], [2.375829414, 8.0872806, 5.231555007], [0.263981046, 4.766917848, 2.515449447]]",0.0,0.0,1950138.403673135,633.2986162808122,556.8048829869772,29.0,2254.3299967447897,48.84764542936288,150.2045535898479,0.3585539491439072,49.28971862792969,-124.9102783203125,1.950138403673135
08HB008,1926,33.59999847412109,9.0,2.8299999237060547,12.0,275.0,351.0,3.0914121238990266,"[[-0.193789554, 4.953077892, 2.3796441689999996], [0.29144728200000003, 7.388417484, 3.839932383], [0.8743418460000001, 10.223543399999999, 5.548942622999999], [2.9373613499999998, 13.58815731, 8.26275933], [6.408788400000001, 18.411533532, 12.410160966], [9.517050773999998, 21.406879158000002, 15.461964966], [11.265734465999998, 24.655524516, 17.960629491], [11.563285356, 25.044629526, 18.303957441], [8.787669617999999, 21.316850940000002, 15.052260279], [5.7984276, 14.291598131999999, 10.045012866], [2.375829414, 8.0872806, 5.231555007], [0.263981046, 4.766917848, 2.515449447]]",0.0,0.0,1950138.403673135,633.2986162808122,556.8048829869772,29.0,2254.3299967447897,48.84764542936288,150.2045535898479,0.3585539491439072,49.28971862792969,-124.9102783203125,1.950138403673135
08HB008,1927,47.099998474121094,8.0,7.139999866485597,1.0,354.0,351.0,3.0914121238990266,"[[-0.193789554, 4.953077892, 2.3796441689999996], [0.29144728200000003, 7.388417484, 3.839932383], [0.8743418460000001, 10.223543399999999, 5.548942622999999], [2.9373613499999998, 13.58815731, 8.26275933], [6.408788400000001, 18.411533532, 12.410160966], [9.517050773999998, 21.406879158000002, 15.461964966], [11.265734465999998, 24.655524516, 17.960629491], [11.563285356, 25.044629526, 18.303957441], [8.787669617999999, 21.316850940000002, 15.052260279], [5.7984276, 14.291598131999999, 10.045012866], [2.375829414, 8.0872806, 5.231555007], [0.263981046, 4.766917848, 2.515449447]]",0.0,0.0,1950138.403673135,633.2986162808122,556.8048829869772,29.0,2254.3299967447897,48.84764542936288,150.2045535898479,0.3585539491439072,49.28971862792969,-124.9102783203125,1.950138403673135
08HB008,1928,37.5,9.0,2.4100000858306885,1.0,173.0,351.0,3.0914121238990266,"[[-0.193789554, 4.953077892, 2.3796441689999996], [0.29144728200000003, 7.388417484, 3.839932383], [0.8743418460000001, 10.223543399999999, 5.548942622999999], [2.9373613499999998, 13.58815731, 8.26275933], [6.408788400000001, 18.411533532, 12.410160966], [9.517050773999998, 21.406879158000002, 15.461964966], [11.265734465999998, 24.655524516, 17.960629491], [11.563285356, 25.044629526, 18.303957441], [8.787669617999999, 21.316850940000002, 15.052260279], [5.7984276, 14.291598131999999, 10.045012866], [2.375829414, 8.0872806, 5.231555007], [0.263981046, 4.766917848, 2.515449447]]",0.0,0.0,1950138.403673135,633.2986162808122,556.8048829869772,29.0,2254.3299967447897,48.84764542936288,150.2045535898479,0.3585539491439072,49.28971862792969,-124.9102783203125,1.950138403673135
08HB008,1929,22.200000762939453,10.0,3.4000000953674316,12.0,124.0,351.0,3.0914121238990266,"[[-0.193789554, 4.953077892, 2.3796441689999996], [0.29144728200000003, 7.388417484, 3.839932383], [0.8743418460000001, 10.223543399999999, 5.548942622999999], [2.9373613499999998, 13.58815731, 8.26275933], [6.408788400000001, 18.411533532, 12.410160966], [9.517050773999998, 21.406879158000002, 15.461964966], [11.265734465999998, 24.655524516, 17.960629491], [11.563285356, 25.044629526, 18.303957441], [8.787669617999999, 21.316850940000002, 15.052260279], [5.7984276, 14.291598131999999, 10.045012866], [2.375829414, 8.0872806, 5.231555007], [0.263981046, 4.766917848, 2.515449447]]",0.0,0.0,1950138.403673135,633.2986162808122,556.8048829869772,29.0,2254.3299967447897,48.84764542936288,150.2045535898479,0.3585539491439072,49.28971862792969,-124.9102783203125,1.950138403673135
08HB008,1930,29.5,9.0,1.8400000333786009,2.0,127.0,351.0,3.0914121238990266,"[[-0.193789554, 4.953077892, 2.3796441689999996], [0.29144728200000003, 7.388417484, 3.839932383], [0.8743418460000001, 10.223543399999999, 5.548942622999999], [2.9373613499999998, 13.58815731, 8.26275933], [6.408788400000001, 18.411533532, 12.410160966], [9.517050773999998, 21.406879158000002, 15.461964966], [11.265734465999998, 24.655524516, 17.960629491], [11.563285356, 25.044629526, 18.303957441], [8.787669617999999, 21.316850940000002, 15.052260279], [5.7984276, 14.291598131999999, 10.045012866], [2.375829414, 8.0872806, 5.231555007], [0.263981046, 4.766917848, 2.515449447]]",0.0,0.0,1950138.403673135,633.2986162808122,556.8048829869772,29.0,2254.3299967447897,48.84764542936288,150.2045535898479,0.3585539491439072,49.28971862792969,-124.9102783203125,1.950138403673135
08HB008,1942,24.60000038146973,9.0,2.8299999237060547,12.0,79.0,351.0,3.0914121238990266,"[[-0.193789554, 4.953077892, 2.3796441689999996], [0.29144728200000003, 7.388417484, 3.839932383], [0.8743418460000001, 10.223543399999999, 5.548942622999999], [2.9373613499999998, 13.58815731, 8.26275933], [6.408788400000001, 18.411533532, 12.410160966], [9.517050773999998, 21.406879158000002, 15.461964966], [11.265734465999998, 24.655524516, 17.960629491], [11.563285356, 25.044629526, 18.303957441], [8.787669617999999, 21.316850940000002, 15.052260279], [5.7984276, 14.291598131999999, 10.045012866], [2.375829414, 8.0872806, 5.231555007], [0.263981046, 4.766917848, 2.515449447]]",0.0,0.0,1950138.403673135,633.2986162808122,556.8048829869772,29.0,2254.3299967447897,48.84764542936288,150.2045535898479,0.3585539491439072,49.28971862792969,-124.9102783203125,1.950138403673135
08HB008,1943,25.79999923706055,9.0,4.1599998474121085,4.0,110.0,351.0,3.0914121238990266,"[[-0.193789554, 4.953077892, 2.3796441689999996], [0.29144728200000003, 7.388417484, 3.839932383], [0.8743418460000001, 10.223543399999999, 5.548942622999999], [2.9373613499999998, 13.58815731, 8.26275933], [6.408788400000001, 18.411533532, 12.410160966], [9.517050773999998, 21.406879158000002, 15.461964966], [11.265734465999998, 24.655524516, 17.960629491], [11.563285356, 25.044629526, 18.303957441], [8.787669617999999, 21.316850940000002, 15.052260279], [5.7984276, 14.291598131999999, 10.045012866], [2.375829414, 8.0872806, 5.231555007], [0.263981046, 4.766917848, 2.515449447]]",0.0,0.0,1950138.403673135,633.2986162808122,556.8048829869772,29.0,2254.3299967447897,48.84764542936288,150.2045535898479,0.3585539491439072,49.28971862792969,-124.9102783203125,1.950138403673135
08HB008,1944,27.5,9.0,1.559999942779541,1.0,191.0,351.0,3.0914121238990266,"[[-0.193789554, 4.953077892, 2.3796441689999996], [0.29144728200000003, 7.388417484, 3.839932383], [0.8743418460000001, 10.223543399999999, 5.548942622999999], [2.9373613499999998, 13.58815731, 8.26275933], [6.408788400000001, 18.411533532, 12.410160966], [9.517050773999998, 21.406879158000002, 15.461964966], [11.265734465999998, 24.655524516, 17.960629491], [11.563285356, 25.044629526, 18.303957441], [8.787669617999999, 21.316850940000002, 15.052260279], [5.7984276, 14.291598131999999, 10.045012866], [2.375829414, 8.0872806, 5.231555007], [0.263981046, 4.766917848, 2.515449447]]",0.0,0.0,1950138.403673135,633.2986162808122,556.8048829869772,29.0,2254.3299967447897,48.84764542936288,150.2045535898479,0.3585539491439072,49.28971862792969,-124.9102783203125,1.950138403673135
08HB008,1945,34.400001525878906,10.0,4.130000114440918,12.0,156.0,351.0,3.0914121238990266,"[[-0.193789554, 4.953077892, 2.3796441689999996], [0.29144728200000003, 7.388417484, 3.839932383], [0.8743418460000001, 10.223543399999999, 5.548942622999999], [2.9373613499999998, 13.58815731, 8.26275933], [6.408788400000001, 18.411533532, 12.410160966], [9.517050773999998, 21.406879158000002, 15.461964966], [11.265734465999998, 24.655524516, 17.960629491], [11.563285356, 25.044629526, 18.303957441], [8.787669617999999, 21.316850940000002, 15.052260279], [5.7984276, 14.291598131999999, 10.045012866], [2.375829414, 8.0872806, 5.231555007], [0.263981046, 4.766917848, 2.515449447]]",0.0,0.0,1950138.403673135,633.2986162808122,556.8048829869772,29.0,2254.3299967447897,48.84764542936288,150.2045535898479,0.3585539491439072,49.28971862792969,-124.9102783203125,1.950138403673135
08HB008,1946,39.400001525878906,10.0,7.449999809265138,12.0,118.0,351.0,3.0914121238990266,"[[-0.193789554, 4.953077892, 2.3796441689999996], [0.29144728200000003, 7.388417484, 3.839932383], [0.8743418460000001, 10.223543399999999, 5.548942622999999], [2.9373613499999998, 13.58815731, 8.26275933], [6.408788400000001, 18.411533532, 12.410160966], [9.517050773999998, 21.406879158000002, 15.461964966], [11.265734465999998, 24.655524516, 17.960629491], [11.563285356, 25.044629526, 18.303957441], [8.787669617999999, 21.316850940000002, 15.052260279], [5.7984276, 14.291598131999999, 10.045012866], [2.375829414, 8.0872806, 5.231555007], [0.263981046, 4.766917848, 2.515449447]]",0.0,0.0,1950138.403673135,633.2986162808122,556.8048829869772,29.0,2254.3299967447897,48.84764542936288,150.2045535898479,0.3585539491439072,49.28971862792969,-124.9102783203125,1.950138403673135
08HB008,1947,33.5,10.0,4.329999923706056,2.0,163.0,351.0,3.0914121238990266,"[[-0.193789554, 4.953077892, 2.3796441689999996], [0.29144728200000003, 7.388417484, 3.839932383], [0.8743418460000001, 10.223543399999999, 5.548942622999999], [2.9373613499999998, 13.58815731, 8.26275933], [6.408788400000001, 18.411533532, 12.410160966], [9.517050773999998, 21.406879158000002, 15.461964966], [11.265734465999998, 24.655524516, 17.960629491], [11.563285356, 25.044629526, 18.303957441], [8.787669617999999, 21.316850940000002, 15.052260279], [5.7984276, 14.291598131999999, 10.045012866], [2.375829414, 8.0872806, 5.231555007], [0.263981046, 4.766917848, 2.515449447]]",0.0,0.0,1950138.403673135,633.2986162808122,556.8048829869772,29.0,2254.3299967447897,48.84764542936288,150.2045535898479,0.3585539491439072,49.28971862792969,-124.9102783203125,1.950138403673135
08HB008,1948,37.0,8.0,6.139999866485597,1.0,114.0,351.0,3.0914121238990266,"[[-0.193789554, 4.953077892, 2.3796441689999996], [0.29144728200000003, 7.388417484, 3.839932383], [0.8743418460000001, 10.223543399999999, 5.548942622999999], [2.9373613499999998, 13.58815731, 8.26275933], [6.408788400000001, 18.411533532, 12.410160966], [9.517050773999998, 21.406879158000002, 15.461964966], [11.265734465999998, 24.655524516, 17.960629491], [11.563285356, 25.044629526, 18.303957441], [8.787669617999999, 21.316850940000002, 15.052260279], [5.7984276, 14.291598131999999, 10.045012866], [2.375829414, 8.0872806, 5.231555007], [0.263981046, 4.766917848, 2.515449447]]",0.0,0.0,1950138.403673135,633.2986162808122,556.8048829869772,29.0,2254.3299967447897,48.84764542936288,150.2045535898479,0.3585539491439072,49.28971862792969,-124.9102783203125,1.950138403673135
08HB008,1949,34.400001525878906,9.0,7.960000038146973,12.0,214.0,351.0,3.0914121238990266,"[[-0.193789554, 4.953077892, 2.3796441689999996], [0.29144728200000003, 7.388417484, 3.839932383], [0.8743418460000001, 10.223543399999999, 5.548942622999999], [2.9373613499999998, 13.58815731, 8.26275933], [6.408788400000001, 18.411533532, 12.410160966], [9.517050773999998, 21.406879158000002, 15.461964966], [11.265734465999998, 24.655524516, 17.960629491], [11.563285356, 25.044629526, 18.303957441], [8.787669617999999, 21.316850940000002, 15.052260279], [5.7984276, 14.291598131999999, 10.045012866], [2.375829414, 8.0872806, 5.231555007], [0.263981046, 4.766917848, 2.515449447]]",0.0,0.0,1950138.403673135,633.2986162808122,556.8048829869772,29.0,2254.3299967447897,48.84764542936288,150.2045535898479,0.3585539491439072,49.28971862792969,-124.9102783203125,1.950138403673135
08HB008,1950,45.099998474121094,9.0,5.380000114440918,12.0,155.0,351.0,3.0914121238990266,"[[-0.193789554, 4.953077892, 2.3796441689999996], [0.29144728200000003, 7.388417484, 3.839932383], [0.8743418460000001, 10.223543399999999, 5.548942622999999], [2.9373613499999998, 13.58815731, 8.26275933], [6.408788400000001, 18.411533532, 12.410160966], [9.517050773999998, 21.406879158000002, 15.461964966], [11.265734465999998, 24.655524516, 17.960629491], [11.563285356, 25.044629526, 18.303957441], [8.787669617999999, 21.316850940000002, 15.052260279], [5.7984276, 14.291598131999999, 10.045012866], [2.375829414, 8.0872806, 5.231555007], [0.263981046, 4.766917848, 2.515449447]]",0.0,0.0,1950138.403673135,633.2986162808122,556.8048829869772,29.0,2254.3299967447897,48.84764542936288,150.2045535898479,0.3585539491439072,49.28971862792969,-124.9102783203125,1.950138403673135
08HB008,1951,30.0,9.0,1.5299999713897705,12.0,147.0,351.0,3.0914121238990266,"[[-0.193789554, 4.953077892, 2.3796441689999996], [0.29144728200000003, 7.388417484, 3.839932383], [0.8743418460000001, 10.223543399999999, 5.548942622999999], [2.9373613499999998, 13.58815731, 8.26275933], [6.408788400000001, 18.411533532, 12.410160966], [9.517050773999998, 21.406879158000002, 15.461964966], [11.265734465999998, 24.655524516, 17.960629491], [11.563285356, 25.044629526, 18.303957441], [8.787669617999999, 21.316850940000002, 15.052260279], [5.7984276, 14.291598131999999, 10.045012866], [2.375829414, 8.0872806, 5.231555007], [0.263981046, 4.766917848, 2.515449447]]",0.0,0.0,1950138.403673135,633.2986162808122,556.8048829869772,29.0,2254.3299967447897,48.84764542936288,150.2045535898479,0.3585539491439072,49.28971862792969,-124.9102783203125,1.950138403673135
08HB008,1952,35.599998474121094,10.0,6.03000020980835,2.0,125.0,351.0,3.0914121238990266,"[[-0.193789554, 4.953077892, 2.3796441689999996], [0.29144728200000003, 7.388417484, 3.839932383], [0.8743418460000001, 10.223543399999999, 5.548942622999999], [2.9373613499999998, 13.58815731, 8.26275933], [6.408788400000001, 18.411533532, 12.410160966], [9.517050773999998, 21.406879158000002, 15.461964966], [11.265734465999998, 24.655524516, 17.960629491], [11.563285356, 25.044629526, 18.303957441], [8.787669617999999, 21.316850940000002, 15.052260279], [5.7984276, 14.291598131999999, 10.045012866], [2.375829414, 8.0872806, 5.231555007], [0.263981046, 4.766917848, 2.515449447]]",0.0,0.0,1950138.403673135,633.2986162808122,556.8048829869772,29.0,2254.3299967447897,48.84764542936288,150.2045535898479,0.3585539491439072,49.28971862792969,-124.9102783203125,1.950138403673135
08HB008,1953,50.099998474121094,9.0,6.9099998474121085,11.0,245.0,351.0,3.0914121238990266,"[[-0.193789554, 4.953077892, 2.3796441689999996], [0.29144728200000003, 7.388417484, 3.839932383], [0.8743418460000001, 10.223543399999999, 5.548942622999999], [2.9373613499999998, 13.58815731, 8.26275933], [6.408788400000001, 18.411533532, 12.410160966], [9.517050773999998, 21.406879158000002, 15.461964966], [11.265734465999998, 24.655524516, 17.960629491], [11.563285356, 25.044629526, 18.303957441], [8.787669617999999, 21.316850940000002, 15.052260279], [5.7984276, 14.291598131999999, 10.045012866], [2.375829414, 8.0872806, 5.231555007], [0.263981046, 4.766917848, 2.515449447]]",0.0,0.0,1950138.403673135,633.2986162808122,556.8048829869772,29.0,2254.3299967447897,48.84764542936288,150.2045535898479,0.3585539491439072,49.28971862792969,-124.9102783203125,1.950138403673135
08HB008,1954,44.900001525878906,10.0,6.9099998474121085,11.0,221.0,351.0,3.0914121238990266,"[[-0.193789554, 4.953077892, 2.3796441689999996], [0.29144728200000003, 7.388417484, 3.839932383], [0.8743418460000001, 10.223543399999999, 5.548942622999999], [2.9373613499999998, 13.58815731, 8.26275933], [6.408788400000001, 18.411533532, 12.410160966], [9.517050773999998, 21.406879158000002, 15.461964966], [11.265734465999998, 24.655524516, 17.960629491], [11.563285356, 25.044629526, 18.303957441], [8.787669617999999, 21.316850940000002, 15.052260279], [5.7984276, 14.291598131999999, 10.045012866], [2.375829414, 8.0872806, 5.231555007], [0.263981046, 4.766917848, 2.515449447]]",0.0,0.0,1950138.403673135,633.2986162808122,556.8048829869772,29.0,2254.3299967447897,48.84764542936288,150.2045535898479,0.3585539491439072,49.28971862792969,-124.9102783203125,1.950138403673135
08HB008,1955,30.70000076293945,9.0,6.800000190734862,11.0,146.0,351.0,3.0914121238990266,"[[-0.193789554, 4.953077892, 2.3796441689999996], [0.29144728200000003, 7.388417484, 3.839932383], [0.8743418460000001, 10.223543399999999, 5.548942622999999], [2.9373613499999998, 13.58815731, 8.26275933], [6.408788400000001, 18.411533532, 12.410160966], [9.517050773999998, 21.406879158000002, 15.461964966], [11.265734465999998, 24.655524516, 17.960629491], [11.563285356, 25.044629526, 18.303957441], [8.787669617999999, 21.316850940000002, 15.052260279], [5.7984276, 14.291598131999999, 10.045012866], [2.375829414, 8.0872806, 5.231555007], [0.263981046, 4.766917848, 2.515449447]]",0.0,0.0,1950138.403673135,633.2986162808122,556.8048829869772,29.0,2254.3299967447897,48.84764542936288,150.2045535898479,0.3585539491439072,49.28971862792969,-124.9102783203125,1.950138403673135
08HB008,1956,38.599998474121094,9.0,6.630000114440918,12.0,89.5,351.0,3.0914121238990266,"[[-0.193789554, 4.953077892, 2.3796441689999996], [0.29144728200000003, 7.388417484, 3.839932383], [0.8743418460000001, 10.223543399999999, 5.548942622999999], [2.9373613499999998, 13.58815731, 8.26275933], [6.408788400000001, 18.411533532, 12.410160966], [9.517050773999998, 21.406879158000002, 15.461964966], [11.265734465999998, 24.655524516, 17.960629491], [11.563285356, 25.044629526, 18.303957441], [8.787669617999999, 21.316850940000002, 15.052260279], [5.7984276, 14.291598131999999, 10.045012866], [2.375829414, 8.0872806, 5.231555007], [0.263981046, 4.766917848, 2.515449447]]",0.0,0.0,1950138.403673135,633.2986162808122,556.8048829869772,29.0,2254.3299967447897,48.84764542936288,150.2045535898479,0.3585539491439072,49.28971862792969,-124.9102783203125,1.950138403673135
08HB008,1957,35.400001525878906,9.0,5.380000114440918,12.0,104.0,351.0,3.0914121238990266,"[[-0.193789554, 4.953077892, 2.3796441689999996], [0.29144728200000003, 7.388417484, 3.839932383], [0.8743418460000001, 10.223543399999999, 5.548942622999999], [2.9373613499999998, 13.58815731, 8.26275933], [6.408788400000001, 18.411533532, 12.410160966], [9.517050773999998, 21.406879158000002, 15.461964966], [11.265734465999998, 24.655524516, 17.960629491], [11.563285356, 25.044629526, 18.303957441], [8.787669617999999, 21.316850940000002, 15.052260279], [5.7984276, 14.291598131999999, 10.045012866], [2.375829414, 8.0872806, 5.231555007], [0.263981046, 4.766917848, 2.515449447]]",0.0,0.0,1950138.403673135,633.2986162808122,556.8048829869772,29.0,2254.3299967447897,48.84764542936288,150.2045535898479,0.3585539491439072,49.28971862792969,-124.9102783203125,1.950138403673135
08HB008,1958,46.79999923706055,8.0,2.3199999332427983,12.0,235.0,351.0,3.0914121238990266,"[[-0.193789554, 4.953077892, 2.3796441689999996], [0.29144728200000003, 7.388417484, 3.839932383], [0.8743418460000001, 10.223543399999999, 5.548942622999999], [2.9373613499999998, 13.58815731, 8.26275933], [6.408788400000001, 18.411533532, 12.410160966], [9.517050773999998, 21.406879158000002, 15.461964966], [11.265734465999998, 24.655524516, 17.960629491], [11.563285356, 25.044629526, 18.303957441], [8.787669617999999, 21.316850940000002, 15.052260279], [5.7984276, 14.291598131999999, 10.045012866], [2.375829414, 8.0872806, 5.231555007], [0.263981046, 4.766917848, 2.515449447]]",0.0,0.0,1950138.403673135,633.2986162808122,556.8048829869772,29.0,2254.3299967447897,48.84764542936288,150.2045535898479,0.3585539491439072,49.28971862792969,-124.9102783203125,1.950138403673135
08HB008,1959,33.900001525878906,9.0,4.619999885559082,1.0,116.0,351.0,3.0914121238990266,"[[-0.193789554, 4.953077892, 2.3796441689999996], [0.29144728200000003, 7.388417484, 3.839932383], [0.8743418460000001, 10.223543399999999, 5.548942622999999], [2.9373613499999998, 13.58815731, 8.26275933], [6.408788400000001, 18.411533532, 12.410160966], [9.517050773999998, 21.406879158000002, 15.461964966], [11.265734465999998, 24.655524516, 17.960629491], [11.563285356, 25.044629526, 18.303957441], [8.787669617999999, 21.316850940000002, 15.052260279], [5.7984276, 14.291598131999999, 10.045012866], [2.375829414, 8.0872806, 5.231555007], [0.263981046, 4.766917848, 2.515449447]]",0.0,0.0,1950138.403673135,633.2986162808122,556.8048829869772,29.0,2254.3299967447897,48.84764542936288,150.2045535898479,0.3585539491439072,49.28971862792969,-124.9102783203125,1.950138403673135
08HB008,1960,37.79999923706055,9.0,4.730000019073486,12.0,147.0,351.0,3.0914121238990266,"[[-0.193789554, 4.953077892, 2.3796441689999996], [0.29144728200000003, 7.388417484, 3.839932383], [0.8743418460000001, 10.223543399999999, 5.548942622999999], [2.9373613499999998, 13.58815731, 8.26275933], [6.408788400000001, 18.411533532, 12.410160966], [9.517050773999998, 21.406879158000002, 15.461964966], [11.265734465999998, 24.655524516, 17.960629491], [11.563285356, 25.044629526, 18.303957441], [8.787669617999999, 21.316850940000002, 15.052260279], [5.7984276, 14.291598131999999, 10.045012866], [2.375829414, 8.0872806, 5.231555007], [0.263981046, 4.766917848, 2.515449447]]",0.0,0.0,1950138.403673135,633.2986162808122,556.8048829869772,29.0,2254.3299967447897,48.84764542936288,150.2045535898479,0.3585539491439072,49.28971862792969,-124.9102783203125,1.950138403673135
08HB008,1961,43.5,8.0,1.7599999904632568,1.0,300.0,351.0,3.0914121238990266,"[[-0.193789554, 4.953077892, 2.3796441689999996], [0.29144728200000003, 7.388417484, 3.839932383], [0.8743418460000001, 10.223543399999999, 5.548942622999999], [2.9373613499999998, 13.58815731, 8.26275933], [6.408788400000001, 18.411533532, 12.410160966], [9.517050773999998, 21.406879158000002, 15.461964966], [11.265734465999998, 24.655524516, 17.960629491], [11.563285356, 25.044629526, 18.303957441], [8.787669617999999, 21.316850940000002, 15.052260279], [5.7984276, 14.291598131999999, 10.045012866], [2.375829414, 8.0872806, 5.231555007], [0.263981046, 4.766917848, 2.515449447]]",0.0,0.0,1950138.403673135,633.2986162808122,556.8048829869772,29.0,2254.3299967447897,48.84764542936288,150.2045535898479,0.3585539491439072,49.28971862792969,-124.9102783203125,1.950138403673135
08HB008,1962,38.599998474121094,9.0,2.240000009536743,12.0,203.0,351.0,3.0914121238990266,"[[-0.193789554, 4.953077892, 2.3796441689999996], [0.29144728200000003, 7.388417484, 3.839932383], [0.8743418460000001, 10.223543399999999, 5.548942622999999], [2.9373613499999998, 13.58815731, 8.26275933], [6.408788400000001, 18.411533532, 12.410160966], [9.517050773999998, 21.406879158000002, 15.461964966], [11.265734465999998, 24.655524516, 17.960629491], [11.563285356, 25.044629526, 18.303957441], [8.787669617999999, 21.316850940000002, 15.052260279], [5.7984276, 14.291598131999999, 10.045012866], [2.375829414, 8.0872806, 5.231555007], [0.263981046, 4.766917848, 2.515449447]]",0.0,0.0,1950138.403673135,633.2986162808122,556.8048829869772,29.0,2254.3299967447897,48.84764542936288,150.2045535898479,0.3585539491439072,49.28971862792969,-124.9102783203125,1.950138403673135
08HB008,1963,42.900001525878906,10.0,1.0800000429153442,2.0,221.0,351.0,3.0914121238990266,"[[-0.193789554, 4.953077892, 2.3796441689999996], [0.29144728200000003, 7.388417484, 3.839932383], [0.8743418460000001, 10.223543399999999, 5.548942622999999], [2.9373613499999998, 13.58815731, 8.26275933], [6.408788400000001, 18.411533532, 12.410160966], [9.517050773999998, 21.406879158000002, 15.461964966], [11.265734465999998, 24.655524516, 17.960629491], [11.563285356, 25.044629526, 18.303957441], [8.787669617999999, 21.316850940000002, 15.052260279], [5.7984276, 14.291598131999999, 10.045012866], [2.375829414, 8.0872806, 5.231555007], [0.263981046, 4.766917848, 2.515449447]]",0.0,0.0,1950138.403673135,633.2986162808122,556.8048829869772,29.0,2254.3299967447897,48.84764542936288,150.2045535898479,0.3585539491439072,49.28971862792969,-124.9102783203125,1.950138403673135
08HB008,1964,34.59999847412109,9.0,5.380000114440918,1.0,147.0,351.0,3.0914121238990266,"[[-0.193789554, 4.953077892, 2.3796441689999996], [0.29144728200000003, 7.388417484, 3.839932383], [0.8743418460000001, 10.223543399999999, 5.548942622999999], [2.9373613499999998, 13.58815731, 8.26275933], [6.408788400000001, 18.411533532, 12.410160966], [9.517050773999998, 21.406879158000002, 15.461964966], [11.265734465999998, 24.655524516, 17.960629491], [11.563285356, 25.044629526, 18.303957441], [8.787669617999999, 21.316850940000002, 15.052260279], [5.7984276, 14.291598131999999, 10.045012866], [2.375829414, 8.0872806, 5.231555007], [0.263981046, 4.766917848, 2.515449447]]",0.0,0.0,1950138.403673135,633.2986162808122,556.8048829869772,29.0,2254.3299967447897,48.84764542936288,150.2045535898479,0.3585539491439072,49.28971862792969,-124.9102783203125,1.950138403673135
08HB008,1965,34.200000762939446,8.0,1.7000000476837158,12.0,154.0,351.0,3.0914121238990266,"[[-0.193789554, 4.953077892, 2.3796441689999996], [0.29144728200000003, 7.388417484, 3.839932383], [0.8743418460000001, 10.223543399999999, 5.548942622999999], [2.9373613499999998, 13.58815731, 8.26275933], [6.408788400000001, 18.411533532, 12.410160966], [9.517050773999998, 21.406879158000002, 15.461964966], [11.265734465999998, 24.655524516, 17.960629491], [11.563285356, 25.044629526, 18.303957441], [8.787669617999999, 21.316850940000002, 15.052260279], [5.7984276, 14.291598131999999, 10.045012866], [2.375829414, 8.0872806, 5.231555007], [0.263981046, 4.766917848, 2.515449447]]",0.0,0.0,1950138.403673135,633.2986162808122,556.8048829869772,29.0,2254.3299967447897,48.84764542936288,150.2045535898479,0.3585539491439072,49.28971862792969,-124.9102783203125,1.950138403673135
08HB008,1966,48.0,9.0,4.389999866485597,12.0,278.0,351.0,3.0914121238990266,"[[-0.193789554, 4.953077892, 2.3796441689999996], [0.29144728200000003, 7.388417484, 3.839932383], [0.8743418460000001, 10.223543399999999, 5.548942622999999], [2.9373613499999998, 13.58815731, 8.26275933], [6.408788400000001, 18.411533532, 12.410160966], [9.517050773999998, 21.406879158000002, 15.461964966], [11.265734465999998, 24.655524516, 17.960629491], [11.563285356, 25.044629526, 18.303957441], [8.787669617999999, 21.316850940000002, 15.052260279], [5.7984276, 14.291598131999999, 10.045012866], [2.375829414, 8.0872806, 5.231555007], [0.263981046, 4.766917848, 2.515449447]]",0.0,0.0,1950138.403673135,633.2986162808122,556.8048829869772,29.0,2254.3299967447897,48.84764542936288,150.2045535898479,0.3585539491439072,49.28971862792969,-124.9102783203125,1.950138403673135
08HB008,1967,39.099998474121094,8.0,2.2899999618530282,10.0,154.0,351.0,3.0914121238990266,"[[-0.193789554, 4.953077892, 2.3796441689999996], [0.29144728200000003, 7.388417484, 3.839932383], [0.8743418460000001, 10.223543399999999, 5.548942622999999], [2.9373613499999998, 13.58815731, 8.26275933], [6.408788400000001, 18.411533532, 12.410160966], [9.517050773999998, 21.406879158000002, 15.461964966], [11.265734465999998, 24.655524516, 17.960629491], [11.563285356, 25.044629526, 18.303957441], [8.787669617999999, 21.316850940000002, 15.052260279], [5.7984276, 14.291598131999999, 10.045012866], [2.375829414, 8.0872806, 5.231555007], [0.263981046, 4.766917848, 2.515449447]]",0.0,0.0,1950138.403673135,633.2986162808122,556.8048829869772,29.0,2254.3299967447897,48.84764542936288,150.2045535898479,0.3585539491439072,49.28971862792969,-124.9102783203125,1.950138403673135
08HB008,1968,49.599998474121094,8.0,3.4000000953674316,1.0,365.0,351.0,3.0914121238990266,"[[-0.193789554, 4.953077892, 2.3796441689999996], [0.29144728200000003, 7.388417484, 3.839932383], [0.8743418460000001, 10.223543399999999, 5.548942622999999], [2.9373613499999998, 13.58815731, 8.26275933], [6.408788400000001, 18.411533532, 12.410160966], [9.517050773999998, 21.406879158000002, 15.461964966], [11.265734465999998, 24.655524516, 17.960629491], [11.563285356, 25.044629526, 18.303957441], [8.787669617999999, 21.316850940000002, 15.052260279], [5.7984276, 14.291598131999999, 10.045012866], [2.375829414, 8.0872806, 5.231555007], [0.263981046, 4.766917848, 2.515449447]]",0.0,0.0,1950138.403673135,633.2986162808122,556.8048829869772,29.0,2254.3299967447897,48.84764542936288,150.2045535898479,0.3585539491439072,49.28971862792969,-124.9102783203125,1.950138403673135
08HB008,1969,40.20000076293945,8.0,2.630000114440918,5.0,105.0,351.0,3.0914121238990266,"[[-0.193789554, 4.953077892, 2.3796441689999996], [0.29144728200000003, 7.388417484, 3.839932383], [0.8743418460000001, 10.223543399999999, 5.548942622999999], [2.9373613499999998, 13.58815731, 8.26275933], [6.408788400000001, 18.411533532, 12.410160966], [9.517050773999998, 21.406879158000002, 15.461964966], [11.265734465999998, 24.655524516, 17.960629491], [11.563285356, 25.044629526, 18.303957441], [8.787669617999999, 21.316850940000002, 15.052260279], [5.7984276, 14.291598131999999, 10.045012866], [2.375829414, 8.0872806, 5.231555007], [0.263981046, 4.766917848, 2.515449447]]",0.0,0.0,1950138.403673135,633.2986162808122,556.8048829869772,29.0,2254.3299967447897,48.84764542936288,150.2045535898479,0.3585539491439072,49.28971862792969,-124.9102783203125,1.950138403673135
08HB008,1970,25.70000076293945,9.0,2.5199999809265137,11.0,68.19999694824219,351.0,3.0914121238990266,"[[-0.193789554, 4.953077892, 2.3796441689999996], [0.29144728200000003, 7.388417484, 3.839932383], [0.8743418460000001, 10.223543399999999, 5.548942622999999], [2.9373613499999998, 13.58815731, 8.26275933], [6.408788400000001, 18.411533532, 12.410160966], [9.517050773999998, 21.406879158000002, 15.461964966], [11.265734465999998, 24.655524516, 17.960629491], [11.563285356, 25.044629526, 18.303957441], [8.787669617999999, 21.316850940000002, 15.052260279], [5.7984276, 14.291598131999999, 10.045012866], [2.375829414, 8.0872806, 5.231555007], [0.263981046, 4.766917848, 2.515449447]]",0.0,0.0,1950138.403673135,633.2986162808122,556.8048829869772,29.0,2254.3299967447897,48.84764542936288,150.2045535898479,0.3585539491439072,49.28971862792969,-124.9102783203125,1.950138403673135
08HB008,1971,41.29999923706055,8.0,10.800000190734863,11.0,159.0,351.0,3.0914121238990266,"[[-0.193789554, 4.953077892, 2.3796441689999996], [0.29144728200000003, 7.388417484, 3.839932383], [0.8743418460000001, 10.223543399999999, 5.548942622999999], [2.9373613499999998, 13.58815731, 8.26275933], [6.408788400000001, 18.411533532, 12.410160966], [9.517050773999998, 21.406879158000002, 15.461964966], [11.265734465999998, 24.655524516, 17.960629491], [11.563285356, 25.044629526, 18.303957441], [8.787669617999999, 21.316850940000002, 15.052260279], [5.7984276, 14.291598131999999, 10.045012866], [2.375829414, 8.0872806, 5.231555007], [0.263981046, 4.766917848, 2.515449447]]",0.0,0.0,1950138.403673135,633.2986162808122,556.8048829869772,29.0,2254.3299967447897,48.84764542936288,150.2045535898479,0.3585539491439072,49.28971862792969,-124.9102783203125,1.950138403673135
08HB008,1972,34.200000762939446,10.0,3.7699999809265137,3.0,170.0,351.0,3.0914121238990266,"[[-0.193789554, 4.953077892, 2.3796441689999996], [0.29144728200000003, 7.388417484, 3.839932383], [0.8743418460000001, 10.223543399999999, 5.548942622999999], [2.9373613499999998, 13.58815731, 8.26275933], [6.408788400000001, 18.411533532, 12.410160966], [9.517050773999998, 21.406879158000002, 15.461964966], [11.265734465999998, 24.655524516, 17.960629491], [11.563285356, 25.044629526, 18.303957441], [8.787669617999999, 21.316850940000002, 15.052260279], [5.7984276, 14.291598131999999, 10.045012866], [2.375829414, 8.0872806, 5.231555007], [0.263981046, 4.766917848, 2.515449447]]",0.0,0.0,1950138.403673135,633.2986162808122,556.8048829869772,29.0,2254.3299967447897,48.84764542936288,150.2045535898479,0.3585539491439072,49.28971862792969,-124.9102783203125,1.950138403673135
08HB008,1973,37.599998474121094,9.0,2.8299999237060547,12.0,183.0,351.0,3.0914121238990266,"[[-0.193789554, 4.953077892, 2.3796441689999996], [0.29144728200000003, 7.388417484, 3.839932383], [0.8743418460000001, 10.223543399999999, 5.548942622999999], [2.9373613499999998, 13.58815731, 8.26275933], [6.408788400000001, 18.411533532, 12.410160966], [9.517050773999998, 21.406879158000002, 15.461964966], [11.265734465999998, 24.655524516, 17.960629491], [11.563285356, 25.044629526, 18.303957441], [8.787669617999999, 21.316850940000002, 15.052260279], [5.7984276, 14.291598131999999, 10.045012866], [2.375829414, 8.0872806, 5.231555007], [0.263981046, 4.766917848, 2.515449447]]",0.0,0.0,1950138.403673135,633.2986162808122,556.8048829869772,29.0,2254.3299967447897,48.84764542936288,150.2045535898479,0.3585539491439072,49.28971862792969,-124.9102783203125,1.950138403673135
08HB008,1974,45.79999923706055,10.0,5.099999904632568,1.0,212.0,351.0,3.0914121238990266,"[[-0.193789554, 4.953077892, 2.3796441689999996], [0.29144728200000003, 7.388417484, 3.839932383], [0.8743418460000001, 10.223543399999999, 5.548942622999999], [2.9373613499999998, 13.58815731, 8.26275933], [6.408788400000001, 18.411533532, 12.410160966], [9.517050773999998, 21.406879158000002, 15.461964966], [11.265734465999998, 24.655524516, 17.960629491], [11.563285356, 25.044629526, 18.303957441], [8.787669617999999, 21.316850940000002, 15.052260279], [5.7984276, 14.291598131999999, 10.045012866], [2.375829414, 8.0872806, 5.231555007], [0.263981046, 4.766917848, 2.515449447]]",0.0,0.0,1950138.403673135,633.2986162808122,556.8048829869772,29.0,2254.3299967447897,48.84764542936288,150.2045535898479,0.3585539491439072,49.28971862792969,-124.9102783203125,1.950138403673135
08HB008,1975,43.70000076293945,8.0,5.949999809265138,11.0,292.0,351.0,3.0914121238990266,"[[-0.193789554, 4.953077892, 2.3796441689999996], [0.29144728200000003, 7.388417484, 3.839932383], [0.8743418460000001, 10.223543399999999, 5.548942622999999], [2.9373613499999998, 13.58815731, 8.26275933], [6.408788400000001, 18.411533532, 12.410160966], [9.517050773999998, 21.406879158000002, 15.461964966], [11.265734465999998, 24.655524516, 17.960629491], [11.563285356, 25.044629526, 18.303957441], [8.787669617999999, 21.316850940000002, 15.052260279], [5.7984276, 14.291598131999999, 10.045012866], [2.375829414, 8.0872806, 5.231555007], [0.263981046, 4.766917848, 2.515449447]]",0.0,0.0,1950138.403673135,633.2986162808122,556.8048829869772,29.0,2254.3299967447897,48.84764542936288,150.2045535898479,0.3585539491439072,49.28971862792969,-124.9102783203125,1.950138403673135
08HB008,1976,31.29999923706055,10.0,5.039999961853027,1.0,80.0999984741211,351.0,3.0914121238990266,"[[-0.193789554, 4.953077892, 2.3796441689999996], [0.29144728200000003, 7.388417484, 3.839932383], [0.8743418460000001, 10.223543399999999, 5.548942622999999], [2.9373613499999998, 13.58815731, 8.26275933], [6.408788400000001, 18.411533532, 12.410160966], [9.517050773999998, 21.406879158000002, 15.461964966], [11.265734465999998, 24.655524516, 17.960629491], [11.563285356, 25.044629526, 18.303957441], [8.787669617999999, 21.316850940000002, 15.052260279], [5.7984276, 14.291598131999999, 10.045012866], [2.375829414, 8.0872806, 5.231555007], [0.263981046, 4.766917848, 2.515449447]]",0.0,0.0,1950138.403673135,633.2986162808122,556.8048829869772,29.0,2254.3299967447897,48.84764542936288,150.2045535898479,0.3585539491439072,49.28971862792969,-124.9102783203125,1.950138403673135
08HB008,1977,34.799999237060554,8.0,0.37700000405311584,11.0,140.0,351.0,3.0914121238990266,"[[-0.193789554, 4.953077892, 2.3796441689999996], [0.29144728200000003, 7.388417484, 3.839932383], [0.8743418460000001, 10.223543399999999, 5.548942622999999], [2.9373613499999998, 13.58815731, 8.26275933], [6.408788400000001, 18.411533532, 12.410160966], [9.517050773999998, 21.406879158000002, 15.461964966], [11.265734465999998, 24.655524516, 17.960629491], [11.563285356, 25.044629526, 18.303957441], [8.787669617999999, 21.316850940000002, 15.052260279], [5.7984276, 14.291598131999999, 10.045012866], [2.375829414, 8.0872806, 5.231555007], [0.263981046, 4.766917848, 2.515449447]]",0.0,0.0,1950138.403673135,633.2986162808122,556.8048829869772,29.0,2254.3299967447897,48.84764542936288,150.2045535898479,0.3585539491439072,49.28971862792969,-124.9102783203125,1.950138403673135
08HB008,1978,25.899999618530284,8.0,0.4160000085830689,2.0,70.19999694824219,351.0,3.0914121238990266,"[[-0.193789554, 4.953077892, 2.3796441689999996], [0.29144728200000003, 7.388417484, 3.839932383], [0.8743418460000001, 10.223543399999999, 5.548942622999999], [2.9373613499999998, 13.58815731, 8.26275933], [6.408788400000001, 18.411533532, 12.410160966], [9.517050773999998, 21.406879158000002, 15.461964966], [11.265734465999998, 24.655524516, 17.960629491], [11.563285356, 25.044629526, 18.303957441], [8.787669617999999, 21.316850940000002, 15.052260279], [5.7984276, 14.291598131999999, 10.045012866], [2.375829414, 8.0872806, 5.231555007], [0.263981046, 4.766917848, 2.515449447]]",0.0,0.0,1950138.403673135,633.2986162808122,556.8048829869772,29.0,2254.3299967447897,48.84764542936288,150.2045535898479,0.3585539491439072,49.28971862792969,-124.9102783203125,1.950138403673135
08HB008,1979,32.799999237060554,8.0,1.820000052452088,12.0,173.0,351.0,3.0914121238990266,"[[-0.193789554, 4.953077892, 2.3796441689999996], [0.29144728200000003, 7.388417484, 3.839932383], [0.8743418460000001, 10.223543399999999, 5.548942622999999], [2.9373613499999998, 13.58815731, 8.26275933], [6.408788400000001, 18.411533532, 12.410160966], [9.517050773999998, 21.406879158000002, 15.461964966], [11.265734465999998, 24.655524516, 17.960629491], [11.563285356, 25.044629526, 18.303957441], [8.787669617999999, 21.316850940000002, 15.052260279], [5.7984276, 14.291598131999999, 10.045012866], [2.375829414, 8.0872806, 5.231555007], [0.263981046, 4.766917848, 2.515449447]]",0.0,0.0,1950138.403673135,633.2986162808122,556.8048829869772,29.0,2254.3299967447897,48.84764542936288,150.2045535898479,0.3585539491439072,49.28971862792969,-124.9102783203125,1.950138403673135
08HB008,1980,37.29999923706055,9.0,1.4700000286102295,12.0,367.0,351.0,3.0914121238990266,"[[-0.193789554, 4.953077892, 2.3796441689999996], [0.29144728200000003, 7.388417484, 3.839932383], [0.8743418460000001, 10.223543399999999, 5.548942622999999], [2.9373613499999998, 13.58815731, 8.26275933], [6.408788400000001, 18.411533532, 12.410160966], [9.517050773999998, 21.406879158000002, 15.461964966], [11.265734465999998, 24.655524516, 17.960629491], [11.563285356, 25.044629526, 18.303957441], [8.787669617999999, 21.316850940000002, 15.052260279], [5.7984276, 14.291598131999999, 10.045012866], [2.375829414, 8.0872806, 5.231555007], [0.263981046, 4.766917848, 2.515449447]]",0.0,0.0,1950138.403673135,633.2986162808122,556.8048829869772,29.0,2254.3299967447897,48.84764542936288,150.2045535898479,0.3585539491439072,49.28971862792969,-124.9102783203125,1.950138403673135
08HB008,1981,42.099998474121094,8.0,1.8400000333786009,11.0,162.0,351.0,3.0914121238990266,"[[-0.193789554, 4.953077892, 2.3796441689999996], [0.29144728200000003, 7.388417484, 3.839932383], [0.8743418460000001, 10.223543399999999, 5.548942622999999], [2.9373613499999998, 13.58815731, 8.26275933], [6.408788400000001, 18.411533532, 12.410160966], [9.517050773999998, 21.406879158000002, 15.461964966], [11.265734465999998, 24.655524516, 17.960629491], [11.563285356, 25.044629526, 18.303957441], [8.787669617999999, 21.316850940000002, 15.052260279], [5.7984276, 14.291598131999999, 10.045012866], [2.375829414, 8.0872806, 5.231555007], [0.263981046, 4.766917848, 2.515449447]]",0.0,0.0,1950138.403673135,633.2986162808122,556.8048829869772,29.0,2254.3299967447897,48.84764542936288,150.2045535898479,0.3585539491439072,49.28971862792969,-124.9102783203125,1.950138403673135
08HB008,1982,38.5,10.0,3.940000057220459,10.0,239.0,351.0,3.0914121238990266,"[[-0.193789554, 4.953077892, 2.3796441689999996], [0.29144728200000003, 7.388417484, 3.839932383], [0.8743418460000001, 10.223543399999999, 5.548942622999999], [2.9373613499999998, 13.58815731, 8.26275933], [6.408788400000001, 18.411533532, 12.410160966], [9.517050773999998, 21.406879158000002, 15.461964966], [11.265734465999998, 24.655524516, 17.960629491], [11.563285356, 25.044629526, 18.303957441], [8.787669617999999, 21.316850940000002, 15.052260279], [5.7984276, 14.291598131999999, 10.045012866], [2.375829414, 8.0872806, 5.231555007], [0.263981046, 4.766917848, 2.515449447]]",0.0,0.0,1950138.403673135,633.2986162808122,556.8048829869772,29.0,2254.3299967447897,48.84764542936288,150.2045535898479,0.3585539491439072,49.28971862792969,-124.9102783203125,1.950138403673135
08HB008,1983,45.70000076293945,10.0,3.4300000667572017,11.0,204.0,351.0,3.0914121238990266,"[[-0.193789554, 4.953077892, 2.3796441689999996], [0.29144728200000003, 7.388417484, 3.839932383], [0.8743418460000001, 10.223543399999999, 5.548942622999999], [2.9373613499999998, 13.58815731, 8.26275933], [6.408788400000001, 18.411533532, 12.410160966], [9.517050773999998, 21.406879158000002, 15.461964966], [11.265734465999998, 24.655524516, 17.960629491], [11.563285356, 25.044629526, 18.303957441], [8.787669617999999, 21.316850940000002, 15.052260279], [5.7984276, 14.291598131999999, 10.045012866], [2.375829414, 8.0872806, 5.231555007], [0.263981046, 4.766917848, 2.515449447]]",0.0,0.0,1950138.403673135,633.2986162808122,556.8048829869772,29.0,2254.3299967447897,48.84764542936288,150.2045535898479,0.3585539491439072,49.28971862792969,-124.9102783203125,1.950138403673135
08HB008,1984,40.79999923706055,9.0,4.110000133514403,10.0,170.0,351.0,3.0914121238990266,"[[-0.193789554, 4.953077892, 2.3796441689999996], [0.29144728200000003, 7.388417484, 3.839932383], [0.8743418460000001, 10.223543399999999, 5.548942622999999], [2.9373613499999998, 13.58815731, 8.26275933], [6.408788400000001, 18.411533532, 12.410160966], [9.517050773999998, 21.406879158000002, 15.461964966], [11.265734465999998, 24.655524516, 17.960629491], [11.563285356, 25.044629526, 18.303957441], [8.787669617999999, 21.316850940000002, 15.052260279], [5.7984276, 14.291598131999999, 10.045012866], [2.375829414, 8.0872806, 5.231555007], [0.263981046, 4.766917848, 2.515449447]]",0.0,0.0,1950138.403673135,633.2986162808122,556.8048829869772,29.0,2254.3299967447897,48.84764542936288,150.2045535898479,0.3585539491439072,49.28971862792969,-124.9102783203125,1.950138403673135
08HB008,1985,17.700000762939453,10.0,1.0900000333786009,10.0,60.4000015258789,351.0,3.0914121238990266,"[[-0.193789554, 4.953077892, 2.3796441689999996], [0.29144728200000003, 7.388417484, 3.839932383], [0.8743418460000001, 10.223543399999999, 5.548942622999999], [2.9373613499999998, 13.58815731, 8.26275933], [6.408788400000001, 18.411533532, 12.410160966], [9.517050773999998, 21.406879158000002, 15.461964966], [11.265734465999998, 24.655524516, 17.960629491], [11.563285356, 25.044629526, 18.303957441], [8.787669617999999, 21.316850940000002, 15.052260279], [5.7984276, 14.291598131999999, 10.045012866], [2.375829414, 8.0872806, 5.231555007], [0.263981046, 4.766917848, 2.515449447]]",0.0,0.0,1950138.403673135,633.2986162808122,556.8048829869772,29.0,2254.3299967447897,48.84764542936288,150.2045535898479,0.3585539491439072,49.28971862792969,-124.9102783203125,1.950138403673135
08HB008,1986,38.79999923706055,10.0,1.190000057220459,1.0,185.0,351.0,3.0914121238990266,"[[-0.193789554, 4.953077892, 2.3796441689999996], [0.29144728200000003, 7.388417484, 3.839932383], [0.8743418460000001, 10.223543399999999, 5.548942622999999], [2.9373613499999998, 13.58815731, 8.26275933], [6.408788400000001, 18.411533532, 12.410160966], [9.517050773999998, 21.406879158000002, 15.461964966], [11.265734465999998, 24.655524516, 17.960629491], [11.563285356, 25.044629526, 18.303957441], [8.787669617999999, 21.316850940000002, 15.052260279], [5.7984276, 14.291598131999999, 10.045012866], [2.375829414, 8.0872806, 5.231555007], [0.263981046, 4.766917848, 2.515449447]]",0.0,0.0,1950138.403673135,633.2986162808122,556.8048829869772,29.0,2254.3299967447897,48.84764542936288,150.2045535898479,0.3585539491439072,49.28971862792969,-124.9102783203125,1.950138403673135
08HB008,1987,42.29999923706055,10.0,1.2200000286102295,1.0,179.0,351.0,3.0914121238990266,"[[-0.193789554, 4.953077892, 2.3796441689999996], [0.29144728200000003, 7.388417484, 3.839932383], [0.8743418460000001, 10.223543399999999, 5.548942622999999], [2.9373613499999998, 13.58815731, 8.26275933], [6.408788400000001, 18.411533532, 12.410160966], [9.517050773999998, 21.406879158000002, 15.461964966], [11.265734465999998, 24.655524516, 17.960629491], [11.563285356, 25.044629526, 18.303957441], [8.787669617999999, 21.316850940000002, 15.052260279], [5.7984276, 14.291598131999999, 10.045012866], [2.375829414, 8.0872806, 5.231555007], [0.263981046, 4.766917848, 2.515449447]]",0.0,0.0,1950138.403673135,633.2986162808122,556.8048829869772,29.0,2254.3299967447897,48.84764542936288,150.2045535898479,0.3585539491439072,49.28971862792969,-124.9102783203125,1.950138403673135
08HB008,1988,33.299999237060554,9.0,1.440000057220459,11.0,118.0,351.0,3.0914121238990266,"[[-0.193789554, 4.953077892, 2.3796441689999996], [0.29144728200000003, 7.388417484, 3.839932383], [0.8743418460000001, 10.223543399999999, 5.548942622999999], [2.9373613499999998, 13.58815731, 8.26275933], [6.408788400000001, 18.411533532, 12.410160966], [9.517050773999998, 21.406879158000002, 15.461964966], [11.265734465999998, 24.655524516, 17.960629491], [11.563285356, 25.044629526, 18.303957441], [8.787669617999999, 21.316850940000002, 15.052260279], [5.7984276, 14.291598131999999, 10.045012866], [2.375829414, 8.0872806, 5.231555007], [0.263981046, 4.766917848, 2.515449447]]",0.0,0.0,1950138.403673135,633.2986162808122,556.8048829869772,29.0,2254.3299967447897,48.84764542936288,150.2045535898479,0.3585539491439072,49.28971862792969,-124.9102783203125,1.950138403673135
08HB008,1989,26.70000076293945,10.0,1.1100000143051147,12.0,100.0,351.0,3.0914121238990266,"[[-0.193789554, 4.953077892, 2.3796441689999996], [0.29144728200000003, 7.388417484, 3.839932383], [0.8743418460000001, 10.223543399999999, 5.548942622999999], [2.9373613499999998, 13.58815731, 8.26275933], [6.408788400000001, 18.411533532, 12.410160966], [9.517050773999998, 21.406879158000002, 15.461964966], [11.265734465999998, 24.655524516, 17.960629491], [11.563285356, 25.044629526, 18.303957441], [8.787669617999999, 21.316850940000002, 15.052260279], [5.7984276, 14.291598131999999, 10.045012866], [2.375829414, 8.0872806, 5.231555007], [0.263981046, 4.766917848, 2.515449447]]",0.0,0.0,1950138.403673135,633.2986162808122,556.8048829869772,29.0,2254.3299967447897,48.84764542936288,150.2045535898479,0.3585539491439072,49.28971862792969,-124.9102783203125,1.950138403673135
08HB008,1990,35.900001525878906,10.0,1.6699999570846558,12.0,210.0,351.0,3.0914121238990266,"[[-0.193789554, 4.953077892, 2.3796441689999996], [0.29144728200000003, 7.388417484, 3.839932383], [0.8743418460000001, 10.223543399999999, 5.548942622999999], [2.9373613499999998, 13.58815731, 8.26275933], [6.408788400000001, 18.411533532, 12.410160966], [9.517050773999998, 21.406879158000002, 15.461964966], [11.265734465999998, 24.655524516, 17.960629491], [11.563285356, 25.044629526, 18.303957441], [8.787669617999999, 21.316850940000002, 15.052260279], [5.7984276, 14.291598131999999, 10.045012866], [2.375829414, 8.0872806, 5.231555007], [0.263981046, 4.766917848, 2.515449447]]",0.0,0.0,1950138.403673135,633.2986162808122,556.8048829869772,29.0,2254.3299967447897,48.84764542936288,150.2045535898479,0.3585539491439072,49.28971862792969,-124.9102783203125,1.950138403673135
08HB008,1991,33.299999237060554,8.0,3.2999999523162837,2.0,300.0,351.0,3.0914121238990266,"[[-0.193789554, 4.953077892, 2.3796441689999996], [0.29144728200000003, 7.388417484, 3.839932383], [0.8743418460000001, 10.223543399999999, 5.548942622999999], [2.9373613499999998, 13.58815731, 8.26275933], [6.408788400000001, 18.411533532, 12.410160966], [9.517050773999998, 21.406879158000002, 15.461964966], [11.265734465999998, 24.655524516, 17.960629491], [11.563285356, 25.044629526, 18.303957441], [8.787669617999999, 21.316850940000002, 15.052260279], [5.7984276, 14.291598131999999, 10.045012866], [2.375829414, 8.0872806, 5.231555007], [0.263981046, 4.766917848, 2.515449447]]",0.0,0.0,1950138.403673135,633.2986162808122,556.8048829869772,29.0,2254.3299967447897,48.84764542936288,150.2045535898479,0.3585539491439072,49.28971862792969,-124.9102783203125,1.950138403673135
08HB008,1992,35.79999923706055,8.0,1.4099999666213991,2.0,295.0,351.0,3.0914121238990266,"[[-0.193789554, 4.953077892, 2.3796441689999996], [0.29144728200000003, 7.388417484, 3.839932383], [0.8743418460000001, 10.223543399999999, 5.548942622999999], [2.9373613499999998, 13.58815731, 8.26275933], [6.408788400000001, 18.411533532, 12.410160966], [9.517050773999998, 21.406879158000002, 15.461964966], [11.265734465999998, 24.655524516, 17.960629491], [11.563285356, 25.044629526, 18.303957441], [8.787669617999999, 21.316850940000002, 15.052260279], [5.7984276, 14.291598131999999, 10.045012866], [2.375829414, 8.0872806, 5.231555007], [0.263981046, 4.766917848, 2.515449447]]",0.0,0.0,1950138.403673135,633.2986162808122,556.8048829869772,29.0,2254.3299967447897,48.84764542936288,150.2045535898479,0.3585539491439072,49.28971862792969,-124.9102783203125,1.950138403673135
08HB008,1993,29.10000038146973,10.0,0.7419999837875366,12.0,202.0,351.0,3.0914121238990266,"[[-0.193789554, 4.953077892, 2.3796441689999996], [0.29144728200000003, 7.388417484, 3.839932383], [0.8743418460000001, 10.223543399999999, 5.548942622999999], [2.9373613499999998, 13.58815731, 8.26275933], [6.408788400000001, 18.411533532, 12.410160966], [9.517050773999998, 21.406879158000002, 15.461964966], [11.265734465999998, 24.655524516, 17.960629491], [11.563285356, 25.044629526, 18.303957441], [8.787669617999999, 21.316850940000002, 15.052260279], [5.7984276, 14.291598131999999, 10.045012866], [2.375829414, 8.0872806, 5.231555007], [0.263981046, 4.766917848, 2.515449447]]",0.0,0.0,1950138.403673135,633.2986162808122,556.8048829869772,29.0,2254.3299967447897,48.84764542936288,150.2045535898479,0.3585539491439072,49.28971862792969,-124.9102783203125,1.950138403673135
08HB008,1994,36.29999923706055,9.0,0.7509999871253967,3.0,199.0,351.0,3.0914121238990266,"[[-0.193789554, 4.953077892, 2.3796441689999996], [0.29144728200000003, 7.388417484, 3.839932383], [0.8743418460000001, 10.223543399999999, 5.548942622999999], [2.9373613499999998, 13.58815731, 8.26275933], [6.408788400000001, 18.411533532, 12.410160966], [9.517050773999998, 21.406879158000002, 15.461964966], [11.265734465999998, 24.655524516, 17.960629491], [11.563285356, 25.044629526, 18.303957441], [8.787669617999999, 21.316850940000002, 15.052260279], [5.7984276, 14.291598131999999, 10.045012866], [2.375829414, 8.0872806, 5.231555007], [0.263981046, 4.766917848, 2.515449447]]",0.0,0.0,1950138.403673135,633.2986162808122,556.8048829869772,29.0,2254.3299967447897,48.84764542936288,150.2045535898479,0.3585539491439072,49.28971862792969,-124.9102783203125,1.950138403673135
08HB008,1995,49.20000076293945,9.0,0.9670000076293944,11.0,265.0,351.0,3.0914121238990266,"[[-0.193789554, 4.953077892, 2.3796441689999996], [0.29144728200000003, 7.388417484, 3.839932383], [0.8743418460000001, 10.223543399999999, 5.548942622999999], [2.9373613499999998, 13.58815731, 8.26275933], [6.408788400000001, 18.411533532, 12.410160966], [9.517050773999998, 21.406879158000002, 15.461964966], [11.265734465999998, 24.655524516, 17.960629491], [11.563285356, 25.044629526, 18.303957441], [8.787669617999999, 21.316850940000002, 15.052260279], [5.7984276, 14.291598131999999, 10.045012866], [2.375829414, 8.0872806, 5.231555007], [0.263981046, 4.766917848, 2.515449447]]",0.0,0.0,1950138.403673135,633.2986162808122,556.8048829869772,29.0,2254.3299967447897,48.84764542936288,150.2045535898479,0.3585539491439072,49.28971862792969,-124.9102783203125,1.950138403673135
08HB008,1996,34.400001525878906,8.0,0.472000002861023,1.0,121.0,351.0,3.0914121238990266,"[[-0.193789554, 4.953077892, 2.3796441689999996], [0.29144728200000003, 7.388417484, 3.839932383], [0.8743418460000001, 10.223543399999999, 5.548942622999999], [2.9373613499999998, 13.58815731, 8.26275933], [6.408788400000001, 18.411533532, 12.410160966], [9.517050773999998, 21.406879158000002, 15.461964966], [11.265734465999998, 24.655524516, 17.960629491], [11.563285356, 25.044629526, 18.303957441], [8.787669617999999, 21.316850940000002, 15.052260279], [5.7984276, 14.291598131999999, 10.045012866], [2.375829414, 8.0872806, 5.231555007], [0.263981046, 4.766917848, 2.515449447]]",0.0,0.0,1950138.403673135,633.2986162808122,556.8048829869772,29.0,2254.3299967447897,48.84764542936288,150.2045535898479,0.3585539491439072,49.28971862792969,-124.9102783203125,1.950138403673135
08HB008,1997,55.599998474121094,8.0,5.53000020980835,10.0,137.0,351.0,3.0914121238990266,"[[-0.193789554, 4.953077892, 2.3796441689999996], [0.29144728200000003, 7.388417484, 3.839932383], [0.8743418460000001, 10.223543399999999, 5.548942622999999], [2.9373613499999998, 13.58815731, 8.26275933], [6.408788400000001, 18.411533532, 12.410160966], [9.517050773999998, 21.406879158000002, 15.461964966], [11.265734465999998, 24.655524516, 17.960629491], [11.563285356, 25.044629526, 18.303957441], [8.787669617999999, 21.316850940000002, 15.052260279], [5.7984276, 14.291598131999999, 10.045012866], [2.375829414, 8.0872806, 5.231555007], [0.263981046, 4.766917848, 2.515449447]]",0.0,0.0,1950138.403673135,633.2986162808122,556.8048829869772,29.0,2254.3299967447897,48.84764542936288,150.2045535898479,0.3585539491439072,49.28971862792969,-124.9102783203125,1.950138403673135
08HB008,1998,42.0,9.0,0.4429999887943268,1.0,221.0,351.0,3.0914121238990266,"[[-0.193789554, 4.953077892, 2.3796441689999996], [0.29144728200000003, 7.388417484, 3.839932383], [0.8743418460000001, 10.223543399999999, 5.548942622999999], [2.9373613499999998, 13.58815731, 8.26275933], [6.408788400000001, 18.411533532, 12.410160966], [9.517050773999998, 21.406879158000002, 15.461964966], [11.265734465999998, 24.655524516, 17.960629491], [11.563285356, 25.044629526, 18.303957441], [8.787669617999999, 21.316850940000002, 15.052260279], [5.7984276, 14.291598131999999, 10.045012866], [2.375829414, 8.0872806, 5.231555007], [0.263981046, 4.766917848, 2.515449447]]",0.0,0.0,1950138.403673135,633.2986162808122,556.8048829869772,29.0,2254.3299967447897,48.84764542936288,150.2045535898479,0.3585539491439072,49.28971862792969,-124.9102783203125,1.950138403673135
08HB008,1999,49.70000076293945,10.0,6.800000190734862,11.0,163.0,351.0,3.0914121238990266,"[[-0.193789554, 4.953077892, 2.3796441689999996], [0.29144728200000003, 7.388417484, 3.839932383], [0.8743418460000001, 10.223543399999999, 5.548942622999999], [2.9373613499999998, 13.58815731, 8.26275933], [6.408788400000001, 18.411533532, 12.410160966], [9.517050773999998, 21.406879158000002, 15.461964966], [11.265734465999998, 24.655524516, 17.960629491], [11.563285356, 25.044629526, 18.303957441], [8.787669617999999, 21.316850940000002, 15.052260279], [5.7984276, 14.291598131999999, 10.045012866], [2.375829414, 8.0872806, 5.231555007], [0.263981046, 4.766917848, 2.515449447]]",0.0,0.0,1950138.403673135,633.2986162808122,556.8048829869772,29.0,2254.3299967447897,48.84764542936288,150.2045535898479,0.3585539491439072,49.28971862792969,-124.9102783203125,1.950138403673135
08HB008,2000,30.5,9.0,4.769999980926514,10.0,93.4000015258789,351.0,3.0914121238990266,"[[-0.193789554, 4.953077892, 2.3796441689999996], [0.29144728200000003, 7.388417484, 3.839932383], [0.8743418460000001, 10.223543399999999, 5.548942622999999], [2.9373613499999998, 13.58815731, 8.26275933], [6.408788400000001, 18.411533532, 12.410160966], [9.517050773999998, 21.406879158000002, 15.461964966], [11.265734465999998, 24.655524516, 17.960629491], [11.563285356, 25.044629526, 18.303957441], [8.787669617999999, 21.316850940000002, 15.052260279], [5.7984276, 14.291598131999999, 10.045012866], [2.375829414, 8.0872806, 5.231555007], [0.263981046, 4.766917848, 2.515449447]]",0.0,0.0,1950138.403673135,633.2986162808122,556.8048829869772,29.0,2254.3299967447897,48.84764542936288,150.2045535898479,0.3585539491439072,49.28971862792969,-124.9102783203125,1.950138403673135
08HB008,2001,35.900001525878906,8.0,3.0,11.0,240.0,351.0,3.0914121238990266,"[[-0.193789554, 4.953077892, 2.3796441689999996], [0.29144728200000003, 7.388417484, 3.839932383], [0.8743418460000001, 10.223543399999999, 5.548942622999999], [2.9373613499999998, 13.58815731, 8.26275933], [6.408788400000001, 18.411533532, 12.410160966], [9.517050773999998, 21.406879158000002, 15.461964966], [11.265734465999998, 24.655524516, 17.960629491], [11.563285356, 25.044629526, 18.303957441], [8.787669617999999, 21.316850940000002, 15.052260279], [5.7984276, 14.291598131999999, 10.045012866], [2.375829414, 8.0872806, 5.231555007], [0.263981046, 4.766917848, 2.515449447]]",0.0,0.0,1950138.403673135,633.2986162808122,556.8048829869772,29.0,2254.3299967447897,48.84764542936288,150.2045535898479,0.3585539491439072,49.28971862792969,-124.9102783203125,1.950138403673135
08HB008,2002,36.0,9.0,1.0399999618530271,1.0,238.0,351.0,3.0914121238990266,"[[-0.193789554, 4.953077892, 2.3796441689999996], [0.29144728200000003, 7.388417484, 3.839932383], [0.8743418460000001, 10.223543399999999, 5.548942622999999], [2.9373613499999998, 13.58815731, 8.26275933], [6.408788400000001, 18.411533532, 12.410160966], [9.517050773999998, 21.406879158000002, 15.461964966], [11.265734465999998, 24.655524516, 17.960629491], [11.563285356, 25.044629526, 18.303957441], [8.787669617999999, 21.316850940000002, 15.052260279], [5.7984276, 14.291598131999999, 10.045012866], [2.375829414, 8.0872806, 5.231555007], [0.263981046, 4.766917848, 2.515449447]]",0.0,0.0,1950138.403673135,633.2986162808122,556.8048829869772,29.0,2254.3299967447897,48.84764542936288,150.2045535898479,0.3585539491439072,49.28971862792969,-124.9102783203125,1.950138403673135
08HB008,2003,45.4000015258789,9.0,1.0700000524520874,10.0,241.0,351.0,3.0914121238990266,"[[-0.193789554, 4.953077892, 2.3796441689999996], [0.29144728200000003, 7.388417484, 3.839932383], [0.8743418460000001, 10.223543399999999, 5.548942622999999], [2.9373613499999998, 13.58815731, 8.26275933], [6.408788400000001, 18.411533532, 12.410160966], [9.517050773999998, 21.406879158000002, 15.461964966], [11.265734465999998, 24.655524516, 17.960629491], [11.563285356, 25.044629526, 18.303957441], [8.787669617999999, 21.316850940000002, 15.052260279], [5.7984276, 14.291598131999999, 10.045012866], [2.375829414, 8.0872806, 5.231555007], [0.263981046, 4.766917848, 2.515449447]]",0.0,0.0,1950138.403673135,633.2986162808122,556.8048829869772,29.0,2254.3299967447897,48.84764542936288,150.2045535898479,0.3585539491439072,49.28971862792969,-124.9102783203125,1.950138403673135
08HB008,2004,33.5,8.0,1.0399999618530271,1.0,166.0,351.0,3.0914121238990266,"[[-0.193789554, 4.953077892, 2.3796441689999996], [0.29144728200000003, 7.388417484, 3.839932383], [0.8743418460000001, 10.223543399999999, 5.548942622999999], [2.9373613499999998, 13.58815731, 8.26275933], [6.408788400000001, 18.411533532, 12.410160966], [9.517050773999998, 21.406879158000002, 15.461964966], [11.265734465999998, 24.655524516, 17.960629491], [11.563285356, 25.044629526, 18.303957441], [8.787669617999999, 21.316850940000002, 15.052260279], [5.7984276, 14.291598131999999, 10.045012866], [2.375829414, 8.0872806, 5.231555007], [0.263981046, 4.766917848, 2.515449447]]",0.0,0.0,1950138.403673135,633.2986162808122,556.8048829869772,29.0,2254.3299967447897,48.84764542936288,150.2045535898479,0.3585539491439072,49.28971862792969,-124.9102783203125,1.950138403673135
08HB008,2005,39.400001525878906,9.0,1.2999999523162842,12.0,207.0,351.0,3.0914121238990266,"[[-0.193789554, 4.953077892, 2.3796441689999996], [0.29144728200000003, 7.388417484, 3.839932383], [0.8743418460000001, 10.223543399999999, 5.548942622999999], [2.9373613499999998, 13.58815731, 8.26275933], [6.408788400000001, 18.411533532, 12.410160966], [9.517050773999998, 21.406879158000002, 15.461964966], [11.265734465999998, 24.655524516, 17.960629491], [11.563285356, 25.044629526, 18.303957441], [8.787669617999999, 21.316850940000002, 15.052260279], [5.7984276, 14.291598131999999, 10.045012866], [2.375829414, 8.0872806, 5.231555007], [0.263981046, 4.766917848, 2.515449447]]",0.0,0.0,1950138.403673135,633.2986162808122,556.8048829869772,29.0,2254.3299967447897,48.84764542936288,150.2045535898479,0.3585539491439072,49.28971862792969,-124.9102783203125,1.950138403673135
08HB008,2006,45.9000015258789,9.0,0.9959999918937684,11.0,221.0,351.0,3.0914121238990266,"[[-0.193789554, 4.953077892, 2.3796441689999996], [0.29144728200000003, 7.388417484, 3.839932383], [0.8743418460000001, 10.223543399999999, 5.548942622999999], [2.9373613499999998, 13.58815731, 8.26275933], [6.408788400000001, 18.411533532, 12.410160966], [9.517050773999998, 21.406879158000002, 15.461964966], [11.265734465999998, 24.655524516, 17.960629491], [11.563285356, 25.044629526, 18.303957441], [8.787669617999999, 21.316850940000002, 15.052260279], [5.7984276, 14.291598131999999, 10.045012866], [2.375829414, 8.0872806, 5.231555007], [0.263981046, 4.766917848, 2.515449447]]",0.0,0.0,1950138.403673135,633.2986162808122,556.8048829869772,29.0,2254.3299967447897,48.84764542936288,150.2045535898479,0.3585539491439072,49.28971862792969,-124.9102783203125,1.950138403673135
08HB008,2007,50.5,9.0,3.5799999237060547,12.0,170.0,351.0,3.0914121238990266,"[[-0.193789554, 4.953077892, 2.3796441689999996], [0.29144728200000003, 7.388417484, 3.839932383], [0.8743418460000001, 10.223543399999999, 5.548942622999999], [2.9373613499999998, 13.58815731, 8.26275933], [6.408788400000001, 18.411533532, 12.410160966], [9.517050773999998, 21.406879158000002, 15.461964966], [11.265734465999998, 24.655524516, 17.960629491], [11.563285356, 25.044629526, 18.303957441], [8.787669617999999, 21.316850940000002, 15.052260279], [5.7984276, 14.291598131999999, 10.045012866], [2.375829414, 8.0872806, 5.231555007], [0.263981046, 4.766917848, 2.515449447]]",0.0,0.0,1950138.403673135,633.2986162808122,556.8048829869772,29.0,2254.3299967447897,48.84764542936288,150.2045535898479,0.3585539491439072,49.28971862792969,-124.9102783203125,1.950138403673135
08HB008,2008,31.10000038146973,9.0,6.03000020980835,11.0,110.0,351.0,3.0914121238990266,"[[-0.193789554, 4.953077892, 2.3796441689999996], [0.29144728200000003, 7.388417484, 3.839932383], [0.8743418460000001, 10.223543399999999, 5.548942622999999], [2.9373613499999998, 13.58815731, 8.26275933], [6.408788400000001, 18.411533532, 12.410160966], [9.517050773999998, 21.406879158000002, 15.461964966], [11.265734465999998, 24.655524516, 17.960629491], [11.563285356, 25.044629526, 18.303957441], [8.787669617999999, 21.316850940000002, 15.052260279], [5.7984276, 14.291598131999999, 10.045012866], [2.375829414, 8.0872806, 5.231555007], [0.263981046, 4.766917848, 2.515449447]]",0.0,0.0,1950138.403673135,633.2986162808122,556.8048829869772,29.0,2254.3299967447897,48.84764542936288,150.2045535898479,0.3585539491439072,49.28971862792969,-124.9102783203125,1.950138403673135
08HB008,2009,35.0,9.0,0.7649999856948853,11.0,212.0,351.0,3.0914121238990266,"[[-0.193789554, 4.953077892, 2.3796441689999996], [0.29144728200000003, 7.388417484, 3.839932383], [0.8743418460000001, 10.223543399999999, 5.548942622999999], [2.9373613499999998, 13.58815731, 8.26275933], [6.408788400000001, 18.411533532, 12.410160966], [9.517050773999998, 21.406879158000002, 15.461964966], [11.265734465999998, 24.655524516, 17.960629491], [11.563285356, 25.044629526, 18.303957441], [8.787669617999999, 21.316850940000002, 15.052260279], [5.7984276, 14.291598131999999, 10.045012866], [2.375829414, 8.0872806, 5.231555007], [0.263981046, 4.766917848, 2.515449447]]",0.0,0.0,1950138.403673135,633.2986162808122,556.8048829869772,29.0,2254.3299967447897,48.84764542936288,150.2045535898479,0.3585539491439072,49.28971862792969,-124.9102783203125,1.950138403673135
08HB008,2011,44.099998474121094,9.0,4.050000190734863,11.0,151.0,351.0,3.0914121238990266,"[[-0.193789554, 4.953077892, 2.3796441689999996], [0.29144728200000003, 7.388417484, 3.839932383], [0.8743418460000001, 10.223543399999999, 5.548942622999999], [2.9373613499999998, 13.58815731, 8.26275933], [6.408788400000001, 18.411533532, 12.410160966], [9.517050773999998, 21.406879158000002, 15.461964966], [11.265734465999998, 24.655524516, 17.960629491], [11.563285356, 25.044629526, 18.303957441], [8.787669617999999, 21.316850940000002, 15.052260279], [5.7984276, 14.291598131999999, 10.045012866], [2.375829414, 8.0872806, 5.231555007], [0.263981046, 4.766917848, 2.515449447]]",0.0,0.0,1950138.403673135,633.2986162808122,556.8048829869772,29.0,2254.3299967447897,48.84764542936288,150.2045535898479,0.3585539491439072,49.28971862792969,-124.9102783203125,1.950138403673135
08HB008,2012,42.099998474121094,10.0,1.1200000047683716,1.0,239.0,351.0,3.0914121238990266,"[[-0.193789554, 4.953077892, 2.3796441689999996], [0.29144728200000003, 7.388417484, 3.839932383], [0.8743418460000001, 10.223543399999999, 5.548942622999999], [2.9373613499999998, 13.58815731, 8.26275933], [6.408788400000001, 18.411533532, 12.410160966], [9.517050773999998, 21.406879158000002, 15.461964966], [11.265734465999998, 24.655524516, 17.960629491], [11.563285356, 25.044629526, 18.303957441], [8.787669617999999, 21.316850940000002, 15.052260279], [5.7984276, 14.291598131999999, 10.045012866], [2.375829414, 8.0872806, 5.231555007], [0.263981046, 4.766917848, 2.515449447]]",0.0,0.0,1950138.403673135,633.2986162808122,556.8048829869772,29.0,2254.3299967447897,48.84764542936288,150.2045535898479,0.3585539491439072,49.28971862792969,-124.9102783203125,1.950138403673135
08HB008,2013,26.399999618530284,8.0,2.440000057220459,3.0,77.5,351.0,3.0914121238990266,"[[-0.193789554, 4.953077892, 2.3796441689999996], [0.29144728200000003, 7.388417484, 3.839932383], [0.8743418460000001, 10.223543399999999, 5.548942622999999], [2.9373613499999998, 13.58815731, 8.26275933], [6.408788400000001, 18.411533532, 12.410160966], [9.517050773999998, 21.406879158000002, 15.461964966], [11.265734465999998, 24.655524516, 17.960629491], [11.563285356, 25.044629526, 18.303957441], [8.787669617999999, 21.316850940000002, 15.052260279], [5.7984276, 14.291598131999999, 10.045012866], [2.375829414, 8.0872806, 5.231555007], [0.263981046, 4.766917848, 2.515449447]]",0.0,0.0,1950138.403673135,633.2986162808122,556.8048829869772,29.0,2254.3299967447897,48.84764542936288,150.2045535898479,0.3585539491439072,49.28971862792969,-124.9102783203125,1.950138403673135
08HB008,2014,40.0,9.0,0.8000000119209291,12.0,295.0,351.0,3.0914121238990266,"[[-0.193789554, 4.953077892, 2.3796441689999996], [0.29144728200000003, 7.388417484, 3.839932383], [0.8743418460000001, 10.223543399999999, 5.548942622999999], [2.9373613499999998, 13.58815731, 8.26275933], [6.408788400000001, 18.411533532, 12.410160966], [9.517050773999998, 21.406879158000002, 15.461964966], [11.265734465999998, 24.655524516, 17.960629491], [11.563285356, 25.044629526, 18.303957441], [8.787669617999999, 21.316850940000002, 15.052260279], [5.7984276, 14.291598131999999, 10.045012866], [2.375829414, 8.0872806, 5.231555007], [0.263981046, 4.766917848, 2.515449447]]",0.0,0.0,1950138.403673135,633.2986162808122,556.8048829869772,29.0,2254.3299967447897,48.84764542936288,150.2045535898479,0.3585539491439072,49.28971862792969,-124.9102783203125,1.950138403673135
08HB008,2015,36.29999923706055,7.0,1.0099999904632568,12.0,203.0,351.0,3.0914121238990266,"[[-0.193789554, 4.953077892, 2.3796441689999996], [0.29144728200000003, 7.388417484, 3.839932383], [0.8743418460000001, 10.223543399999999, 5.548942622999999], [2.9373613499999998, 13.58815731, 8.26275933], [6.408788400000001, 18.411533532, 12.410160966], [9.517050773999998, 21.406879158000002, 15.461964966], [11.265734465999998, 24.655524516, 17.960629491], [11.563285356, 25.044629526, 18.303957441], [8.787669617999999, 21.316850940000002, 15.052260279], [5.7984276, 14.291598131999999, 10.045012866], [2.375829414, 8.0872806, 5.231555007], [0.263981046, 4.766917848, 2.515449447]]",0.0,0.0,1950138.403673135,633.2986162808122,556.8048829869772,29.0,2254.3299967447897,48.84764542936288,150.2045535898479,0.3585539491439072,49.28971862792969,-124.9102783203125,1.950138403673135
08HB008,2016,49.4000015258789,8.0,1.2300000190734863,11.0,300.0,351.0,3.0914121238990266,"[[-0.193789554, 4.953077892, 2.3796441689999996], [0.29144728200000003, 7.388417484, 3.839932383], [0.8743418460000001, 10.223543399999999, 5.548942622999999], [2.9373613499999998, 13.58815731, 8.26275933], [6.408788400000001, 18.411533532, 12.410160966], [9.517050773999998, 21.406879158000002, 15.461964966], [11.265734465999998, 24.655524516, 17.960629491], [11.563285356, 25.044629526, 18.303957441], [8.787669617999999, 21.316850940000002, 15.052260279], [5.7984276, 14.291598131999999, 10.045012866], [2.375829414, 8.0872806, 5.231555007], [0.263981046, 4.766917848, 2.515449447]]",0.0,0.0,1950138.403673135,633.2986162808122,556.8048829869772,29.0,2254.3299967447897,48.84764542936288,150.2045535898479,0.3585539491439072,49.28971862792969,-124.9102783203125,1.950138403673135
08HB008,2017,41.0,10.0,0.9729999899864196,11.0,247.0,351.0,3.0914121238990266,"[[-0.193789554, 4.953077892, 2.3796441689999996], [0.29144728200000003, 7.388417484, 3.839932383], [0.8743418460000001, 10.223543399999999, 5.548942622999999], [2.9373613499999998, 13.58815731, 8.26275933], [6.408788400000001, 18.411533532, 12.410160966], [9.517050773999998, 21.406879158000002, 15.461964966], [11.265734465999998, 24.655524516, 17.960629491], [11.563285356, 25.044629526, 18.303957441], [8.787669617999999, 21.316850940000002, 15.052260279], [5.7984276, 14.291598131999999, 10.045012866], [2.375829414, 8.0872806, 5.231555007], [0.263981046, 4.766917848, 2.515449447]]",0.0,0.0,1950138.403673135,633.2986162808122,556.8048829869772,29.0,2254.3299967447897,48.84764542936288,150.2045535898479,0.3585539491439072,49.28971862792969,-124.9102783203125,1.950138403673135
08HB009,1914,63.20000076293945,9.0,9.630000114440918,10.0,235.0,456.0,3.7777579962971473,"[[-1.3124144383636362, 4.128397220181818, 1.4079913909090909], [-0.7955498154545453, 6.1869777365454555, 2.695713960545455], [-0.4038091565454545, 8.264978823818181, 3.930584833636363], [1.627305123818182, 11.349520357636361, 6.488412740727272], [5.110245798, 16.137800833636366, 10.624023315818183], [8.180638058727274, 19.184333535818187, 13.68248579727273], [10.205371294363637, 22.43644685290909, 16.320909073636365], [10.593227839090908, 22.84511115218182, 16.719169495636365], [7.932609624545455, 19.444014312545452, 13.688311968545452], [4.693813270363635, 12.69203668090909, 8.692924975636362], [1.0557854656363637, 6.854490502363637, 3.9551379840000003], [-0.9964140060000001, 3.9058929649090914, 1.4547394794545456]]",0.0,0.0,94861657.19415414,589.8038617042432,507.5896423181897,29.0,2741.39666206315,360.39678598524034,47.45520821464177,0.6051222175590207,49.33924865722656,-124.97747039794922,94.86165719415415
08HB009,1915,43.79999923706055,9.0,5.099999904632568,10.0,180.0,456.0,3.7777579962971473,"[[-1.3124144383636362, 4.128397220181818, 1.4079913909090909], [-0.7955498154545453, 6.1869777365454555, 2.695713960545455], [-0.4038091565454545, 8.264978823818181, 3.930584833636363], [1.627305123818182, 11.349520357636361, 6.488412740727272], [5.110245798, 16.137800833636366, 10.624023315818183], [8.180638058727274, 19.184333535818187, 13.68248579727273], [10.205371294363637, 22.43644685290909, 16.320909073636365], [10.593227839090908, 22.84511115218182, 16.719169495636365], [7.932609624545455, 19.444014312545452, 13.688311968545452], [4.693813270363635, 12.69203668090909, 8.692924975636362], [1.0557854656363637, 6.854490502363637, 3.9551379840000003], [-0.9964140060000001, 3.9058929649090914, 1.4547394794545456]]",0.0,0.0,94861657.19415414,589.8038617042432,507.5896423181897,29.0,2741.39666206315,360.39678598524034,47.45520821464177,0.6051222175590207,49.33924865722656,-124.97747039794922,94.86165719415415
08HB009,1916,44.70000076293945,10.0,4.53000020980835,3.0,108.0,456.0,3.7777579962971473,"[[-1.3124144383636362, 4.128397220181818, 1.4079913909090909], [-0.7955498154545453, 6.1869777365454555, 2.695713960545455], [-0.4038091565454545, 8.264978823818181, 3.930584833636363], [1.627305123818182, 11.349520357636361, 6.488412740727272], [5.110245798, 16.137800833636366, 10.624023315818183], [8.180638058727274, 19.184333535818187, 13.68248579727273], [10.205371294363637, 22.43644685290909, 16.320909073636365], [10.593227839090908, 22.84511115218182, 16.719169495636365], [7.932609624545455, 19.444014312545452, 13.688311968545452], [4.693813270363635, 12.69203668090909, 8.692924975636362], [1.0557854656363637, 6.854490502363637, 3.9551379840000003], [-0.9964140060000001, 3.9058929649090914, 1.4547394794545456]]",0.0,0.0,94861657.19415414,589.8038617042432,507.5896423181897,29.0,2741.39666206315,360.39678598524034,47.45520821464177,0.6051222175590207,49.33924865722656,-124.97747039794922,94.86165719415415
08HB009,1917,41.20000076293945,9.0,11.399999618530273,12.0,180.0,456.0,3.7777579962971473,"[[-1.3124144383636362, 4.128397220181818, 1.4079913909090909], [-0.7955498154545453, 6.1869777365454555, 2.695713960545455], [-0.4038091565454545, 8.264978823818181, 3.930584833636363], [1.627305123818182, 11.349520357636361, 6.488412740727272], [5.110245798, 16.137800833636366, 10.624023315818183], [8.180638058727274, 19.184333535818187, 13.68248579727273], [10.205371294363637, 22.43644685290909, 16.320909073636365], [10.593227839090908, 22.84511115218182, 16.719169495636365], [7.932609624545455, 19.444014312545452, 13.688311968545452], [4.693813270363635, 12.69203668090909, 8.692924975636362], [1.0557854656363637, 6.854490502363637, 3.9551379840000003], [-0.9964140060000001, 3.9058929649090914, 1.4547394794545456]]",0.0,0.0,94861657.19415414,589.8038617042432,507.5896423181897,29.0,2741.39666206315,360.39678598524034,47.45520821464177,0.6051222175590207,49.33924865722656,-124.97747039794922,94.86165719415415
08HB009,1918,56.4000015258789,10.0,5.78000020980835,2.0,303.0,456.0,3.7777579962971473,"[[-1.3124144383636362, 4.128397220181818, 1.4079913909090909], [-0.7955498154545453, 6.1869777365454555, 2.695713960545455], [-0.4038091565454545, 8.264978823818181, 3.930584833636363], [1.627305123818182, 11.349520357636361, 6.488412740727272], [5.110245798, 16.137800833636366, 10.624023315818183], [8.180638058727274, 19.184333535818187, 13.68248579727273], [10.205371294363637, 22.43644685290909, 16.320909073636365], [10.593227839090908, 22.84511115218182, 16.719169495636365], [7.932609624545455, 19.444014312545452, 13.688311968545452], [4.693813270363635, 12.69203668090909, 8.692924975636362], [1.0557854656363637, 6.854490502363637, 3.9551379840000003], [-0.9964140060000001, 3.9058929649090914, 1.4547394794545456]]",0.0,0.0,94861657.19415414,589.8038617042432,507.5896423181897,29.0,2741.39666206315,360.39678598524034,47.45520821464177,0.6051222175590207,49.33924865722656,-124.97747039794922,94.86165719415415
08HB009,1919,55.20000076293945,10.0,6.03000020980835,12.0,206.0,456.0,3.7777579962971473,"[[-1.3124144383636362, 4.128397220181818, 1.4079913909090909], [-0.7955498154545453, 6.1869777365454555, 2.695713960545455], [-0.4038091565454545, 8.264978823818181, 3.930584833636363], [1.627305123818182, 11.349520357636361, 6.488412740727272], [5.110245798, 16.137800833636366, 10.624023315818183], [8.180638058727274, 19.184333535818187, 13.68248579727273], [10.205371294363637, 22.43644685290909, 16.320909073636365], [10.593227839090908, 22.84511115218182, 16.719169495636365], [7.932609624545455, 19.444014312545452, 13.688311968545452], [4.693813270363635, 12.69203668090909, 8.692924975636362], [1.0557854656363637, 6.854490502363637, 3.9551379840000003], [-0.9964140060000001, 3.9058929649090914, 1.4547394794545456]]",0.0,0.0,94861657.19415414,589.8038617042432,507.5896423181897,29.0,2741.39666206315,360.39678598524034,47.45520821464177,0.6051222175590207,49.33924865722656,-124.97747039794922,94.86165719415415
08HB009,1959,51.099998474121094,2.0,19.200000762939453,1.0,121.0,456.0,3.7777579962971473,"[[-1.3124144383636362, 4.128397220181818, 1.4079913909090909], [-0.7955498154545453, 6.1869777365454555, 2.695713960545455], [-0.4038091565454545, 8.264978823818181, 3.930584833636363], [1.627305123818182, 11.349520357636361, 6.488412740727272], [5.110245798, 16.137800833636366, 10.624023315818183], [8.180638058727274, 19.184333535818187, 13.68248579727273], [10.205371294363637, 22.43644685290909, 16.320909073636365], [10.593227839090908, 22.84511115218182, 16.719169495636365], [7.932609624545455, 19.444014312545452, 13.688311968545452], [4.693813270363635, 12.69203668090909, 8.692924975636362], [1.0557854656363637, 6.854490502363637, 3.9551379840000003], [-0.9964140060000001, 3.9058929649090914, 1.4547394794545456]]",0.0,0.0,94861657.19415414,589.8038617042432,507.5896423181897,29.0,2741.39666206315,360.39678598524034,47.45520821464177,0.6051222175590207,49.33924865722656,-124.97747039794922,94.86165719415415
08HB009,1960,59.099998474121094,1.0,18.700000762939453,10.0,195.0,456.0,3.7777579962971473,"[[-1.3124144383636362, 4.128397220181818, 1.4079913909090909], [-0.7955498154545453, 6.1869777365454555, 2.695713960545455], [-0.4038091565454545, 8.264978823818181, 3.930584833636363], [1.627305123818182, 11.349520357636361, 6.488412740727272], [5.110245798, 16.137800833636366, 10.624023315818183], [8.180638058727274, 19.184333535818187, 13.68248579727273], [10.205371294363637, 22.43644685290909, 16.320909073636365], [10.593227839090908, 22.84511115218182, 16.719169495636365], [7.932609624545455, 19.444014312545452, 13.688311968545452], [4.693813270363635, 12.69203668090909, 8.692924975636362], [1.0557854656363637, 6.854490502363637, 3.9551379840000003], [-0.9964140060000001, 3.9058929649090914, 1.4547394794545456]]",0.0,0.0,94861657.19415414,589.8038617042432,507.5896423181897,29.0,2741.39666206315,360.39678598524034,47.45520821464177,0.6051222175590207,49.33924865722656,-124.97747039794922,94.86165719415415
08HB009,1961,66.40000152587889,9.0,23.5,1.0,351.0,456.0,3.7777579962971473,"[[-1.3124144383636362, 4.128397220181818, 1.4079913909090909], [-0.7955498154545453, 6.1869777365454555, 2.695713960545455], [-0.4038091565454545, 8.264978823818181, 3.930584833636363], [1.627305123818182, 11.349520357636361, 6.488412740727272], [5.110245798, 16.137800833636366, 10.624023315818183], [8.180638058727274, 19.184333535818187, 13.68248579727273], [10.205371294363637, 22.43644685290909, 16.320909073636365], [10.593227839090908, 22.84511115218182, 16.719169495636365], [7.932609624545455, 19.444014312545452, 13.688311968545452], [4.693813270363635, 12.69203668090909, 8.692924975636362], [1.0557854656363637, 6.854490502363637, 3.9551379840000003], [-0.9964140060000001, 3.9058929649090914, 1.4547394794545456]]",0.0,0.0,94861657.19415414,589.8038617042432,507.5896423181897,29.0,2741.39666206315,360.39678598524034,47.45520821464177,0.6051222175590207,49.33924865722656,-124.97747039794922,94.86165719415415
08HB009,1962,65.69999694824219,3.0,21.5,12.0,260.0,456.0,3.7777579962971473,"[[-1.3124144383636362, 4.128397220181818, 1.4079913909090909], [-0.7955498154545453, 6.1869777365454555, 2.695713960545455], [-0.4038091565454545, 8.264978823818181, 3.930584833636363], [1.627305123818182, 11.349520357636361, 6.488412740727272], [5.110245798, 16.137800833636366, 10.624023315818183], [8.180638058727274, 19.184333535818187, 13.68248579727273], [10.205371294363637, 22.43644685290909, 16.320909073636365], [10.593227839090908, 22.84511115218182, 16.719169495636365], [7.932609624545455, 19.444014312545452, 13.688311968545452], [4.693813270363635, 12.69203668090909, 8.692924975636362], [1.0557854656363637, 6.854490502363637, 3.9551379840000003], [-0.9964140060000001, 3.9058929649090914, 1.4547394794545456]]",0.0,0.0,94861657.19415414,589.8038617042432,507.5896423181897,29.0,2741.39666206315,360.39678598524034,47.45520821464177,0.6051222175590207,49.33924865722656,-124.97747039794922,94.86165719415415
08HB009,1963,68.69999694824219,3.0,15.899999618530273,2.0,311.0,456.0,3.7777579962971473,"[[-1.3124144383636362, 4.128397220181818, 1.4079913909090909], [-0.7955498154545453, 6.1869777365454555, 2.695713960545455], [-0.4038091565454545, 8.264978823818181, 3.930584833636363], [1.627305123818182, 11.349520357636361, 6.488412740727272], [5.110245798, 16.137800833636366, 10.624023315818183], [8.180638058727274, 19.184333535818187, 13.68248579727273], [10.205371294363637, 22.43644685290909, 16.320909073636365], [10.593227839090908, 22.84511115218182, 16.719169495636365], [7.932609624545455, 19.444014312545452, 13.688311968545452], [4.693813270363635, 12.69203668090909, 8.692924975636362], [1.0557854656363637, 6.854490502363637, 3.9551379840000003], [-0.9964140060000001, 3.9058929649090914, 1.4547394794545456]]",0.0,0.0,94861657.19415414,589.8038617042432,507.5896423181897,29.0,2741.39666206315,360.39678598524034,47.45520821464177,0.6051222175590207,49.33924865722656,-124.97747039794922,94.86165719415415
08HB009,1964,59.5,10.0,20.799999237060547,1.0,187.0,456.0,3.7777579962971473,"[[-1.3124144383636362, 4.128397220181818, 1.4079913909090909], [-0.7955498154545453, 6.1869777365454555, 2.695713960545455], [-0.4038091565454545, 8.264978823818181, 3.930584833636363], [1.627305123818182, 11.349520357636361, 6.488412740727272], [5.110245798, 16.137800833636366, 10.624023315818183], [8.180638058727274, 19.184333535818187, 13.68248579727273], [10.205371294363637, 22.43644685290909, 16.320909073636365], [10.593227839090908, 22.84511115218182, 16.719169495636365], [7.932609624545455, 19.444014312545452, 13.688311968545452], [4.693813270363635, 12.69203668090909, 8.692924975636362], [1.0557854656363637, 6.854490502363637, 3.9551379840000003], [-0.9964140060000001, 3.9058929649090914, 1.4547394794545456]]",0.0,0.0,94861657.19415414,589.8038617042432,507.5896423181897,29.0,2741.39666206315,360.39678598524034,47.45520821464177,0.6051222175590207,49.33924865722656,-124.97747039794922,94.86165719415415
08HB009,1965,56.29999923706055,7.0,20.700000762939453,10.0,189.0,456.0,3.7777579962971473,"[[-1.3124144383636362, 4.128397220181818, 1.4079913909090909], [-0.7955498154545453, 6.1869777365454555, 2.695713960545455], [-0.4038091565454545, 8.264978823818181, 3.930584833636363], [1.627305123818182, 11.349520357636361, 6.488412740727272], [5.110245798, 16.137800833636366, 10.624023315818183], [8.180638058727274, 19.184333535818187, 13.68248579727273], [10.205371294363637, 22.43644685290909, 16.320909073636365], [10.593227839090908, 22.84511115218182, 16.719169495636365], [7.932609624545455, 19.444014312545452, 13.688311968545452], [4.693813270363635, 12.69203668090909, 8.692924975636362], [1.0557854656363637, 6.854490502363637, 3.9551379840000003], [-0.9964140060000001, 3.9058929649090914, 1.4547394794545456]]",0.0,0.0,94861657.19415414,589.8038617042432,507.5896423181897,29.0,2741.39666206315,360.39678598524034,47.45520821464177,0.6051222175590207,49.33924865722656,-124.97747039794922,94.86165719415415
08HB009,1966,73.19999694824219,3.0,24.20000076293945,12.0,292.0,456.0,3.7777579962971473,"[[-1.3124144383636362, 4.128397220181818, 1.4079913909090909], [-0.7955498154545453, 6.1869777365454555, 2.695713960545455], [-0.4038091565454545, 8.264978823818181, 3.930584833636363], [1.627305123818182, 11.349520357636361, 6.488412740727272], [5.110245798, 16.137800833636366, 10.624023315818183], [8.180638058727274, 19.184333535818187, 13.68248579727273], [10.205371294363637, 22.43644685290909, 16.320909073636365], [10.593227839090908, 22.84511115218182, 16.719169495636365], [7.932609624545455, 19.444014312545452, 13.688311968545452], [4.693813270363635, 12.69203668090909, 8.692924975636362], [1.0557854656363637, 6.854490502363637, 3.9551379840000003], [-0.9964140060000001, 3.9058929649090914, 1.4547394794545456]]",0.0,0.0,94861657.19415414,589.8038617042432,507.5896423181897,29.0,2741.39666206315,360.39678598524034,47.45520821464177,0.6051222175590207,49.33924865722656,-124.97747039794922,94.86165719415415
08HB009,1967,65.0,3.0,21.200000762939453,10.0,289.0,456.0,3.7777579962971473,"[[-1.3124144383636362, 4.128397220181818, 1.4079913909090909], [-0.7955498154545453, 6.1869777365454555, 2.695713960545455], [-0.4038091565454545, 8.264978823818181, 3.930584833636363], [1.627305123818182, 11.349520357636361, 6.488412740727272], [5.110245798, 16.137800833636366, 10.624023315818183], [8.180638058727274, 19.184333535818187, 13.68248579727273], [10.205371294363637, 22.43644685290909, 16.320909073636365], [10.593227839090908, 22.84511115218182, 16.719169495636365], [7.932609624545455, 19.444014312545452, 13.688311968545452], [4.693813270363635, 12.69203668090909, 8.692924975636362], [1.0557854656363637, 6.854490502363637, 3.9551379840000003], [-0.9964140060000001, 3.9058929649090914, 1.4547394794545456]]",0.0,0.0,94861657.19415414,589.8038617042432,507.5896423181897,29.0,2741.39666206315,360.39678598524034,47.45520821464177,0.6051222175590207,49.33924865722656,-124.97747039794922,94.86165719415415
08HB009,1968,75.9000015258789,4.0,17.299999237060547,1.0,345.0,456.0,3.7777579962971473,"[[-1.3124144383636362, 4.128397220181818, 1.4079913909090909], [-0.7955498154545453, 6.1869777365454555, 2.695713960545455], [-0.4038091565454545, 8.264978823818181, 3.930584833636363], [1.627305123818182, 11.349520357636361, 6.488412740727272], [5.110245798, 16.137800833636366, 10.624023315818183], [8.180638058727274, 19.184333535818187, 13.68248579727273], [10.205371294363637, 22.43644685290909, 16.320909073636365], [10.593227839090908, 22.84511115218182, 16.719169495636365], [7.932609624545455, 19.444014312545452, 13.688311968545452], [4.693813270363635, 12.69203668090909, 8.692924975636362], [1.0557854656363637, 6.854490502363637, 3.9551379840000003], [-0.9964140060000001, 3.9058929649090914, 1.4547394794545456]]",0.0,0.0,94861657.19415414,589.8038617042432,507.5896423181897,29.0,2741.39666206315,360.39678598524034,47.45520821464177,0.6051222175590207,49.33924865722656,-124.97747039794922,94.86165719415415
08HB009,1969,67.59999847412111,2.0,26.5,5.0,181.0,456.0,3.7777579962971473,"[[-1.3124144383636362, 4.128397220181818, 1.4079913909090909], [-0.7955498154545453, 6.1869777365454555, 2.695713960545455], [-0.4038091565454545, 8.264978823818181, 3.930584833636363], [1.627305123818182, 11.349520357636361, 6.488412740727272], [5.110245798, 16.137800833636366, 10.624023315818183], [8.180638058727274, 19.184333535818187, 13.68248579727273], [10.205371294363637, 22.43644685290909, 16.320909073636365], [10.593227839090908, 22.84511115218182, 16.719169495636365], [7.932609624545455, 19.444014312545452, 13.688311968545452], [4.693813270363635, 12.69203668090909, 8.692924975636362], [1.0557854656363637, 6.854490502363637, 3.9551379840000003], [-0.9964140060000001, 3.9058929649090914, 1.4547394794545456]]",0.0,0.0,94861657.19415414,589.8038617042432,507.5896423181897,29.0,2741.39666206315,360.39678598524034,47.45520821464177,0.6051222175590207,49.33924865722656,-124.97747039794922,94.86165719415415
08HB009,1970,46.20000076293945,3.0,15.600000381469727,4.0,151.0,456.0,3.7777579962971473,"[[-1.3124144383636362, 4.128397220181818, 1.4079913909090909], [-0.7955498154545453, 6.1869777365454555, 2.695713960545455], [-0.4038091565454545, 8.264978823818181, 3.930584833636363], [1.627305123818182, 11.349520357636361, 6.488412740727272], [5.110245798, 16.137800833636366, 10.624023315818183], [8.180638058727274, 19.184333535818187, 13.68248579727273], [10.205371294363637, 22.43644685290909, 16.320909073636365], [10.593227839090908, 22.84511115218182, 16.719169495636365], [7.932609624545455, 19.444014312545452, 13.688311968545452], [4.693813270363635, 12.69203668090909, 8.692924975636362], [1.0557854656363637, 6.854490502363637, 3.9551379840000003], [-0.9964140060000001, 3.9058929649090914, 1.4547394794545456]]",0.0,0.0,94861657.19415414,589.8038617042432,507.5896423181897,29.0,2741.39666206315,360.39678598524034,47.45520821464177,0.6051222175590207,49.33924865722656,-124.97747039794922,94.86165719415415
08HB009,1971,68.69999694824219,12.0,26.0,11.0,221.0,456.0,3.7777579962971473,"[[-1.3124144383636362, 4.128397220181818, 1.4079913909090909], [-0.7955498154545453, 6.1869777365454555, 2.695713960545455], [-0.4038091565454545, 8.264978823818181, 3.930584833636363], [1.627305123818182, 11.349520357636361, 6.488412740727272], [5.110245798, 16.137800833636366, 10.624023315818183], [8.180638058727274, 19.184333535818187, 13.68248579727273], [10.205371294363637, 22.43644685290909, 16.320909073636365], [10.593227839090908, 22.84511115218182, 16.719169495636365], [7.932609624545455, 19.444014312545452, 13.688311968545452], [4.693813270363635, 12.69203668090909, 8.692924975636362], [1.0557854656363637, 6.854490502363637, 3.9551379840000003], [-0.9964140060000001, 3.9058929649090914, 1.4547394794545456]]",0.0,0.0,94861657.19415414,589.8038617042432,507.5896423181897,29.0,2741.39666206315,360.39678598524034,47.45520821464177,0.6051222175590207,49.33924865722656,-124.97747039794922,94.86165719415415
08HB009,1972,59.099998474121094,8.0,23.29999923706055,3.0,223.0,456.0,3.7777579962971473,"[[-1.3124144383636362, 4.128397220181818, 1.4079913909090909], [-0.7955498154545453, 6.1869777365454555, 2.695713960545455], [-0.4038091565454545, 8.264978823818181, 3.930584833636363], [1.627305123818182, 11.349520357636361, 6.488412740727272], [5.110245798, 16.137800833636366, 10.624023315818183], [8.180638058727274, 19.184333535818187, 13.68248579727273], [10.205371294363637, 22.43644685290909, 16.320909073636365], [10.593227839090908, 22.84511115218182, 16.719169495636365], [7.932609624545455, 19.444014312545452, 13.688311968545452], [4.693813270363635, 12.69203668090909, 8.692924975636362], [1.0557854656363637, 6.854490502363637, 3.9551379840000003], [-0.9964140060000001, 3.9058929649090914, 1.4547394794545456]]",0.0,0.0,94861657.19415414,589.8038617042432,507.5896423181897,29.0,2741.39666206315,360.39678598524034,47.45520821464177,0.6051222175590207,49.33924865722656,-124.97747039794922,94.86165719415415
08HB009,1973,59.29999923706055,10.0,29.70000076293945,12.0,202.0,456.0,3.7777579962971473,"[[-1.3124144383636362, 4.128397220181818, 1.4079913909090909], [-0.7955498154545453, 6.1869777365454555, 2.695713960545455], [-0.4038091565454545, 8.264978823818181, 3.930584833636363], [1.627305123818182, 11.349520357636361, 6.488412740727272], [5.110245798, 16.137800833636366, 10.624023315818183], [8.180638058727274, 19.184333535818187, 13.68248579727273], [10.205371294363637, 22.43644685290909, 16.320909073636365], [10.593227839090908, 22.84511115218182, 16.719169495636365], [7.932609624545455, 19.444014312545452, 13.688311968545452], [4.693813270363635, 12.69203668090909, 8.692924975636362], [1.0557854656363637, 6.854490502363637, 3.9551379840000003], [-0.9964140060000001, 3.9058929649090914, 1.4547394794545456]]",0.0,0.0,94861657.19415414,589.8038617042432,507.5896423181897,29.0,2741.39666206315,360.39678598524034,47.45520821464177,0.6051222175590207,49.33924865722656,-124.97747039794922,94.86165719415415
08HB009,1975,70.19999694824219,8.0,19.5,11.0,382.0,456.0,3.7777579962971473,"[[-1.3124144383636362, 4.128397220181818, 1.4079913909090909], [-0.7955498154545453, 6.1869777365454555, 2.695713960545455], [-0.4038091565454545, 8.264978823818181, 3.930584833636363], [1.627305123818182, 11.349520357636361, 6.488412740727272], [5.110245798, 16.137800833636366, 10.624023315818183], [8.180638058727274, 19.184333535818187, 13.68248579727273], [10.205371294363637, 22.43644685290909, 16.320909073636365], [10.593227839090908, 22.84511115218182, 16.719169495636365], [7.932609624545455, 19.444014312545452, 13.688311968545452], [4.693813270363635, 12.69203668090909, 8.692924975636362], [1.0557854656363637, 6.854490502363637, 3.9551379840000003], [-0.9964140060000001, 3.9058929649090914, 1.4547394794545456]]",0.0,0.0,94861657.19415414,589.8038617042432,507.5896423181897,29.0,2741.39666206315,360.39678598524034,47.45520821464177,0.6051222175590207,49.33924865722656,-124.97747039794922,94.86165719415415
08HB009,1976,57.099998474121094,4.0,21.39999961853028,1.0,141.0,456.0,3.7777579962971473,"[[-1.3124144383636362, 4.128397220181818, 1.4079913909090909], [-0.7955498154545453, 6.1869777365454555, 2.695713960545455], [-0.4038091565454545, 8.264978823818181, 3.930584833636363], [1.627305123818182, 11.349520357636361, 6.488412740727272], [5.110245798, 16.137800833636366, 10.624023315818183], [8.180638058727274, 19.184333535818187, 13.68248579727273], [10.205371294363637, 22.43644685290909, 16.320909073636365], [10.593227839090908, 22.84511115218182, 16.719169495636365], [7.932609624545455, 19.444014312545452, 13.688311968545452], [4.693813270363635, 12.69203668090909, 8.692924975636362], [1.0557854656363637, 6.854490502363637, 3.9551379840000003], [-0.9964140060000001, 3.9058929649090914, 1.4547394794545456]]",0.0,0.0,94861657.19415414,589.8038617042432,507.5896423181897,29.0,2741.39666206315,360.39678598524034,47.45520821464177,0.6051222175590207,49.33924865722656,-124.97747039794922,94.86165719415415
08HB009,1977,57.0,2.0,20.600000381469727,11.0,219.0,456.0,3.7777579962971473,"[[-1.3124144383636362, 4.128397220181818, 1.4079913909090909], [-0.7955498154545453, 6.1869777365454555, 2.695713960545455], [-0.4038091565454545, 8.264978823818181, 3.930584833636363], [1.627305123818182, 11.349520357636361, 6.488412740727272], [5.110245798, 16.137800833636366, 10.624023315818183], [8.180638058727274, 19.184333535818187, 13.68248579727273], [10.205371294363637, 22.43644685290909, 16.320909073636365], [10.593227839090908, 22.84511115218182, 16.719169495636365], [7.932609624545455, 19.444014312545452, 13.688311968545452], [4.693813270363635, 12.69203668090909, 8.692924975636362], [1.0557854656363637, 6.854490502363637, 3.9551379840000003], [-0.9964140060000001, 3.9058929649090914, 1.4547394794545456]]",0.0,0.0,94861657.19415414,589.8038617042432,507.5896423181897,29.0,2741.39666206315,360.39678598524034,47.45520821464177,0.6051222175590207,49.33924865722656,-124.97747039794922,94.86165719415415
08HB009,1978,50.20000076293945,8.0,23.20000076293945,8.0,221.0,456.0,3.7777579962971473,"[[-1.3124144383636362, 4.128397220181818, 1.4079913909090909], [-0.7955498154545453, 6.1869777365454555, 2.695713960545455], [-0.4038091565454545, 8.264978823818181, 3.930584833636363], [1.627305123818182, 11.349520357636361, 6.488412740727272], [5.110245798, 16.137800833636366, 10.624023315818183], [8.180638058727274, 19.184333535818187, 13.68248579727273], [10.205371294363637, 22.43644685290909, 16.320909073636365], [10.593227839090908, 22.84511115218182, 16.719169495636365], [7.932609624545455, 19.444014312545452, 13.688311968545452], [4.693813270363635, 12.69203668090909, 8.692924975636362], [1.0557854656363637, 6.854490502363637, 3.9551379840000003], [-0.9964140060000001, 3.9058929649090914, 1.4547394794545456]]",0.0,0.0,94861657.19415414,589.8038617042432,507.5896423181897,29.0,2741.39666206315,360.39678598524034,47.45520821464177,0.6051222175590207,49.33924865722656,-124.97747039794922,94.86165719415415
08HB009,1979,55.29999923706055,1.0,22.899999618530284,12.0,252.0,456.0,3.7777579962971473,"[[-1.3124144383636362, 4.128397220181818, 1.4079913909090909], [-0.7955498154545453, 6.1869777365454555, 2.695713960545455], [-0.4038091565454545, 8.264978823818181, 3.930584833636363], [1.627305123818182, 11.349520357636361, 6.488412740727272], [5.110245798, 16.137800833636366, 10.624023315818183], [8.180638058727274, 19.184333535818187, 13.68248579727273], [10.205371294363637, 22.43644685290909, 16.320909073636365], [10.593227839090908, 22.84511115218182, 16.719169495636365], [7.932609624545455, 19.444014312545452, 13.688311968545452], [4.693813270363635, 12.69203668090909, 8.692924975636362], [1.0557854656363637, 6.854490502363637, 3.9551379840000003], [-0.9964140060000001, 3.9058929649090914, 1.4547394794545456]]",0.0,0.0,94861657.19415414,589.8038617042432,507.5896423181897,29.0,2741.39666206315,360.39678598524034,47.45520821464177,0.6051222175590207,49.33924865722656,-124.97747039794922,94.86165719415415
08HB009,1980,59.599998474121094,3.0,26.60000038146973,12.0,319.0,456.0,3.7777579962971473,"[[-1.3124144383636362, 4.128397220181818, 1.4079913909090909], [-0.7955498154545453, 6.1869777365454555, 2.695713960545455], [-0.4038091565454545, 8.264978823818181, 3.930584833636363], [1.627305123818182, 11.349520357636361, 6.488412740727272], [5.110245798, 16.137800833636366, 10.624023315818183], [8.180638058727274, 19.184333535818187, 13.68248579727273], [10.205371294363637, 22.43644685290909, 16.320909073636365], [10.593227839090908, 22.84511115218182, 16.719169495636365], [7.932609624545455, 19.444014312545452, 13.688311968545452], [4.693813270363635, 12.69203668090909, 8.692924975636362], [1.0557854656363637, 6.854490502363637, 3.9551379840000003], [-0.9964140060000001, 3.9058929649090914, 1.4547394794545456]]",0.0,0.0,94861657.19415414,589.8038617042432,507.5896423181897,29.0,2741.39666206315,360.39678598524034,47.45520821464177,0.6051222175590207,49.33924865722656,-124.97747039794922,94.86165719415415
08HB009,1981,61.9000015258789,7.0,18.5,11.0,246.0,456.0,3.7777579962971473,"[[-1.3124144383636362, 4.128397220181818, 1.4079913909090909], [-0.7955498154545453, 6.1869777365454555, 2.695713960545455], [-0.4038091565454545, 8.264978823818181, 3.930584833636363], [1.627305123818182, 11.349520357636361, 6.488412740727272], [5.110245798, 16.137800833636366, 10.624023315818183], [8.180638058727274, 19.184333535818187, 13.68248579727273], [10.205371294363637, 22.43644685290909, 16.320909073636365], [10.593227839090908, 22.84511115218182, 16.719169495636365], [7.932609624545455, 19.444014312545452, 13.688311968545452], [4.693813270363635, 12.69203668090909, 8.692924975636362], [1.0557854656363637, 6.854490502363637, 3.9551379840000003], [-0.9964140060000001, 3.9058929649090914, 1.4547394794545456]]",0.0,0.0,94861657.19415414,589.8038617042432,507.5896423181897,29.0,2741.39666206315,360.39678598524034,47.45520821464177,0.6051222175590207,49.33924865722656,-124.97747039794922,94.86165719415415
08HB009,1982,60.70000076293945,9.0,23.60000038146973,10.0,351.0,456.0,3.7777579962971473,"[[-1.3124144383636362, 4.128397220181818, 1.4079913909090909], [-0.7955498154545453, 6.1869777365454555, 2.695713960545455], [-0.4038091565454545, 8.264978823818181, 3.930584833636363], [1.627305123818182, 11.349520357636361, 6.488412740727272], [5.110245798, 16.137800833636366, 10.624023315818183], [8.180638058727274, 19.184333535818187, 13.68248579727273], [10.205371294363637, 22.43644685290909, 16.320909073636365], [10.593227839090908, 22.84511115218182, 16.719169495636365], [7.932609624545455, 19.444014312545452, 13.688311968545452], [4.693813270363635, 12.69203668090909, 8.692924975636362], [1.0557854656363637, 6.854490502363637, 3.9551379840000003], [-0.9964140060000001, 3.9058929649090914, 1.4547394794545456]]",0.0,0.0,94861657.19415414,589.8038617042432,507.5896423181897,29.0,2741.39666206315,360.39678598524034,47.45520821464177,0.6051222175590207,49.33924865722656,-124.97747039794922,94.86165719415415
08HB009,1983,71.0999984741211,10.0,22.0,11.0,251.0,456.0,3.7777579962971473,"[[-1.3124144383636362, 4.128397220181818, 1.4079913909090909], [-0.7955498154545453, 6.1869777365454555, 2.695713960545455], [-0.4038091565454545, 8.264978823818181, 3.930584833636363], [1.627305123818182, 11.349520357636361, 6.488412740727272], [5.110245798, 16.137800833636366, 10.624023315818183], [8.180638058727274, 19.184333535818187, 13.68248579727273], [10.205371294363637, 22.43644685290909, 16.320909073636365], [10.593227839090908, 22.84511115218182, 16.719169495636365], [7.932609624545455, 19.444014312545452, 13.688311968545452], [4.693813270363635, 12.69203668090909, 8.692924975636362], [1.0557854656363637, 6.854490502363637, 3.9551379840000003], [-0.9964140060000001, 3.9058929649090914, 1.4547394794545456]]",0.0,0.0,94861657.19415414,589.8038617042432,507.5896423181897,29.0,2741.39666206315,360.39678598524034,47.45520821464177,0.6051222175590207,49.33924865722656,-124.97747039794922,94.86165719415415
08HB009,1984,63.20000076293945,8.0,20.299999237060547,10.0,311.0,456.0,3.7777579962971473,"[[-1.3124144383636362, 4.128397220181818, 1.4079913909090909], [-0.7955498154545453, 6.1869777365454555, 2.695713960545455], [-0.4038091565454545, 8.264978823818181, 3.930584833636363], [1.627305123818182, 11.349520357636361, 6.488412740727272], [5.110245798, 16.137800833636366, 10.624023315818183], [8.180638058727274, 19.184333535818187, 13.68248579727273], [10.205371294363637, 22.43644685290909, 16.320909073636365], [10.593227839090908, 22.84511115218182, 16.719169495636365], [7.932609624545455, 19.444014312545452, 13.688311968545452], [4.693813270363635, 12.69203668090909, 8.692924975636362], [1.0557854656363637, 6.854490502363637, 3.9551379840000003], [-0.9964140060000001, 3.9058929649090914, 1.4547394794545456]]",0.0,0.0,94861657.19415414,589.8038617042432,507.5896423181897,29.0,2741.39666206315,360.39678598524034,47.45520821464177,0.6051222175590207,49.33924865722656,-124.97747039794922,94.86165719415415
08HB009,1985,35.400001525878906,11.0,15.100000381469727,10.0,158.0,456.0,3.7777579962971473,"[[-1.3124144383636362, 4.128397220181818, 1.4079913909090909], [-0.7955498154545453, 6.1869777365454555, 2.695713960545455], [-0.4038091565454545, 8.264978823818181, 3.930584833636363], [1.627305123818182, 11.349520357636361, 6.488412740727272], [5.110245798, 16.137800833636366, 10.624023315818183], [8.180638058727274, 19.184333535818187, 13.68248579727273], [10.205371294363637, 22.43644685290909, 16.320909073636365], [10.593227839090908, 22.84511115218182, 16.719169495636365], [7.932609624545455, 19.444014312545452, 13.688311968545452], [4.693813270363635, 12.69203668090909, 8.692924975636362], [1.0557854656363637, 6.854490502363637, 3.9551379840000003], [-0.9964140060000001, 3.9058929649090914, 1.4547394794545456]]",0.0,0.0,94861657.19415414,589.8038617042432,507.5896423181897,29.0,2741.39666206315,360.39678598524034,47.45520821464177,0.6051222175590207,49.33924865722656,-124.97747039794922,94.86165719415415
08HB009,1986,59.29999923706055,10.0,16.600000381469727,5.0,256.0,456.0,3.7777579962971473,"[[-1.3124144383636362, 4.128397220181818, 1.4079913909090909], [-0.7955498154545453, 6.1869777365454555, 2.695713960545455], [-0.4038091565454545, 8.264978823818181, 3.930584833636363], [1.627305123818182, 11.349520357636361, 6.488412740727272], [5.110245798, 16.137800833636366, 10.624023315818183], [8.180638058727274, 19.184333535818187, 13.68248579727273], [10.205371294363637, 22.43644685290909, 16.320909073636365], [10.593227839090908, 22.84511115218182, 16.719169495636365], [7.932609624545455, 19.444014312545452, 13.688311968545452], [4.693813270363635, 12.69203668090909, 8.692924975636362], [1.0557854656363637, 6.854490502363637, 3.9551379840000003], [-0.9964140060000001, 3.9058929649090914, 1.4547394794545456]]",0.0,0.0,94861657.19415414,589.8038617042432,507.5896423181897,29.0,2741.39666206315,360.39678598524034,47.45520821464177,0.6051222175590207,49.33924865722656,-124.97747039794922,94.86165719415415
08HB009,1987,64.69999694824219,12.0,13.5,3.0,268.0,456.0,3.7777579962971473,"[[-1.3124144383636362, 4.128397220181818, 1.4079913909090909], [-0.7955498154545453, 6.1869777365454555, 2.695713960545455], [-0.4038091565454545, 8.264978823818181, 3.930584833636363], [1.627305123818182, 11.349520357636361, 6.488412740727272], [5.110245798, 16.137800833636366, 10.624023315818183], [8.180638058727274, 19.184333535818187, 13.68248579727273], [10.205371294363637, 22.43644685290909, 16.320909073636365], [10.593227839090908, 22.84511115218182, 16.719169495636365], [7.932609624545455, 19.444014312545452, 13.688311968545452], [4.693813270363635, 12.69203668090909, 8.692924975636362], [1.0557854656363637, 6.854490502363637, 3.9551379840000003], [-0.9964140060000001, 3.9058929649090914, 1.4547394794545456]]",0.0,0.0,94861657.19415414,589.8038617042432,507.5896423181897,29.0,2741.39666206315,360.39678598524034,47.45520821464177,0.6051222175590207,49.33924865722656,-124.97747039794922,94.86165719415415
08HB009,1988,58.099998474121094,1.0,15.600000381469727,11.0,214.0,456.0,3.7777579962971473,"[[-1.3124144383636362, 4.128397220181818, 1.4079913909090909], [-0.7955498154545453, 6.1869777365454555, 2.695713960545455], [-0.4038091565454545, 8.264978823818181, 3.930584833636363], [1.627305123818182, 11.349520357636361, 6.488412740727272], [5.110245798, 16.137800833636366, 10.624023315818183], [8.180638058727274, 19.184333535818187, 13.68248579727273], [10.205371294363637, 22.43644685290909, 16.320909073636365], [10.593227839090908, 22.84511115218182, 16.719169495636365], [7.932609624545455, 19.444014312545452, 13.688311968545452], [4.693813270363635, 12.69203668090909, 8.692924975636362], [1.0557854656363637, 6.854490502363637, 3.9551379840000003], [-0.9964140060000001, 3.9058929649090914, 1.4547394794545456]]",0.0,0.0,94861657.19415414,589.8038617042432,507.5896423181897,29.0,2741.39666206315,360.39678598524034,47.45520821464177,0.6051222175590207,49.33924865722656,-124.97747039794922,94.86165719415415
08HB009,1989,49.0,9.0,13.199999809265135,12.0,157.0,456.0,3.7777579962971473,"[[-1.3124144383636362, 4.128397220181818, 1.4079913909090909], [-0.7955498154545453, 6.1869777365454555, 2.695713960545455], [-0.4038091565454545, 8.264978823818181, 3.930584833636363], [1.627305123818182, 11.349520357636361, 6.488412740727272], [5.110245798, 16.137800833636366, 10.624023315818183], [8.180638058727274, 19.184333535818187, 13.68248579727273], [10.205371294363637, 22.43644685290909, 16.320909073636365], [10.593227839090908, 22.84511115218182, 16.719169495636365], [7.932609624545455, 19.444014312545452, 13.688311968545452], [4.693813270363635, 12.69203668090909, 8.692924975636362], [1.0557854656363637, 6.854490502363637, 3.9551379840000003], [-0.9964140060000001, 3.9058929649090914, 1.4547394794545456]]",0.0,0.0,94861657.19415414,589.8038617042432,507.5896423181897,29.0,2741.39666206315,360.39678598524034,47.45520821464177,0.6051222175590207,49.33924865722656,-124.97747039794922,94.86165719415415
08HB009,1990,58.5,10.0,20.600000381469727,11.0,315.0,456.0,3.7777579962971473,"[[-1.3124144383636362, 4.128397220181818, 1.4079913909090909], [-0.7955498154545453, 6.1869777365454555, 2.695713960545455], [-0.4038091565454545, 8.264978823818181, 3.930584833636363], [1.627305123818182, 11.349520357636361, 6.488412740727272], [5.110245798, 16.137800833636366, 10.624023315818183], [8.180638058727274, 19.184333535818187, 13.68248579727273], [10.205371294363637, 22.43644685290909, 16.320909073636365], [10.593227839090908, 22.84511115218182, 16.719169495636365], [7.932609624545455, 19.444014312545452, 13.688311968545452], [4.693813270363635, 12.69203668090909, 8.692924975636362], [1.0557854656363637, 6.854490502363637, 3.9551379840000003], [-0.9964140060000001, 3.9058929649090914, 1.4547394794545456]]",0.0,0.0,94861657.19415414,589.8038617042432,507.5896423181897,29.0,2741.39666206315,360.39678598524034,47.45520821464177,0.6051222175590207,49.33924865722656,-124.97747039794922,94.86165719415415
08HB009,1991,52.9000015258789,6.0,12.199999809265135,8.0,286.0,456.0,3.7777579962971473,"[[-1.3124144383636362, 4.128397220181818, 1.4079913909090909], [-0.7955498154545453, 6.1869777365454555, 2.695713960545455], [-0.4038091565454545, 8.264978823818181, 3.930584833636363], [1.627305123818182, 11.349520357636361, 6.488412740727272], [5.110245798, 16.137800833636366, 10.624023315818183], [8.180638058727274, 19.184333535818187, 13.68248579727273], [10.205371294363637, 22.43644685290909, 16.320909073636365], [10.593227839090908, 22.84511115218182, 16.719169495636365], [7.932609624545455, 19.444014312545452, 13.688311968545452], [4.693813270363635, 12.69203668090909, 8.692924975636362], [1.0557854656363637, 6.854490502363637, 3.9551379840000003], [-0.9964140060000001, 3.9058929649090914, 1.4547394794545456]]",0.0,0.0,94861657.19415414,589.8038617042432,507.5896423181897,29.0,2741.39666206315,360.39678598524034,47.45520821464177,0.6051222175590207,49.33924865722656,-124.97747039794922,94.86165719415415
08HB009,1992,54.099998474121094,3.0,12.899999618530273,2.0,322.0,456.0,3.7777579962971473,"[[-1.3124144383636362, 4.128397220181818, 1.4079913909090909], [-0.7955498154545453, 6.1869777365454555, 2.695713960545455], [-0.4038091565454545, 8.264978823818181, 3.930584833636363], [1.627305123818182, 11.349520357636361, 6.488412740727272], [5.110245798, 16.137800833636366, 10.624023315818183], [8.180638058727274, 19.184333535818187, 13.68248579727273], [10.205371294363637, 22.43644685290909, 16.320909073636365], [10.593227839090908, 22.84511115218182, 16.719169495636365], [7.932609624545455, 19.444014312545452, 13.688311968545452], [4.693813270363635, 12.69203668090909, 8.692924975636362], [1.0557854656363637, 6.854490502363637, 3.9551379840000003], [-0.9964140060000001, 3.9058929649090914, 1.4547394794545456]]",0.0,0.0,94861657.19415414,589.8038617042432,507.5896423181897,29.0,2741.39666206315,360.39678598524034,47.45520821464177,0.6051222175590207,49.33924865722656,-124.97747039794922,94.86165719415415
08HB009,1993,47.79999923706055,3.0,11.699999809265135,3.0,166.0,456.0,3.7777579962971473,"[[-1.3124144383636362, 4.128397220181818, 1.4079913909090909], [-0.7955498154545453, 6.1869777365454555, 2.695713960545455], [-0.4038091565454545, 8.264978823818181, 3.930584833636363], [1.627305123818182, 11.349520357636361, 6.488412740727272], [5.110245798, 16.137800833636366, 10.624023315818183], [8.180638058727274, 19.184333535818187, 13.68248579727273], [10.205371294363637, 22.43644685290909, 16.320909073636365], [10.593227839090908, 22.84511115218182, 16.719169495636365], [7.932609624545455, 19.444014312545452, 13.688311968545452], [4.693813270363635, 12.69203668090909, 8.692924975636362], [1.0557854656363637, 6.854490502363637, 3.9551379840000003], [-0.9964140060000001, 3.9058929649090914, 1.4547394794545456]]",0.0,0.0,94861657.19415414,589.8038617042432,507.5896423181897,29.0,2741.39666206315,360.39678598524034,47.45520821464177,0.6051222175590207,49.33924865722656,-124.97747039794922,94.86165719415415
08HB009,1994,54.79999923706055,10.0,15.600000381469727,3.0,263.0,456.0,3.7777579962971473,"[[-1.3124144383636362, 4.128397220181818, 1.4079913909090909], [-0.7955498154545453, 6.1869777365454555, 2.695713960545455], [-0.4038091565454545, 8.264978823818181, 3.930584833636363], [1.627305123818182, 11.349520357636361, 6.488412740727272], [5.110245798, 16.137800833636366, 10.624023315818183], [8.180638058727274, 19.184333535818187, 13.68248579727273], [10.205371294363637, 22.43644685290909, 16.320909073636365], [10.593227839090908, 22.84511115218182, 16.719169495636365], [7.932609624545455, 19.444014312545452, 13.688311968545452], [4.693813270363635, 12.69203668090909, 8.692924975636362], [1.0557854656363637, 6.854490502363637, 3.9551379840000003], [-0.9964140060000001, 3.9058929649090914, 1.4547394794545456]]",0.0,0.0,94861657.19415414,589.8038617042432,507.5896423181897,29.0,2741.39666206315,360.39678598524034,47.45520821464177,0.6051222175590207,49.33924865722656,-124.97747039794922,94.86165719415415
08HB009,1995,73.80000305175781,9.0,15.600000381469727,11.0,332.0,456.0,3.7777579962971473,"[[-1.3124144383636362, 4.128397220181818, 1.4079913909090909], [-0.7955498154545453, 6.1869777365454555, 2.695713960545455], [-0.4038091565454545, 8.264978823818181, 3.930584833636363], [1.627305123818182, 11.349520357636361, 6.488412740727272], [5.110245798, 16.137800833636366, 10.624023315818183], [8.180638058727274, 19.184333535818187, 13.68248579727273], [10.205371294363637, 22.43644685290909, 16.320909073636365], [10.593227839090908, 22.84511115218182, 16.719169495636365], [7.932609624545455, 19.444014312545452, 13.688311968545452], [4.693813270363635, 12.69203668090909, 8.692924975636362], [1.0557854656363637, 6.854490502363637, 3.9551379840000003], [-0.9964140060000001, 3.9058929649090914, 1.4547394794545456]]",0.0,0.0,94861657.19415414,589.8038617042432,507.5896423181897,29.0,2741.39666206315,360.39678598524034,47.45520821464177,0.6051222175590207,49.33924865722656,-124.97747039794922,94.86165719415415
08HB009,1996,54.70000076293945,8.0,14.699999809265135,2.0,180.0,456.0,3.7777579962971473,"[[-1.3124144383636362, 4.128397220181818, 1.4079913909090909], [-0.7955498154545453, 6.1869777365454555, 2.695713960545455], [-0.4038091565454545, 8.264978823818181, 3.930584833636363], [1.627305123818182, 11.349520357636361, 6.488412740727272], [5.110245798, 16.137800833636366, 10.624023315818183], [8.180638058727274, 19.184333535818187, 13.68248579727273], [10.205371294363637, 22.43644685290909, 16.320909073636365], [10.593227839090908, 22.84511115218182, 16.719169495636365], [7.932609624545455, 19.444014312545452, 13.688311968545452], [4.693813270363635, 12.69203668090909, 8.692924975636362], [1.0557854656363637, 6.854490502363637, 3.9551379840000003], [-0.9964140060000001, 3.9058929649090914, 1.4547394794545456]]",0.0,0.0,94861657.19415414,589.8038617042432,507.5896423181897,29.0,2741.39666206315,360.39678598524034,47.45520821464177,0.6051222175590207,49.33924865722656,-124.97747039794922,94.86165719415415
08HB009,1997,77.4000015258789,8.0,15.5,10.0,272.0,456.0,3.7777579962971473,"[[-1.3124144383636362, 4.128397220181818, 1.4079913909090909], [-0.7955498154545453, 6.1869777365454555, 2.695713960545455], [-0.4038091565454545, 8.264978823818181, 3.930584833636363], [1.627305123818182, 11.349520357636361, 6.488412740727272], [5.110245798, 16.137800833636366, 10.624023315818183], [8.180638058727274, 19.184333535818187, 13.68248579727273], [10.205371294363637, 22.43644685290909, 16.320909073636365], [10.593227839090908, 22.84511115218182, 16.719169495636365], [7.932609624545455, 19.444014312545452, 13.688311968545452], [4.693813270363635, 12.69203668090909, 8.692924975636362], [1.0557854656363637, 6.854490502363637, 3.9551379840000003], [-0.9964140060000001, 3.9058929649090914, 1.4547394794545456]]",0.0,0.0,94861657.19415414,589.8038617042432,507.5896423181897,29.0,2741.39666206315,360.39678598524034,47.45520821464177,0.6051222175590207,49.33924865722656,-124.97747039794922,94.86165719415415
08HB009,1998,61.70000076293945,9.0,16.5,1.0,251.0,456.0,3.7777579962971473,"[[-1.3124144383636362, 4.128397220181818, 1.4079913909090909], [-0.7955498154545453, 6.1869777365454555, 2.695713960545455], [-0.4038091565454545, 8.264978823818181, 3.930584833636363], [1.627305123818182, 11.349520357636361, 6.488412740727272], [5.110245798, 16.137800833636366, 10.624023315818183], [8.180638058727274, 19.184333535818187, 13.68248579727273], [10.205371294363637, 22.43644685290909, 16.320909073636365], [10.593227839090908, 22.84511115218182, 16.719169495636365], [7.932609624545455, 19.444014312545452, 13.688311968545452], [4.693813270363635, 12.69203668090909, 8.692924975636362], [1.0557854656363637, 6.854490502363637, 3.9551379840000003], [-0.9964140060000001, 3.9058929649090914, 1.4547394794545456]]",0.0,0.0,94861657.19415414,589.8038617042432,507.5896423181897,29.0,2741.39666206315,360.39678598524034,47.45520821464177,0.6051222175590207,49.33924865722656,-124.97747039794922,94.86165719415415
08HB009,1999,71.5,12.0,24.20000076293945,11.0,255.0,456.0,3.7777579962971473,"[[-1.3124144383636362, 4.128397220181818, 1.4079913909090909], [-0.7955498154545453, 6.1869777365454555, 2.695713960545455], [-0.4038091565454545, 8.264978823818181, 3.930584833636363], [1.627305123818182, 11.349520357636361, 6.488412740727272], [5.110245798, 16.137800833636366, 10.624023315818183], [8.180638058727274, 19.184333535818187, 13.68248579727273], [10.205371294363637, 22.43644685290909, 16.320909073636365], [10.593227839090908, 22.84511115218182, 16.719169495636365], [7.932609624545455, 19.444014312545452, 13.688311968545452], [4.693813270363635, 12.69203668090909, 8.692924975636362], [1.0557854656363637, 6.854490502363637, 3.9551379840000003], [-0.9964140060000001, 3.9058929649090914, 1.4547394794545456]]",0.0,0.0,94861657.19415414,589.8038617042432,507.5896423181897,29.0,2741.39666206315,360.39678598524034,47.45520821464177,0.6051222175590207,49.33924865722656,-124.97747039794922,94.86165719415415
08HB010,1915,71.5,9.0,8.5,10.0,538.0,899.0,,"[[-2.114548040769231, 3.4393439823076926, 0.6623979707692307], [-1.5609194946153846, 5.256106378923077, 1.8475934421538462], [-1.3139581247692307, 6.83060248876923, 2.7583221819999997], [0.7269944887692308, 9.680830922, 5.2039127053846155], [4.204955529384615, 14.440080134307692, 9.322517831846154], [7.246117341076922, 17.524045453384616, 12.385081397230769], [9.395213368153845, 20.763105016769234, 15.079159192461539], [9.865582441076922, 21.204364574615386, 15.534973507846153], [7.287042815230769, 18.005760977076925, 12.646401896153847], [3.926693605692308, 11.496419547846152, 7.71155657676923], [0.13322298230769233, 5.879065651846154, 3.006144317076923], [-1.8685256875384617, 3.191443595846154, 0.661458954153846]]",0.00257243511535543,3400115.466789594,880485089.9696971,556.4937401546857,473.6474233744068,29.0,3168.30959606049,,,,49.334999084472656,-124.92082977294922,880.4850899696971
08HB010,1916,67.19999694824219,10.0,7.079999923706055,3.0,294.0,899.0,,"[[-2.114548040769231, 3.4393439823076926, 0.6623979707692307], [-1.5609194946153846, 5.256106378923077, 1.8475934421538462], [-1.3139581247692307, 6.83060248876923, 2.7583221819999997], [0.7269944887692308, 9.680830922, 5.2039127053846155], [4.204955529384615, 14.440080134307692, 9.322517831846154], [7.246117341076922, 17.524045453384616, 12.385081397230769], [9.395213368153845, 20.763105016769234, 15.079159192461539], [9.865582441076922, 21.204364574615386, 15.534973507846153], [7.287042815230769, 18.005760977076925, 12.646401896153847], [3.926693605692308, 11.496419547846152, 7.71155657676923], [0.13322298230769233, 5.879065651846154, 3.006144317076923], [-1.8685256875384617, 3.191443595846154, 0.661458954153846]]",0.00257243511535543,3400115.466789594,880485089.9696971,556.4937401546857,473.6474233744068,29.0,3168.30959606049,,,,49.334999084472656,-124.92082977294922,880.4850899696971
08HB010,1917,62.0,9.0,13.0,12.0,496.0,899.0,,"[[-2.114548040769231, 3.4393439823076926, 0.6623979707692307], [-1.5609194946153846, 5.256106378923077, 1.8475934421538462], [-1.3139581247692307, 6.83060248876923, 2.7583221819999997], [0.7269944887692308, 9.680830922, 5.2039127053846155], [4.204955529384615, 14.440080134307692, 9.322517831846154], [7.246117341076922, 17.524045453384616, 12.385081397230769], [9.395213368153845, 20.763105016769234, 15.079159192461539], [9.865582441076922, 21.204364574615386, 15.534973507846153], [7.287042815230769, 18.005760977076925, 12.646401896153847], [3.926693605692308, 11.496419547846152, 7.71155657676923], [0.13322298230769233, 5.879065651846154, 3.006144317076923], [-1.8685256875384617, 3.191443595846154, 0.661458954153846]]",0.00257243511535543,3400115.466789594,880485089.9696971,556.4937401546857,473.6474233744068,29.0,3168.30959606049,,,,49.334999084472656,-124.92082977294922,880.4850899696971
08HB010,1918,91.4000015258789,9.0,9.0600004196167,1.0,779.0,899.0,,"[[-2.114548040769231, 3.4393439823076926, 0.6623979707692307], [-1.5609194946153846, 5.256106378923077, 1.8475934421538462], [-1.3139581247692307, 6.83060248876923, 2.7583221819999997], [0.7269944887692308, 9.680830922, 5.2039127053846155], [4.204955529384615, 14.440080134307692, 9.322517831846154], [7.246117341076922, 17.524045453384616, 12.385081397230769], [9.395213368153845, 20.763105016769234, 15.079159192461539], [9.865582441076922, 21.204364574615386, 15.534973507846153], [7.287042815230769, 18.005760977076925, 12.646401896153847], [3.926693605692308, 11.496419547846152, 7.71155657676923], [0.13322298230769233, 5.879065651846154, 3.006144317076923], [-1.8685256875384617, 3.191443595846154, 0.661458954153846]]",0.00257243511535543,3400115.466789594,880485089.9696971,556.4937401546857,473.6474233744068,29.0,3168.30959606049,,,,49.334999084472656,-124.92082977294922,880.4850899696971
08HB010,1919,90.9000015258789,10.0,8.5,12.0,524.0,899.0,,"[[-2.114548040769231, 3.4393439823076926, 0.6623979707692307], [-1.5609194946153846, 5.256106378923077, 1.8475934421538462], [-1.3139581247692307, 6.83060248876923, 2.7583221819999997], [0.7269944887692308, 9.680830922, 5.2039127053846155], [4.204955529384615, 14.440080134307692, 9.322517831846154], [7.246117341076922, 17.524045453384616, 12.385081397230769], [9.395213368153845, 20.763105016769234, 15.079159192461539], [9.865582441076922, 21.204364574615386, 15.534973507846153], [7.287042815230769, 18.005760977076925, 12.646401896153847], [3.926693605692308, 11.496419547846152, 7.71155657676923], [0.13322298230769233, 5.879065651846154, 3.006144317076923], [-1.8685256875384617, 3.191443595846154, 0.661458954153846]]",0.00257243511535543,3400115.466789594,880485089.9696971,556.4937401546857,473.6474233744068,29.0,3168.30959606049,,,,49.334999084472656,-124.92082977294922,880.4850899696971
08HB010,1920,69.90000152587889,8.0,11.600000381469727,12.0,331.0,899.0,,"[[-2.114548040769231, 3.4393439823076926, 0.6623979707692307], [-1.5609194946153846, 5.256106378923077, 1.8475934421538462], [-1.3139581247692307, 6.83060248876923, 2.7583221819999997], [0.7269944887692308, 9.680830922, 5.2039127053846155], [4.204955529384615, 14.440080134307692, 9.322517831846154], [7.246117341076922, 17.524045453384616, 12.385081397230769], [9.395213368153845, 20.763105016769234, 15.079159192461539], [9.865582441076922, 21.204364574615386, 15.534973507846153], [7.287042815230769, 18.005760977076925, 12.646401896153847], [3.926693605692308, 11.496419547846152, 7.71155657676923], [0.13322298230769233, 5.879065651846154, 3.006144317076923], [-1.8685256875384617, 3.191443595846154, 0.661458954153846]]",0.00257243511535543,3400115.466789594,880485089.9696971,556.4937401546857,473.6474233744068,29.0,3168.30959606049,,,,49.334999084472656,-124.92082977294922,880.4850899696971
08HB010,1921,96.0,9.0,24.899999618530284,10.0,566.0,899.0,,"[[-2.114548040769231, 3.4393439823076926, 0.6623979707692307], [-1.5609194946153846, 5.256106378923077, 1.8475934421538462], [-1.3139581247692307, 6.83060248876923, 2.7583221819999997], [0.7269944887692308, 9.680830922, 5.2039127053846155], [4.204955529384615, 14.440080134307692, 9.322517831846154], [7.246117341076922, 17.524045453384616, 12.385081397230769], [9.395213368153845, 20.763105016769234, 15.079159192461539], [9.865582441076922, 21.204364574615386, 15.534973507846153], [7.287042815230769, 18.005760977076925, 12.646401896153847], [3.926693605692308, 11.496419547846152, 7.71155657676923], [0.13322298230769233, 5.879065651846154, 3.006144317076923], [-1.8685256875384617, 3.191443595846154, 0.661458954153846]]",0.00257243511535543,3400115.466789594,880485089.9696971,556.4937401546857,473.6474233744068,29.0,3168.30959606049,,,,49.334999084472656,-124.92082977294922,880.4850899696971
08HB010,1922,56.79999923706055,2.0,17.299999237060547,12.0,340.0,899.0,,"[[-2.114548040769231, 3.4393439823076926, 0.6623979707692307], [-1.5609194946153846, 5.256106378923077, 1.8475934421538462], [-1.3139581247692307, 6.83060248876923, 2.7583221819999997], [0.7269944887692308, 9.680830922, 5.2039127053846155], [4.204955529384615, 14.440080134307692, 9.322517831846154], [7.246117341076922, 17.524045453384616, 12.385081397230769], [9.395213368153845, 20.763105016769234, 15.079159192461539], [9.865582441076922, 21.204364574615386, 15.534973507846153], [7.287042815230769, 18.005760977076925, 12.646401896153847], [3.926693605692308, 11.496419547846152, 7.71155657676923], [0.13322298230769233, 5.879065651846154, 3.006144317076923], [-1.8685256875384617, 3.191443595846154, 0.661458954153846]]",0.00257243511535543,3400115.466789594,880485089.9696971,556.4937401546857,473.6474233744068,29.0,3168.30959606049,,,,49.334999084472656,-124.92082977294922,880.4850899696971
08HB010,1923,68.69999694824219,9.0,8.5,12.0,515.0,899.0,,"[[-2.114548040769231, 3.4393439823076926, 0.6623979707692307], [-1.5609194946153846, 5.256106378923077, 1.8475934421538462], [-1.3139581247692307, 6.83060248876923, 2.7583221819999997], [0.7269944887692308, 9.680830922, 5.2039127053846155], [4.204955529384615, 14.440080134307692, 9.322517831846154], [7.246117341076922, 17.524045453384616, 12.385081397230769], [9.395213368153845, 20.763105016769234, 15.079159192461539], [9.865582441076922, 21.204364574615386, 15.534973507846153], [7.287042815230769, 18.005760977076925, 12.646401896153847], [3.926693605692308, 11.496419547846152, 7.71155657676923], [0.13322298230769233, 5.879065651846154, 3.006144317076923], [-1.8685256875384617, 3.191443595846154, 0.661458954153846]]",0.00257243511535543,3400115.466789594,880485089.9696971,556.4937401546857,473.6474233744068,29.0,3168.30959606049,,,,49.334999084472656,-124.92082977294922,880.4850899696971
08HB010,1924,74.4000015258789,9.0,8.779999732971191,10.0,326.0,899.0,,"[[-2.114548040769231, 3.4393439823076926, 0.6623979707692307], [-1.5609194946153846, 5.256106378923077, 1.8475934421538462], [-1.3139581247692307, 6.83060248876923, 2.7583221819999997], [0.7269944887692308, 9.680830922, 5.2039127053846155], [4.204955529384615, 14.440080134307692, 9.322517831846154], [7.246117341076922, 17.524045453384616, 12.385081397230769], [9.395213368153845, 20.763105016769234, 15.079159192461539], [9.865582441076922, 21.204364574615386, 15.534973507846153], [7.287042815230769, 18.005760977076925, 12.646401896153847], [3.926693605692308, 11.496419547846152, 7.71155657676923], [0.13322298230769233, 5.879065651846154, 3.006144317076923], [-1.8685256875384617, 3.191443595846154, 0.661458954153846]]",0.00257243511535543,3400115.466789594,880485089.9696971,556.4937401546857,473.6474233744068,29.0,3168.30959606049,,,,49.334999084472656,-124.92082977294922,880.4850899696971
08HB010,1925,66.09999847412111,10.0,5.099999904632568,12.0,275.0,899.0,,"[[-2.114548040769231, 3.4393439823076926, 0.6623979707692307], [-1.5609194946153846, 5.256106378923077, 1.8475934421538462], [-1.3139581247692307, 6.83060248876923, 2.7583221819999997], [0.7269944887692308, 9.680830922, 5.2039127053846155], [4.204955529384615, 14.440080134307692, 9.322517831846154], [7.246117341076922, 17.524045453384616, 12.385081397230769], [9.395213368153845, 20.763105016769234, 15.079159192461539], [9.865582441076922, 21.204364574615386, 15.534973507846153], [7.287042815230769, 18.005760977076925, 12.646401896153847], [3.926693605692308, 11.496419547846152, 7.71155657676923], [0.13322298230769233, 5.879065651846154, 3.006144317076923], [-1.8685256875384617, 3.191443595846154, 0.661458954153846]]",0.00257243511535543,3400115.466789594,880485089.9696971,556.4937401546857,473.6474233744068,29.0,3168.30959606049,,,,49.334999084472656,-124.92082977294922,880.4850899696971
08HB010,1926,60.29999923706055,9.0,6.510000228881836,12.0,382.0,899.0,,"[[-2.114548040769231, 3.4393439823076926, 0.6623979707692307], [-1.5609194946153846, 5.256106378923077, 1.8475934421538462], [-1.3139581247692307, 6.83060248876923, 2.7583221819999997], [0.7269944887692308, 9.680830922, 5.2039127053846155], [4.204955529384615, 14.440080134307692, 9.322517831846154], [7.246117341076922, 17.524045453384616, 12.385081397230769], [9.395213368153845, 20.763105016769234, 15.079159192461539], [9.865582441076922, 21.204364574615386, 15.534973507846153], [7.287042815230769, 18.005760977076925, 12.646401896153847], [3.926693605692308, 11.496419547846152, 7.71155657676923], [0.13322298230769233, 5.879065651846154, 3.006144317076923], [-1.8685256875384617, 3.191443595846154, 0.661458954153846]]",0.00257243511535543,3400115.466789594,880485089.9696971,556.4937401546857,473.6474233744068,29.0,3168.30959606049,,,,49.334999084472656,-124.92082977294922,880.4850899696971
08HB010,1927,81.19999694824219,8.0,18.39999961853028,1.0,515.0,899.0,,"[[-2.114548040769231, 3.4393439823076926, 0.6623979707692307], [-1.5609194946153846, 5.256106378923077, 1.8475934421538462], [-1.3139581247692307, 6.83060248876923, 2.7583221819999997], [0.7269944887692308, 9.680830922, 5.2039127053846155], [4.204955529384615, 14.440080134307692, 9.322517831846154], [7.246117341076922, 17.524045453384616, 12.385081397230769], [9.395213368153845, 20.763105016769234, 15.079159192461539], [9.865582441076922, 21.204364574615386, 15.534973507846153], [7.287042815230769, 18.005760977076925, 12.646401896153847], [3.926693605692308, 11.496419547846152, 7.71155657676923], [0.13322298230769233, 5.879065651846154, 3.006144317076923], [-1.8685256875384617, 3.191443595846154, 0.661458954153846]]",0.00257243511535543,3400115.466789594,880485089.9696971,556.4937401546857,473.6474233744068,29.0,3168.30959606049,,,,49.334999084472656,-124.92082977294922,880.4850899696971
08HB010,1928,70.0,9.0,7.360000133514403,1.0,326.0,899.0,,"[[-2.114548040769231, 3.4393439823076926, 0.6623979707692307], [-1.5609194946153846, 5.256106378923077, 1.8475934421538462], [-1.3139581247692307, 6.83060248876923, 2.7583221819999997], [0.7269944887692308, 9.680830922, 5.2039127053846155], [4.204955529384615, 14.440080134307692, 9.322517831846154], [7.246117341076922, 17.524045453384616, 12.385081397230769], [9.395213368153845, 20.763105016769234, 15.079159192461539], [9.865582441076922, 21.204364574615386, 15.534973507846153], [7.287042815230769, 18.005760977076925, 12.646401896153847], [3.926693605692308, 11.496419547846152, 7.71155657676923], [0.13322298230769233, 5.879065651846154, 3.006144317076923], [-1.8685256875384617, 3.191443595846154, 0.661458954153846]]",0.00257243511535543,3400115.466789594,880485089.9696971,556.4937401546857,473.6474233744068,29.0,3168.30959606049,,,,49.334999084472656,-124.92082977294922,880.4850899696971
08HB010,1929,45.099998474121094,10.0,7.360000133514403,12.0,270.0,899.0,,"[[-2.114548040769231, 3.4393439823076926, 0.6623979707692307], [-1.5609194946153846, 5.256106378923077, 1.8475934421538462], [-1.3139581247692307, 6.83060248876923, 2.7583221819999997], [0.7269944887692308, 9.680830922, 5.2039127053846155], [4.204955529384615, 14.440080134307692, 9.322517831846154], [7.246117341076922, 17.524045453384616, 12.385081397230769], [9.395213368153845, 20.763105016769234, 15.079159192461539], [9.865582441076922, 21.204364574615386, 15.534973507846153], [7.287042815230769, 18.005760977076925, 12.646401896153847], [3.926693605692308, 11.496419547846152, 7.71155657676923], [0.13322298230769233, 5.879065651846154, 3.006144317076923], [-1.8685256875384617, 3.191443595846154, 0.661458954153846]]",0.00257243511535543,3400115.466789594,880485089.9696971,556.4937401546857,473.6474233744068,29.0,3168.30959606049,,,,49.334999084472656,-124.92082977294922,880.4850899696971
08HB010,1930,53.599998474121094,9.0,5.71999979019165,2.0,250.0,899.0,,"[[-2.114548040769231, 3.4393439823076926, 0.6623979707692307], [-1.5609194946153846, 5.256106378923077, 1.8475934421538462], [-1.3139581247692307, 6.83060248876923, 2.7583221819999997], [0.7269944887692308, 9.680830922, 5.2039127053846155], [4.204955529384615, 14.440080134307692, 9.322517831846154], [7.246117341076922, 17.524045453384616, 12.385081397230769], [9.395213368153845, 20.763105016769234, 15.079159192461539], [9.865582441076922, 21.204364574615386, 15.534973507846153], [7.287042815230769, 18.005760977076925, 12.646401896153847], [3.926693605692308, 11.496419547846152, 7.71155657676923], [0.13322298230769233, 5.879065651846154, 3.006144317076923], [-1.8685256875384617, 3.191443595846154, 0.661458954153846]]",0.00257243511535543,3400115.466789594,880485089.9696971,556.4937401546857,473.6474233744068,29.0,3168.30959606049,,,,49.334999084472656,-124.92082977294922,880.4850899696971
08HB010,1942,52.70000076293945,9.0,7.420000076293945,10.0,254.0,899.0,,"[[-2.114548040769231, 3.4393439823076926, 0.6623979707692307], [-1.5609194946153846, 5.256106378923077, 1.8475934421538462], [-1.3139581247692307, 6.83060248876923, 2.7583221819999997], [0.7269944887692308, 9.680830922, 5.2039127053846155], [4.204955529384615, 14.440080134307692, 9.322517831846154], [7.246117341076922, 17.524045453384616, 12.385081397230769], [9.395213368153845, 20.763105016769234, 15.079159192461539], [9.865582441076922, 21.204364574615386, 15.534973507846153], [7.287042815230769, 18.005760977076925, 12.646401896153847], [3.926693605692308, 11.496419547846152, 7.71155657676923], [0.13322298230769233, 5.879065651846154, 3.006144317076923], [-1.8685256875384617, 3.191443595846154, 0.661458954153846]]",0.00257243511535543,3400115.466789594,880485089.9696971,556.4937401546857,473.6474233744068,29.0,3168.30959606049,,,,49.334999084472656,-124.92082977294922,880.4850899696971
08HB010,1943,56.29999923706055,9.0,10.100000381469727,4.0,303.0,899.0,,"[[-2.114548040769231, 3.4393439823076926, 0.6623979707692307], [-1.5609194946153846, 5.256106378923077, 1.8475934421538462], [-1.3139581247692307, 6.83060248876923, 2.7583221819999997], [0.7269944887692308, 9.680830922, 5.2039127053846155], [4.204955529384615, 14.440080134307692, 9.322517831846154], [7.246117341076922, 17.524045453384616, 12.385081397230769], [9.395213368153845, 20.763105016769234, 15.079159192461539], [9.865582441076922, 21.204364574615386, 15.534973507846153], [7.287042815230769, 18.005760977076925, 12.646401896153847], [3.926693605692308, 11.496419547846152, 7.71155657676923], [0.13322298230769233, 5.879065651846154, 3.006144317076923], [-1.8685256875384617, 3.191443595846154, 0.661458954153846]]",0.00257243511535543,3400115.466789594,880485089.9696971,556.4937401546857,473.6474233744068,29.0,3168.30959606049,,,,49.334999084472656,-124.92082977294922,880.4850899696971
08HB010,1944,59.79999923706055,9.0,4.019999980926514,1.0,524.0,899.0,,"[[-2.114548040769231, 3.4393439823076926, 0.6623979707692307], [-1.5609194946153846, 5.256106378923077, 1.8475934421538462], [-1.3139581247692307, 6.83060248876923, 2.7583221819999997], [0.7269944887692308, 9.680830922, 5.2039127053846155], [4.204955529384615, 14.440080134307692, 9.322517831846154], [7.246117341076922, 17.524045453384616, 12.385081397230769], [9.395213368153845, 20.763105016769234, 15.079159192461539], [9.865582441076922, 21.204364574615386, 15.534973507846153], [7.287042815230769, 18.005760977076925, 12.646401896153847], [3.926693605692308, 11.496419547846152, 7.71155657676923], [0.13322298230769233, 5.879065651846154, 3.006144317076923], [-1.8685256875384617, 3.191443595846154, 0.661458954153846]]",0.00257243511535543,3400115.466789594,880485089.9696971,556.4937401546857,473.6474233744068,29.0,3168.30959606049,,,,49.334999084472656,-124.92082977294922,880.4850899696971
08HB010,1945,71.0999984741211,10.0,8.350000381469728,2.0,365.0,899.0,,"[[-2.114548040769231, 3.4393439823076926, 0.6623979707692307], [-1.5609194946153846, 5.256106378923077, 1.8475934421538462], [-1.3139581247692307, 6.83060248876923, 2.7583221819999997], [0.7269944887692308, 9.680830922, 5.2039127053846155], [4.204955529384615, 14.440080134307692, 9.322517831846154], [7.246117341076922, 17.524045453384616, 12.385081397230769], [9.395213368153845, 20.763105016769234, 15.079159192461539], [9.865582441076922, 21.204364574615386, 15.534973507846153], [7.287042815230769, 18.005760977076925, 12.646401896153847], [3.926693605692308, 11.496419547846152, 7.71155657676923], [0.13322298230769233, 5.879065651846154, 3.006144317076923], [-1.8685256875384617, 3.191443595846154, 0.661458954153846]]",0.00257243511535543,3400115.466789594,880485089.9696971,556.4937401546857,473.6474233744068,29.0,3168.30959606049,,,,49.334999084472656,-124.92082977294922,880.4850899696971
08HB010,1946,80.4000015258789,10.0,13.300000190734865,12.0,323.0,899.0,,"[[-2.114548040769231, 3.4393439823076926, 0.6623979707692307], [-1.5609194946153846, 5.256106378923077, 1.8475934421538462], [-1.3139581247692307, 6.83060248876923, 2.7583221819999997], [0.7269944887692308, 9.680830922, 5.2039127053846155], [4.204955529384615, 14.440080134307692, 9.322517831846154], [7.246117341076922, 17.524045453384616, 12.385081397230769], [9.395213368153845, 20.763105016769234, 15.079159192461539], [9.865582441076922, 21.204364574615386, 15.534973507846153], [7.287042815230769, 18.005760977076925, 12.646401896153847], [3.926693605692308, 11.496419547846152, 7.71155657676923], [0.13322298230769233, 5.879065651846154, 3.006144317076923], [-1.8685256875384617, 3.191443595846154, 0.661458954153846]]",0.00257243511535543,3400115.466789594,880485089.9696971,556.4937401546857,473.6474233744068,29.0,3168.30959606049,,,,49.334999084472656,-124.92082977294922,880.4850899696971
08HB010,1947,70.0,10.0,7.25,2.0,379.0,899.0,,"[[-2.114548040769231, 3.4393439823076926, 0.6623979707692307], [-1.5609194946153846, 5.256106378923077, 1.8475934421538462], [-1.3139581247692307, 6.83060248876923, 2.7583221819999997], [0.7269944887692308, 9.680830922, 5.2039127053846155], [4.204955529384615, 14.440080134307692, 9.322517831846154], [7.246117341076922, 17.524045453384616, 12.385081397230769], [9.395213368153845, 20.763105016769234, 15.079159192461539], [9.865582441076922, 21.204364574615386, 15.534973507846153], [7.287042815230769, 18.005760977076925, 12.646401896153847], [3.926693605692308, 11.496419547846152, 7.71155657676923], [0.13322298230769233, 5.879065651846154, 3.006144317076923], [-1.8685256875384617, 3.191443595846154, 0.661458954153846]]",0.00257243511535543,3400115.466789594,880485089.9696971,556.4937401546857,473.6474233744068,29.0,3168.30959606049,,,,49.334999084472656,-124.92082977294922,880.4850899696971
08HB010,1948,70.4000015258789,8.0,15.600000381469727,5.0,250.0,899.0,,"[[-2.114548040769231, 3.4393439823076926, 0.6623979707692307], [-1.5609194946153846, 5.256106378923077, 1.8475934421538462], [-1.3139581247692307, 6.83060248876923, 2.7583221819999997], [0.7269944887692308, 9.680830922, 5.2039127053846155], [4.204955529384615, 14.440080134307692, 9.322517831846154], [7.246117341076922, 17.524045453384616, 12.385081397230769], [9.395213368153845, 20.763105016769234, 15.079159192461539], [9.865582441076922, 21.204364574615386, 15.534973507846153], [7.287042815230769, 18.005760977076925, 12.646401896153847], [3.926693605692308, 11.496419547846152, 7.71155657676923], [0.13322298230769233, 5.879065651846154, 3.006144317076923], [-1.8685256875384617, 3.191443595846154, 0.661458954153846]]",0.00257243511535543,3400115.466789594,880485089.9696971,556.4937401546857,473.6474233744068,29.0,3168.30959606049,,,,49.334999084472656,-124.92082977294922,880.4850899696971
08HB010,1949,71.19999694824219,2.0,14.699999809265135,11.0,504.0,899.0,,"[[-2.114548040769231, 3.4393439823076926, 0.6623979707692307], [-1.5609194946153846, 5.256106378923077, 1.8475934421538462], [-1.3139581247692307, 6.83060248876923, 2.7583221819999997], [0.7269944887692308, 9.680830922, 5.2039127053846155], [4.204955529384615, 14.440080134307692, 9.322517831846154], [7.246117341076922, 17.524045453384616, 12.385081397230769], [9.395213368153845, 20.763105016769234, 15.079159192461539], [9.865582441076922, 21.204364574615386, 15.534973507846153], [7.287042815230769, 18.005760977076925, 12.646401896153847], [3.926693605692308, 11.496419547846152, 7.71155657676923], [0.13322298230769233, 5.879065651846154, 3.006144317076923], [-1.8685256875384617, 3.191443595846154, 0.661458954153846]]",0.00257243511535543,3400115.466789594,880485089.9696971,556.4937401546857,473.6474233744068,29.0,3168.30959606049,,,,49.334999084472656,-124.92082977294922,880.4850899696971
08HB010,1950,84.5,1.0,11.300000190734865,11.0,365.0,899.0,,"[[-2.114548040769231, 3.4393439823076926, 0.6623979707692307], [-1.5609194946153846, 5.256106378923077, 1.8475934421538462], [-1.3139581247692307, 6.83060248876923, 2.7583221819999997], [0.7269944887692308, 9.680830922, 5.2039127053846155], [4.204955529384615, 14.440080134307692, 9.322517831846154], [7.246117341076922, 17.524045453384616, 12.385081397230769], [9.395213368153845, 20.763105016769234, 15.079159192461539], [9.865582441076922, 21.204364574615386, 15.534973507846153], [7.287042815230769, 18.005760977076925, 12.646401896153847], [3.926693605692308, 11.496419547846152, 7.71155657676923], [0.13322298230769233, 5.879065651846154, 3.006144317076923], [-1.8685256875384617, 3.191443595846154, 0.661458954153846]]",0.00257243511535543,3400115.466789594,880485089.9696971,556.4937401546857,473.6474233744068,29.0,3168.30959606049,,,,49.334999084472656,-124.92082977294922,880.4850899696971
08HB010,1951,61.4000015258789,9.0,6.059999942779541,11.0,207.0,899.0,,"[[-2.114548040769231, 3.4393439823076926, 0.6623979707692307], [-1.5609194946153846, 5.256106378923077, 1.8475934421538462], [-1.3139581247692307, 6.83060248876923, 2.7583221819999997], [0.7269944887692308, 9.680830922, 5.2039127053846155], [4.204955529384615, 14.440080134307692, 9.322517831846154], [7.246117341076922, 17.524045453384616, 12.385081397230769], [9.395213368153845, 20.763105016769234, 15.079159192461539], [9.865582441076922, 21.204364574615386, 15.534973507846153], [7.287042815230769, 18.005760977076925, 12.646401896153847], [3.926693605692308, 11.496419547846152, 7.71155657676923], [0.13322298230769233, 5.879065651846154, 3.006144317076923], [-1.8685256875384617, 3.191443595846154, 0.661458954153846]]",0.00257243511535543,3400115.466789594,880485089.9696971,556.4937401546857,473.6474233744068,29.0,3168.30959606049,,,,49.334999084472656,-124.92082977294922,880.4850899696971
08HB010,1952,83.0999984741211,9.0,15.600000381469727,11.0,276.0,899.0,,"[[-2.114548040769231, 3.4393439823076926, 0.6623979707692307], [-1.5609194946153846, 5.256106378923077, 1.8475934421538462], [-1.3139581247692307, 6.83060248876923, 2.7583221819999997], [0.7269944887692308, 9.680830922, 5.2039127053846155], [4.204955529384615, 14.440080134307692, 9.322517831846154], [7.246117341076922, 17.524045453384616, 12.385081397230769], [9.395213368153845, 20.763105016769234, 15.079159192461539], [9.865582441076922, 21.204364574615386, 15.534973507846153], [7.287042815230769, 18.005760977076925, 12.646401896153847], [3.926693605692308, 11.496419547846152, 7.71155657676923], [0.13322298230769233, 5.879065651846154, 3.006144317076923], [-1.8685256875384617, 3.191443595846154, 0.661458954153846]]",0.00257243511535543,3400115.466789594,880485089.9696971,556.4937401546857,473.6474233744068,29.0,3168.30959606049,,,,49.334999084472656,-124.92082977294922,880.4850899696971
08HB010,1953,105.0,9.0,17.299999237060547,11.0,623.0,899.0,,"[[-2.114548040769231, 3.4393439823076926, 0.6623979707692307], [-1.5609194946153846, 5.256106378923077, 1.8475934421538462], [-1.3139581247692307, 6.83060248876923, 2.7583221819999997], [0.7269944887692308, 9.680830922, 5.2039127053846155], [4.204955529384615, 14.440080134307692, 9.322517831846154], [7.246117341076922, 17.524045453384616, 12.385081397230769], [9.395213368153845, 20.763105016769234, 15.079159192461539], [9.865582441076922, 21.204364574615386, 15.534973507846153], [7.287042815230769, 18.005760977076925, 12.646401896153847], [3.926693605692308, 11.496419547846152, 7.71155657676923], [0.13322298230769233, 5.879065651846154, 3.006144317076923], [-1.8685256875384617, 3.191443595846154, 0.661458954153846]]",0.00257243511535543,3400115.466789594,880485089.9696971,556.4937401546857,473.6474233744068,29.0,3168.30959606049,,,,49.334999084472656,-124.92082977294922,880.4850899696971
08HB010,1954,88.80000305175781,10.0,13.899999618530273,11.0,476.0,899.0,,"[[-2.114548040769231, 3.4393439823076926, 0.6623979707692307], [-1.5609194946153846, 5.256106378923077, 1.8475934421538462], [-1.3139581247692307, 6.83060248876923, 2.7583221819999997], [0.7269944887692308, 9.680830922, 5.2039127053846155], [4.204955529384615, 14.440080134307692, 9.322517831846154], [7.246117341076922, 17.524045453384616, 12.385081397230769], [9.395213368153845, 20.763105016769234, 15.079159192461539], [9.865582441076922, 21.204364574615386, 15.534973507846153], [7.287042815230769, 18.005760977076925, 12.646401896153847], [3.926693605692308, 11.496419547846152, 7.71155657676923], [0.13322298230769233, 5.879065651846154, 3.006144317076923], [-1.8685256875384617, 3.191443595846154, 0.661458954153846]]",0.00257243511535543,3400115.466789594,880485089.9696971,556.4937401546857,473.6474233744068,29.0,3168.30959606049,,,,49.334999084472656,-124.92082977294922,880.4850899696971
08HB010,1955,68.0,9.0,13.5,10.0,490.0,899.0,,"[[-2.114548040769231, 3.4393439823076926, 0.6623979707692307], [-1.5609194946153846, 5.256106378923077, 1.8475934421538462], [-1.3139581247692307, 6.83060248876923, 2.7583221819999997], [0.7269944887692308, 9.680830922, 5.2039127053846155], [4.204955529384615, 14.440080134307692, 9.322517831846154], [7.246117341076922, 17.524045453384616, 12.385081397230769], [9.395213368153845, 20.763105016769234, 15.079159192461539], [9.865582441076922, 21.204364574615386, 15.534973507846153], [7.287042815230769, 18.005760977076925, 12.646401896153847], [3.926693605692308, 11.496419547846152, 7.71155657676923], [0.13322298230769233, 5.879065651846154, 3.006144317076923], [-1.8685256875384617, 3.191443595846154, 0.661458954153846]]",0.00257243511535543,3400115.466789594,880485089.9696971,556.4937401546857,473.6474233744068,29.0,3168.30959606049,,,,49.334999084472656,-124.92082977294922,880.4850899696971
08HB010,1956,83.19999694824219,8.0,12.899999618530273,10.0,278.0,899.0,,"[[-2.114548040769231, 3.4393439823076926, 0.6623979707692307], [-1.5609194946153846, 5.256106378923077, 1.8475934421538462], [-1.3139581247692307, 6.83060248876923, 2.7583221819999997], [0.7269944887692308, 9.680830922, 5.2039127053846155], [4.204955529384615, 14.440080134307692, 9.322517831846154], [7.246117341076922, 17.524045453384616, 12.385081397230769], [9.395213368153845, 20.763105016769234, 15.079159192461539], [9.865582441076922, 21.204364574615386, 15.534973507846153], [7.287042815230769, 18.005760977076925, 12.646401896153847], [3.926693605692308, 11.496419547846152, 7.71155657676923], [0.13322298230769233, 5.879065651846154, 3.006144317076923], [-1.8685256875384617, 3.191443595846154, 0.661458954153846]]",0.00257243511535543,3400115.466789594,880485089.9696971,556.4937401546857,473.6474233744068,29.0,3168.30959606049,,,,49.334999084472656,-124.92082977294922,880.4850899696971
08HB010,1957,58.099998474121094,8.0,10.800000190734863,12.0,161.0,899.0,,"[[-2.114548040769231, 3.4393439823076926, 0.6623979707692307], [-1.5609194946153846, 5.256106378923077, 1.8475934421538462], [-1.3139581247692307, 6.83060248876923, 2.7583221819999997], [0.7269944887692308, 9.680830922, 5.2039127053846155], [4.204955529384615, 14.440080134307692, 9.322517831846154], [7.246117341076922, 17.524045453384616, 12.385081397230769], [9.395213368153845, 20.763105016769234, 15.079159192461539], [9.865582441076922, 21.204364574615386, 15.534973507846153], [7.287042815230769, 18.005760977076925, 12.646401896153847], [3.926693605692308, 11.496419547846152, 7.71155657676923], [0.13322298230769233, 5.879065651846154, 3.006144317076923], [-1.8685256875384617, 3.191443595846154, 0.661458954153846]]",0.00257243511535543,3400115.466789594,880485089.9696971,556.4937401546857,473.6474233744068,29.0,3168.30959606049,,,,49.334999084472656,-124.92082977294922,880.4850899696971
08HB010,1958,97.3000030517578,8.0,18.299999237060547,12.0,711.0,899.0,,"[[-2.114548040769231, 3.4393439823076926, 0.6623979707692307], [-1.5609194946153846, 5.256106378923077, 1.8475934421538462], [-1.3139581247692307, 6.83060248876923, 2.7583221819999997], [0.7269944887692308, 9.680830922, 5.2039127053846155], [4.204955529384615, 14.440080134307692, 9.322517831846154], [7.246117341076922, 17.524045453384616, 12.385081397230769], [9.395213368153845, 20.763105016769234, 15.079159192461539], [9.865582441076922, 21.204364574615386, 15.534973507846153], [7.287042815230769, 18.005760977076925, 12.646401896153847], [3.926693605692308, 11.496419547846152, 7.71155657676923], [0.13322298230769233, 5.879065651846154, 3.006144317076923], [-1.8685256875384617, 3.191443595846154, 0.661458954153846]]",0.00257243511535543,3400115.466789594,880485089.9696971,556.4937401546857,473.6474233744068,29.0,3168.30959606049,,,,49.334999084472656,-124.92082977294922,880.4850899696971
08HB010,1961,91.1999969482422,10.0,25.5,1.0,759.0,899.0,,"[[-2.114548040769231, 3.4393439823076926, 0.6623979707692307], [-1.5609194946153846, 5.256106378923077, 1.8475934421538462], [-1.3139581247692307, 6.83060248876923, 2.7583221819999997], [0.7269944887692308, 9.680830922, 5.2039127053846155], [4.204955529384615, 14.440080134307692, 9.322517831846154], [7.246117341076922, 17.524045453384616, 12.385081397230769], [9.395213368153845, 20.763105016769234, 15.079159192461539], [9.865582441076922, 21.204364574615386, 15.534973507846153], [7.287042815230769, 18.005760977076925, 12.646401896153847], [3.926693605692308, 11.496419547846152, 7.71155657676923], [0.13322298230769233, 5.879065651846154, 3.006144317076923], [-1.8685256875384617, 3.191443595846154, 0.661458954153846]]",0.00257243511535543,3400115.466789594,880485089.9696971,556.4937401546857,473.6474233744068,29.0,3168.30959606049,,,,49.334999084472656,-124.92082977294922,880.4850899696971
08HB010,1962,83.0999984741211,9.0,22.399999618530284,12.0,583.0,899.0,,"[[-2.114548040769231, 3.4393439823076926, 0.6623979707692307], [-1.5609194946153846, 5.256106378923077, 1.8475934421538462], [-1.3139581247692307, 6.83060248876923, 2.7583221819999997], [0.7269944887692308, 9.680830922, 5.2039127053846155], [4.204955529384615, 14.440080134307692, 9.322517831846154], [7.246117341076922, 17.524045453384616, 12.385081397230769], [9.395213368153845, 20.763105016769234, 15.079159192461539], [9.865582441076922, 21.204364574615386, 15.534973507846153], [7.287042815230769, 18.005760977076925, 12.646401896153847], [3.926693605692308, 11.496419547846152, 7.71155657676923], [0.13322298230769233, 5.879065651846154, 3.006144317076923], [-1.8685256875384617, 3.191443595846154, 0.661458954153846]]",0.00257243511535543,3400115.466789594,880485089.9696971,556.4937401546857,473.6474233744068,29.0,3168.30959606049,,,,49.334999084472656,-124.92082977294922,880.4850899696971
08HB010,1963,88.30000305175781,8.0,17.799999237060547,2.0,767.0,899.0,,"[[-2.114548040769231, 3.4393439823076926, 0.6623979707692307], [-1.5609194946153846, 5.256106378923077, 1.8475934421538462], [-1.3139581247692307, 6.83060248876923, 2.7583221819999997], [0.7269944887692308, 9.680830922, 5.2039127053846155], [4.204955529384615, 14.440080134307692, 9.322517831846154], [7.246117341076922, 17.524045453384616, 12.385081397230769], [9.395213368153845, 20.763105016769234, 15.079159192461539], [9.865582441076922, 21.204364574615386, 15.534973507846153], [7.287042815230769, 18.005760977076925, 12.646401896153847], [3.926693605692308, 11.496419547846152, 7.71155657676923], [0.13322298230769233, 5.879065651846154, 3.006144317076923], [-1.8685256875384617, 3.191443595846154, 0.661458954153846]]",0.00257243511535543,3400115.466789594,880485089.9696971,556.4937401546857,473.6474233744068,29.0,3168.30959606049,,,,49.334999084472656,-124.92082977294922,880.4850899696971
08HB010,1964,71.69999694824219,10.0,24.60000038146973,1.0,226.0,899.0,,"[[-2.114548040769231, 3.4393439823076926, 0.6623979707692307], [-1.5609194946153846, 5.256106378923077, 1.8475934421538462], [-1.3139581247692307, 6.83060248876923, 2.7583221819999997], [0.7269944887692308, 9.680830922, 5.2039127053846155], [4.204955529384615, 14.440080134307692, 9.322517831846154], [7.246117341076922, 17.524045453384616, 12.385081397230769], [9.395213368153845, 20.763105016769234, 15.079159192461539], [9.865582441076922, 21.204364574615386, 15.534973507846153], [7.287042815230769, 18.005760977076925, 12.646401896153847], [3.926693605692308, 11.496419547846152, 7.71155657676923], [0.13322298230769233, 5.879065651846154, 3.006144317076923], [-1.8685256875384617, 3.191443595846154, 0.661458954153846]]",0.00257243511535543,3400115.466789594,880485089.9696971,556.4937401546857,473.6474233744068,29.0,3168.30959606049,,,,49.334999084472656,-124.92082977294922,880.4850899696971
08HB010,1965,71.9000015258789,7.0,24.20000076293945,10.0,351.0,899.0,,"[[-2.114548040769231, 3.4393439823076926, 0.6623979707692307], [-1.5609194946153846, 5.256106378923077, 1.8475934421538462], [-1.3139581247692307, 6.83060248876923, 2.7583221819999997], [0.7269944887692308, 9.680830922, 5.2039127053846155], [4.204955529384615, 14.440080134307692, 9.322517831846154], [7.246117341076922, 17.524045453384616, 12.385081397230769], [9.395213368153845, 20.763105016769234, 15.079159192461539], [9.865582441076922, 21.204364574615386, 15.534973507846153], [7.287042815230769, 18.005760977076925, 12.646401896153847], [3.926693605692308, 11.496419547846152, 7.71155657676923], [0.13322298230769233, 5.879065651846154, 3.006144317076923], [-1.8685256875384617, 3.191443595846154, 0.661458954153846]]",0.00257243511535543,3400115.466789594,880485089.9696971,556.4937401546857,473.6474233744068,29.0,3168.30959606049,,,,49.334999084472656,-124.92082977294922,880.4850899696971
08HB010,1966,101.0,3.0,34.5,12.0,564.0,899.0,,"[[-2.114548040769231, 3.4393439823076926, 0.6623979707692307], [-1.5609194946153846, 5.256106378923077, 1.8475934421538462], [-1.3139581247692307, 6.83060248876923, 2.7583221819999997], [0.7269944887692308, 9.680830922, 5.2039127053846155], [4.204955529384615, 14.440080134307692, 9.322517831846154], [7.246117341076922, 17.524045453384616, 12.385081397230769], [9.395213368153845, 20.763105016769234, 15.079159192461539], [9.865582441076922, 21.204364574615386, 15.534973507846153], [7.287042815230769, 18.005760977076925, 12.646401896153847], [3.926693605692308, 11.496419547846152, 7.71155657676923], [0.13322298230769233, 5.879065651846154, 3.006144317076923], [-1.8685256875384617, 3.191443595846154, 0.661458954153846]]",0.00257243511535543,3400115.466789594,880485089.9696971,556.4937401546857,473.6474233744068,29.0,3168.30959606049,,,,49.334999084472656,-124.92082977294922,880.4850899696971
08HB010,1967,86.5,4.0,28.29999923706055,10.0,357.0,899.0,,"[[-2.114548040769231, 3.4393439823076926, 0.6623979707692307], [-1.5609194946153846, 5.256106378923077, 1.8475934421538462], [-1.3139581247692307, 6.83060248876923, 2.7583221819999997], [0.7269944887692308, 9.680830922, 5.2039127053846155], [4.204955529384615, 14.440080134307692, 9.322517831846154], [7.246117341076922, 17.524045453384616, 12.385081397230769], [9.395213368153845, 20.763105016769234, 15.079159192461539], [9.865582441076922, 21.204364574615386, 15.534973507846153], [7.287042815230769, 18.005760977076925, 12.646401896153847], [3.926693605692308, 11.496419547846152, 7.71155657676923], [0.13322298230769233, 5.879065651846154, 3.006144317076923], [-1.8685256875384617, 3.191443595846154, 0.661458954153846]]",0.00257243511535543,3400115.466789594,880485089.9696971,556.4937401546857,473.6474233744068,29.0,3168.30959606049,,,,49.334999084472656,-124.92082977294922,880.4850899696971
08HB010,1968,103.0,4.0,25.5,1.0,663.0,899.0,,"[[-2.114548040769231, 3.4393439823076926, 0.6623979707692307], [-1.5609194946153846, 5.256106378923077, 1.8475934421538462], [-1.3139581247692307, 6.83060248876923, 2.7583221819999997], [0.7269944887692308, 9.680830922, 5.2039127053846155], [4.204955529384615, 14.440080134307692, 9.322517831846154], [7.246117341076922, 17.524045453384616, 12.385081397230769], [9.395213368153845, 20.763105016769234, 15.079159192461539], [9.865582441076922, 21.204364574615386, 15.534973507846153], [7.287042815230769, 18.005760977076925, 12.646401896153847], [3.926693605692308, 11.496419547846152, 7.71155657676923], [0.13322298230769233, 5.879065651846154, 3.006144317076923], [-1.8685256875384617, 3.191443595846154, 0.661458954153846]]",0.00257243511535543,3400115.466789594,880485089.9696971,556.4937401546857,473.6474233744068,29.0,3168.30959606049,,,,49.334999084472656,-124.92082977294922,880.4850899696971
08HB010,1969,91.0,1.0,31.10000038146973,5.0,269.0,899.0,,"[[-2.114548040769231, 3.4393439823076926, 0.6623979707692307], [-1.5609194946153846, 5.256106378923077, 1.8475934421538462], [-1.3139581247692307, 6.83060248876923, 2.7583221819999997], [0.7269944887692308, 9.680830922, 5.2039127053846155], [4.204955529384615, 14.440080134307692, 9.322517831846154], [7.246117341076922, 17.524045453384616, 12.385081397230769], [9.395213368153845, 20.763105016769234, 15.079159192461539], [9.865582441076922, 21.204364574615386, 15.534973507846153], [7.287042815230769, 18.005760977076925, 12.646401896153847], [3.926693605692308, 11.496419547846152, 7.71155657676923], [0.13322298230769233, 5.879065651846154, 3.006144317076923], [-1.8685256875384617, 3.191443595846154, 0.661458954153846]]",0.00257243511535543,3400115.466789594,880485089.9696971,556.4937401546857,473.6474233744068,29.0,3168.30959606049,,,,49.334999084472656,-124.92082977294922,880.4850899696971
08HB010,1970,56.4000015258789,3.0,20.89999961853028,4.0,205.0,899.0,,"[[-2.114548040769231, 3.4393439823076926, 0.6623979707692307], [-1.5609194946153846, 5.256106378923077, 1.8475934421538462], [-1.3139581247692307, 6.83060248876923, 2.7583221819999997], [0.7269944887692308, 9.680830922, 5.2039127053846155], [4.204955529384615, 14.440080134307692, 9.322517831846154], [7.246117341076922, 17.524045453384616, 12.385081397230769], [9.395213368153845, 20.763105016769234, 15.079159192461539], [9.865582441076922, 21.204364574615386, 15.534973507846153], [7.287042815230769, 18.005760977076925, 12.646401896153847], [3.926693605692308, 11.496419547846152, 7.71155657676923], [0.13322298230769233, 5.879065651846154, 3.006144317076923], [-1.8685256875384617, 3.191443595846154, 0.661458954153846]]",0.00257243511535543,3400115.466789594,880485089.9696971,556.4937401546857,473.6474233744068,29.0,3168.30959606049,,,,49.334999084472656,-124.92082977294922,880.4850899696971
08HB010,1971,86.9000015258789,12.0,28.60000038146973,11.0,487.0,899.0,,"[[-2.114548040769231, 3.4393439823076926, 0.6623979707692307], [-1.5609194946153846, 5.256106378923077, 1.8475934421538462], [-1.3139581247692307, 6.83060248876923, 2.7583221819999997], [0.7269944887692308, 9.680830922, 5.2039127053846155], [4.204955529384615, 14.440080134307692, 9.322517831846154], [7.246117341076922, 17.524045453384616, 12.385081397230769], [9.395213368153845, 20.763105016769234, 15.079159192461539], [9.865582441076922, 21.204364574615386, 15.534973507846153], [7.287042815230769, 18.005760977076925, 12.646401896153847], [3.926693605692308, 11.496419547846152, 7.71155657676923], [0.13322298230769233, 5.879065651846154, 3.006144317076923], [-1.8685256875384617, 3.191443595846154, 0.661458954153846]]",0.00257243511535543,3400115.466789594,880485089.9696971,556.4937401546857,473.6474233744068,29.0,3168.30959606049,,,,49.334999084472656,-124.92082977294922,880.4850899696971
08HB010,1972,76.80000305175781,1.0,26.79999923706055,3.0,422.0,899.0,,"[[-2.114548040769231, 3.4393439823076926, 0.6623979707692307], [-1.5609194946153846, 5.256106378923077, 1.8475934421538462], [-1.3139581247692307, 6.83060248876923, 2.7583221819999997], [0.7269944887692308, 9.680830922, 5.2039127053846155], [4.204955529384615, 14.440080134307692, 9.322517831846154], [7.246117341076922, 17.524045453384616, 12.385081397230769], [9.395213368153845, 20.763105016769234, 15.079159192461539], [9.865582441076922, 21.204364574615386, 15.534973507846153], [7.287042815230769, 18.005760977076925, 12.646401896153847], [3.926693605692308, 11.496419547846152, 7.71155657676923], [0.13322298230769233, 5.879065651846154, 3.006144317076923], [-1.8685256875384617, 3.191443595846154, 0.661458954153846]]",0.00257243511535543,3400115.466789594,880485089.9696971,556.4937401546857,473.6474233744068,29.0,3168.30959606049,,,,49.334999084472656,-124.92082977294922,880.4850899696971
08HB010,1973,73.9000015258789,9.0,32.0,1.0,388.0,899.0,,"[[-2.114548040769231, 3.4393439823076926, 0.6623979707692307], [-1.5609194946153846, 5.256106378923077, 1.8475934421538462], [-1.3139581247692307, 6.83060248876923, 2.7583221819999997], [0.7269944887692308, 9.680830922, 5.2039127053846155], [4.204955529384615, 14.440080134307692, 9.322517831846154], [7.246117341076922, 17.524045453384616, 12.385081397230769], [9.395213368153845, 20.763105016769234, 15.079159192461539], [9.865582441076922, 21.204364574615386, 15.534973507846153], [7.287042815230769, 18.005760977076925, 12.646401896153847], [3.926693605692308, 11.496419547846152, 7.71155657676923], [0.13322298230769233, 5.879065651846154, 3.006144317076923], [-1.8685256875384617, 3.191443595846154, 0.661458954153846]]",0.00257243511535543,3400115.466789594,880485089.9696971,556.4937401546857,473.6474233744068,29.0,3168.30959606049,,,,49.334999084472656,-124.92082977294922,880.4850899696971
08HB010,1974,98.0,11.0,29.20000076293945,1.0,544.0,899.0,,"[[-2.114548040769231, 3.4393439823076926, 0.6623979707692307], [-1.5609194946153846, 5.256106378923077, 1.8475934421538462], [-1.3139581247692307, 6.83060248876923, 2.7583221819999997], [0.7269944887692308, 9.680830922, 5.2039127053846155], [4.204955529384615, 14.440080134307692, 9.322517831846154], [7.246117341076922, 17.524045453384616, 12.385081397230769], [9.395213368153845, 20.763105016769234, 15.079159192461539], [9.865582441076922, 21.204364574615386, 15.534973507846153], [7.287042815230769, 18.005760977076925, 12.646401896153847], [3.926693605692308, 11.496419547846152, 7.71155657676923], [0.13322298230769233, 5.879065651846154, 3.006144317076923], [-1.8685256875384617, 3.191443595846154, 0.661458954153846]]",0.00257243511535543,3400115.466789594,880485089.9696971,556.4937401546857,473.6474233744068,29.0,3168.30959606049,,,,49.334999084472656,-124.92082977294922,880.4850899696971
08HB010,1975,88.30000305175781,9.0,22.79999923706055,11.0,731.0,899.0,,"[[-2.114548040769231, 3.4393439823076926, 0.6623979707692307], [-1.5609194946153846, 5.256106378923077, 1.8475934421538462], [-1.3139581247692307, 6.83060248876923, 2.7583221819999997], [0.7269944887692308, 9.680830922, 5.2039127053846155], [4.204955529384615, 14.440080134307692, 9.322517831846154], [7.246117341076922, 17.524045453384616, 12.385081397230769], [9.395213368153845, 20.763105016769234, 15.079159192461539], [9.865582441076922, 21.204364574615386, 15.534973507846153], [7.287042815230769, 18.005760977076925, 12.646401896153847], [3.926693605692308, 11.496419547846152, 7.71155657676923], [0.13322298230769233, 5.879065651846154, 3.006144317076923], [-1.8685256875384617, 3.191443595846154, 0.661458954153846]]",0.00257243511535543,3400115.466789594,880485089.9696971,556.4937401546857,473.6474233744068,29.0,3168.30959606049,,,,49.334999084472656,-124.92082977294922,880.4850899696971
08HB010,1976,69.19999694824219,10.0,25.79999923706055,12.0,204.0,899.0,,"[[-2.114548040769231, 3.4393439823076926, 0.6623979707692307], [-1.5609194946153846, 5.256106378923077, 1.8475934421538462], [-1.3139581247692307, 6.83060248876923, 2.7583221819999997], [0.7269944887692308, 9.680830922, 5.2039127053846155], [4.204955529384615, 14.440080134307692, 9.322517831846154], [7.246117341076922, 17.524045453384616, 12.385081397230769], [9.395213368153845, 20.763105016769234, 15.079159192461539], [9.865582441076922, 21.204364574615386, 15.534973507846153], [7.287042815230769, 18.005760977076925, 12.646401896153847], [3.926693605692308, 11.496419547846152, 7.71155657676923], [0.13322298230769233, 5.879065651846154, 3.006144317076923], [-1.8685256875384617, 3.191443595846154, 0.661458954153846]]",0.00257243511535543,3400115.466789594,880485089.9696971,556.4937401546857,473.6474233744068,29.0,3168.30959606049,,,,49.334999084472656,-124.92082977294922,880.4850899696971
08HB010,1977,67.5,7.0,26.0,12.0,277.0,899.0,,"[[-2.114548040769231, 3.4393439823076926, 0.6623979707692307], [-1.5609194946153846, 5.256106378923077, 1.8475934421538462], [-1.3139581247692307, 6.83060248876923, 2.7583221819999997], [0.7269944887692308, 9.680830922, 5.2039127053846155], [4.204955529384615, 14.440080134307692, 9.322517831846154], [7.246117341076922, 17.524045453384616, 12.385081397230769], [9.395213368153845, 20.763105016769234, 15.079159192461539], [9.865582441076922, 21.204364574615386, 15.534973507846153], [7.287042815230769, 18.005760977076925, 12.646401896153847], [3.926693605692308, 11.496419547846152, 7.71155657676923], [0.13322298230769233, 5.879065651846154, 3.006144317076923], [-1.8685256875384617, 3.191443595846154, 0.661458954153846]]",0.00257243511535543,3400115.466789594,880485089.9696971,556.4937401546857,473.6474233744068,29.0,3168.30959606049,,,,49.334999084472656,-124.92082977294922,880.4850899696971
08HB010,1978,58.4000015258789,8.0,27.20000076293945,8.0,223.0,899.0,,"[[-2.114548040769231, 3.4393439823076926, 0.6623979707692307], [-1.5609194946153846, 5.256106378923077, 1.8475934421538462], [-1.3139581247692307, 6.83060248876923, 2.7583221819999997], [0.7269944887692308, 9.680830922, 5.2039127053846155], [4.204955529384615, 14.440080134307692, 9.322517831846154], [7.246117341076922, 17.524045453384616, 12.385081397230769], [9.395213368153845, 20.763105016769234, 15.079159192461539], [9.865582441076922, 21.204364574615386, 15.534973507846153], [7.287042815230769, 18.005760977076925, 12.646401896153847], [3.926693605692308, 11.496419547846152, 7.71155657676923], [0.13322298230769233, 5.879065651846154, 3.006144317076923], [-1.8685256875384617, 3.191443595846154, 0.661458954153846]]",0.00257243511535543,3400115.466789594,880485089.9696971,556.4937401546857,473.6474233744068,29.0,3168.30959606049,,,,49.334999084472656,-124.92082977294922,880.4850899696971
08HB012,1925,19.5,10.0,0.9629999995231628,12.0,138.0,140.0,3.1714798860605145,"[[-1.3576713045, 4.1279463855, 1.3851375404999997], [-0.9018080820000001, 5.9193553334999995, 2.50877362575], [-0.691233606, 7.504004560499999, 3.4063854772499997], [1.2096588105000001, 10.252154062499999, 5.7309064365], [4.620431256, 14.823374978999999, 9.721903117499998], [7.5558852285, 17.731744191, 12.64381470975], [9.644463591, 20.894557561499997, 15.26951057625], [10.111008127499998, 21.382083250499996, 15.746545688999998], [7.6485837750000005, 18.433659111, 13.041121443000002], [4.430456457, 12.096206629500001, 8.26333154325], [0.7969023195, 6.592659591, 3.69478095525], [-1.1486227304999999, 3.8887612470000006, 1.3700692582500005]]",0.0,0.0,83446059.22652571,572.1062978176318,489.15477625577813,29.0,5563.98638791454,523.1050409524614,225.39745753930384,0.5267770411281478,49.122779846191406,-124.98999786376952,83.44605922652569
08HB012,1926,21.100000381469727,9.0,1.309999942779541,12.0,248.0,140.0,3.1714798860605145,"[[-1.3576713045, 4.1279463855, 1.3851375404999997], [-0.9018080820000001, 5.9193553334999995, 2.50877362575], [-0.691233606, 7.504004560499999, 3.4063854772499997], [1.2096588105000001, 10.252154062499999, 5.7309064365], [4.620431256, 14.823374978999999, 9.721903117499998], [7.5558852285, 17.731744191, 12.64381470975], [9.644463591, 20.894557561499997, 15.26951057625], [10.111008127499998, 21.382083250499996, 15.746545688999998], [7.6485837750000005, 18.433659111, 13.041121443000002], [4.430456457, 12.096206629500001, 8.26333154325], [0.7969023195, 6.592659591, 3.69478095525], [-1.1486227304999999, 3.8887612470000006, 1.3700692582500005]]",0.0,0.0,83446059.22652571,572.1062978176318,489.15477625577813,29.0,5563.98638791454,523.1050409524614,225.39745753930384,0.5267770411281478,49.122779846191406,-124.98999786376952,83.44605922652569
08HB012,1927,24.60000038146973,8.0,3.309999942779541,1.0,231.0,140.0,3.1714798860605145,"[[-1.3576713045, 4.1279463855, 1.3851375404999997], [-0.9018080820000001, 5.9193553334999995, 2.50877362575], [-0.691233606, 7.504004560499999, 3.4063854772499997], [1.2096588105000001, 10.252154062499999, 5.7309064365], [4.620431256, 14.823374978999999, 9.721903117499998], [7.5558852285, 17.731744191, 12.64381470975], [9.644463591, 20.894557561499997, 15.26951057625], [10.111008127499998, 21.382083250499996, 15.746545688999998], [7.6485837750000005, 18.433659111, 13.041121443000002], [4.430456457, 12.096206629500001, 8.26333154325], [0.7969023195, 6.592659591, 3.69478095525], [-1.1486227304999999, 3.8887612470000006, 1.3700692582500005]]",0.0,0.0,83446059.22652571,572.1062978176318,489.15477625577813,29.0,5563.98638791454,523.1050409524614,225.39745753930384,0.5267770411281478,49.122779846191406,-124.98999786376952,83.44605922652569
08HB012,1928,21.700000762939453,9.0,0.9340000152587892,1.0,191.0,140.0,3.1714798860605145,"[[-1.3576713045, 4.1279463855, 1.3851375404999997], [-0.9018080820000001, 5.9193553334999995, 2.50877362575], [-0.691233606, 7.504004560499999, 3.4063854772499997], [1.2096588105000001, 10.252154062499999, 5.7309064365], [4.620431256, 14.823374978999999, 9.721903117499998], [7.5558852285, 17.731744191, 12.64381470975], [9.644463591, 20.894557561499997, 15.26951057625], [10.111008127499998, 21.382083250499996, 15.746545688999998], [7.6485837750000005, 18.433659111, 13.041121443000002], [4.430456457, 12.096206629500001, 8.26333154325], [0.7969023195, 6.592659591, 3.69478095525], [-1.1486227304999999, 3.8887612470000006, 1.3700692582500005]]",0.0,0.0,83446059.22652571,572.1062978176318,489.15477625577813,29.0,5563.98638791454,523.1050409524614,225.39745753930384,0.5267770411281478,49.122779846191406,-124.98999786376952,83.44605922652569
08HB012,1930,16.700000762939453,9.0,1.190000057220459,2.0,168.0,140.0,3.1714798860605145,"[[-1.3576713045, 4.1279463855, 1.3851375404999997], [-0.9018080820000001, 5.9193553334999995, 2.50877362575], [-0.691233606, 7.504004560499999, 3.4063854772499997], [1.2096588105000001, 10.252154062499999, 5.7309064365], [4.620431256, 14.823374978999999, 9.721903117499998], [7.5558852285, 17.731744191, 12.64381470975], [9.644463591, 20.894557561499997, 15.26951057625], [10.111008127499998, 21.382083250499996, 15.746545688999998], [7.6485837750000005, 18.433659111, 13.041121443000002], [4.430456457, 12.096206629500001, 8.26333154325], [0.7969023195, 6.592659591, 3.69478095525], [-1.1486227304999999, 3.8887612470000006, 1.3700692582500005]]",0.0,0.0,83446059.22652571,572.1062978176318,489.15477625577813,29.0,5563.98638791454,523.1050409524614,225.39745753930384,0.5267770411281478,49.122779846191406,-124.98999786376952,83.44605922652569
08HB015,1916,1.350000023841858,10.0,0.36000001430511475,3.0,2.6730000972747803,,3.906135795956864,"[[-0.193789554, 4.953077892, 2.3796441689999996], [0.29144728200000003, 7.388417484, 3.839932383], [0.8743418460000001, 10.223543399999999, 5.548942622999999], [2.9373613499999998, 13.58815731, 8.26275933], [6.408788400000001, 18.411533532, 12.410160966], [9.517050773999998, 21.406879158000002, 15.461964966], [11.265734465999998, 24.655524516, 17.960629491], [11.563285356, 25.044629526, 18.303957441], [8.787669617999999, 21.316850940000002, 15.052260279], [5.7984276, 14.291598131999999, 10.045012866], [2.375829414, 8.0872806, 5.231555007], [0.263981046, 4.766917848, 2.515449447]]",0.0,0.0,3679998.79860859,633.272422529559,556.8048829869767,29.0,2266.4158412388397,61.24193548387096,347.1579475567227,0.020817015450786625,49.28472137451172,-124.91667175292969,3.67999879860859
08HB015,1917,1.243000030517578,9.0,0.5210000276565552,12.0,2.9539999961853027,,3.906135795956864,"[[-0.193789554, 4.953077892, 2.3796441689999996], [0.29144728200000003, 7.388417484, 3.839932383], [0.8743418460000001, 10.223543399999999, 5.548942622999999], [2.9373613499999998, 13.58815731, 8.26275933], [6.408788400000001, 18.411533532, 12.410160966], [9.517050773999998, 21.406879158000002, 15.461964966], [11.265734465999998, 24.655524516, 17.960629491], [11.563285356, 25.044629526, 18.303957441], [8.787669617999999, 21.316850940000002, 15.052260279], [5.7984276, 14.291598131999999, 10.045012866], [2.375829414, 8.0872806, 5.231555007], [0.263981046, 4.766917848, 2.515449447]]",0.0,0.0,3679998.79860859,633.272422529559,556.8048829869767,29.0,2266.4158412388397,61.24193548387096,347.1579475567227,0.020817015450786625,49.28472137451172,-124.91667175292969,3.67999879860859
08HB015,1918,1.4819999933242798,10.0,0.31700000166893005,2.0,4.1570000648498535,,3.906135795956864,"[[-0.193789554, 4.953077892, 2.3796441689999996], [0.29144728200000003, 7.388417484, 3.839932383], [0.8743418460000001, 10.223543399999999, 5.548942622999999], [2.9373613499999998, 13.58815731, 8.26275933], [6.408788400000001, 18.411533532, 12.410160966], [9.517050773999998, 21.406879158000002, 15.461964966], [11.265734465999998, 24.655524516, 17.960629491], [11.563285356, 25.044629526, 18.303957441], [8.787669617999999, 21.316850940000002, 15.052260279], [5.7984276, 14.291598131999999, 10.045012866], [2.375829414, 8.0872806, 5.231555007], [0.263981046, 4.766917848, 2.515449447]]",0.0,0.0,3679998.79860859,633.272422529559,556.8048829869767,29.0,2266.4158412388397,61.24193548387096,347.1579475567227,0.020817015450786625,49.28472137451172,-124.91667175292969,3.67999879860859
08HB015,1919,1.406000018119812,10.0,0.3319999873638153,12.0,3.4409999847412114,,3.906135795956864,"[[-0.193789554, 4.953077892, 2.3796441689999996], [0.29144728200000003, 7.388417484, 3.839932383], [0.8743418460000001, 10.223543399999999, 5.548942622999999], [2.9373613499999998, 13.58815731, 8.26275933], [6.408788400000001, 18.411533532, 12.410160966], [9.517050773999998, 21.406879158000002, 15.461964966], [11.265734465999998, 24.655524516, 17.960629491], [11.563285356, 25.044629526, 18.303957441], [8.787669617999999, 21.316850940000002, 15.052260279], [5.7984276, 14.291598131999999, 10.045012866], [2.375829414, 8.0872806, 5.231555007], [0.263981046, 4.766917848, 2.515449447]]",0.0,0.0,3679998.79860859,633.272422529559,556.8048829869767,29.0,2266.4158412388397,61.24193548387096,347.1579475567227,0.020817015450786625,49.28472137451172,-124.91667175292969,3.67999879860859
08HB015,1920,1.347000002861023,8.0,0.3930000066757202,12.0,3.4560000896453857,,3.906135795956864,"[[-0.193789554, 4.953077892, 2.3796441689999996], [0.29144728200000003, 7.388417484, 3.839932383], [0.8743418460000001, 10.223543399999999, 5.548942622999999], [2.9373613499999998, 13.58815731, 8.26275933], [6.408788400000001, 18.411533532, 12.410160966], [9.517050773999998, 21.406879158000002, 15.461964966], [11.265734465999998, 24.655524516, 17.960629491], [11.563285356, 25.044629526, 18.303957441], [8.787669617999999, 21.316850940000002, 15.052260279], [5.7984276, 14.291598131999999, 10.045012866], [2.375829414, 8.0872806, 5.231555007], [0.263981046, 4.766917848, 2.515449447]]",0.0,0.0,3679998.79860859,633.272422529559,556.8048829869767,29.0,2266.4158412388397,61.24193548387096,347.1579475567227,0.020817015450786625,49.28472137451172,-124.91667175292969,3.67999879860859
08HB015,1921,1.628999948501587,9.0,0.7739999890327454,10.0,3.5780000686645512,,3.906135795956864,"[[-0.193789554, 4.953077892, 2.3796441689999996], [0.29144728200000003, 7.388417484, 3.839932383], [0.8743418460000001, 10.223543399999999, 5.548942622999999], [2.9373613499999998, 13.58815731, 8.26275933], [6.408788400000001, 18.411533532, 12.410160966], [9.517050773999998, 21.406879158000002, 15.461964966], [11.265734465999998, 24.655524516, 17.960629491], [11.563285356, 25.044629526, 18.303957441], [8.787669617999999, 21.316850940000002, 15.052260279], [5.7984276, 14.291598131999999, 10.045012866], [2.375829414, 8.0872806, 5.231555007], [0.263981046, 4.766917848, 2.515449447]]",0.0,0.0,3679998.79860859,633.272422529559,556.8048829869767,29.0,2266.4158412388397,61.24193548387096,347.1579475567227,0.020817015450786625,49.28472137451172,-124.91667175292969,3.67999879860859
08HB015,1922,1.1929999589920044,9.0,0.5149999856948853,12.0,3.4560000896453857,,3.906135795956864,"[[-0.193789554, 4.953077892, 2.3796441689999996], [0.29144728200000003, 7.388417484, 3.839932383], [0.8743418460000001, 10.223543399999999, 5.548942622999999], [2.9373613499999998, 13.58815731, 8.26275933], [6.408788400000001, 18.411533532, 12.410160966], [9.517050773999998, 21.406879158000002, 15.461964966], [11.265734465999998, 24.655524516, 17.960629491], [11.563285356, 25.044629526, 18.303957441], [8.787669617999999, 21.316850940000002, 15.052260279], [5.7984276, 14.291598131999999, 10.045012866], [2.375829414, 8.0872806, 5.231555007], [0.263981046, 4.766917848, 2.515449447]]",0.0,0.0,3679998.79860859,633.272422529559,556.8048829869767,29.0,2266.4158412388397,61.24193548387096,347.1579475567227,0.020817015450786625,49.28472137451172,-124.91667175292969,3.67999879860859
08HB015,1923,1.2400000095367432,9.0,0.2930000126361847,12.0,4.035999774932861,,3.906135795956864,"[[-0.193789554, 4.953077892, 2.3796441689999996], [0.29144728200000003, 7.388417484, 3.839932383], [0.8743418460000001, 10.223543399999999, 5.548942622999999], [2.9373613499999998, 13.58815731, 8.26275933], [6.408788400000001, 18.411533532, 12.410160966], [9.517050773999998, 21.406879158000002, 15.461964966], [11.265734465999998, 24.655524516, 17.960629491], [11.563285356, 25.044629526, 18.303957441], [8.787669617999999, 21.316850940000002, 15.052260279], [5.7984276, 14.291598131999999, 10.045012866], [2.375829414, 8.0872806, 5.231555007], [0.263981046, 4.766917848, 2.515449447]]",0.0,0.0,3679998.79860859,633.272422529559,556.8048829869767,29.0,2266.4158412388397,61.24193548387096,347.1579475567227,0.020817015450786625,49.28472137451172,-124.91667175292969,3.67999879860859
08HB015,1924,1.2970000505447388,9.0,0.25600001215934753,2.0,3.5780000686645512,,3.906135795956864,"[[-0.193789554, 4.953077892, 2.3796441689999996], [0.29144728200000003, 7.388417484, 3.839932383], [0.8743418460000001, 10.223543399999999, 5.548942622999999], [2.9373613499999998, 13.58815731, 8.26275933], [6.408788400000001, 18.411533532, 12.410160966], [9.517050773999998, 21.406879158000002, 15.461964966], [11.265734465999998, 24.655524516, 17.960629491], [11.563285356, 25.044629526, 18.303957441], [8.787669617999999, 21.316850940000002, 15.052260279], [5.7984276, 14.291598131999999, 10.045012866], [2.375829414, 8.0872806, 5.231555007], [0.263981046, 4.766917848, 2.515449447]]",0.0,0.0,3679998.79860859,633.272422529559,556.8048829869767,29.0,2266.4158412388397,61.24193548387096,347.1579475567227,0.020817015450786625,49.28472137451172,-124.91667175292969,3.67999879860859
08HB015,1925,1.2059999704360962,10.0,0.2709999978542328,12.0,2.8159999847412114,,3.906135795956864,"[[-0.193789554, 4.953077892, 2.3796441689999996], [0.29144728200000003, 7.388417484, 3.839932383], [0.8743418460000001, 10.223543399999999, 5.548942622999999], [2.9373613499999998, 13.58815731, 8.26275933], [6.408788400000001, 18.411533532, 12.410160966], [9.517050773999998, 21.406879158000002, 15.461964966], [11.265734465999998, 24.655524516, 17.960629491], [11.563285356, 25.044629526, 18.303957441], [8.787669617999999, 21.316850940000002, 15.052260279], [5.7984276, 14.291598131999999, 10.045012866], [2.375829414, 8.0872806, 5.231555007], [0.263981046, 4.766917848, 2.515449447]]",0.0,0.0,3679998.79860859,633.272422529559,556.8048829869767,29.0,2266.4158412388397,61.24193548387096,347.1579475567227,0.020817015450786625,49.28472137451172,-124.91667175292969,3.67999879860859
08HB015,1927,1.5410000085830688,8.0,0.5460000038146973,1.0,4.65399980545044,,3.906135795956864,"[[-0.193789554, 4.953077892, 2.3796441689999996], [0.29144728200000003, 7.388417484, 3.839932383], [0.8743418460000001, 10.223543399999999, 5.548942622999999], [2.9373613499999998, 13.58815731, 8.26275933], [6.408788400000001, 18.411533532, 12.410160966], [9.517050773999998, 21.406879158000002, 15.461964966], [11.265734465999998, 24.655524516, 17.960629491], [11.563285356, 25.044629526, 18.303957441], [8.787669617999999, 21.316850940000002, 15.052260279], [5.7984276, 14.291598131999999, 10.045012866], [2.375829414, 8.0872806, 5.231555007], [0.263981046, 4.766917848, 2.515449447]]",0.0,0.0,3679998.79860859,633.272422529559,556.8048829869767,29.0,2266.4158412388397,61.24193548387096,347.1579475567227,0.020817015450786625,49.28472137451172,-124.91667175292969,3.67999879860859
08HB015,1928,1.3389999866485596,9.0,0.2870000004768372,1.0,3.227999925613404,,3.906135795956864,"[[-0.193789554, 4.953077892, 2.3796441689999996], [0.29144728200000003, 7.388417484, 3.839932383], [0.8743418460000001, 10.223543399999999, 5.548942622999999], [2.9373613499999998, 13.58815731, 8.26275933], [6.408788400000001, 18.411533532, 12.410160966], [9.517050773999998, 21.406879158000002, 15.461964966], [11.265734465999998, 24.655524516, 17.960629491], [11.563285356, 25.044629526, 18.303957441], [8.787669617999999, 21.316850940000002, 15.052260279], [5.7984276, 14.291598131999999, 10.045012866], [2.375829414, 8.0872806, 5.231555007], [0.263981046, 4.766917848, 2.515449447]]",0.0,0.0,3679998.79860859,633.272422529559,556.8048829869767,29.0,2266.4158412388397,61.24193548387096,347.1579475567227,0.020817015450786625,49.28472137451172,-124.91667175292969,3.67999879860859
08HB015,1929,1.0410000085830688,10.0,0.3470000028610229,12.0,2.8469998836517334,,3.906135795956864,"[[-0.193789554, 4.953077892, 2.3796441689999996], [0.29144728200000003, 7.388417484, 3.839932383], [0.8743418460000001, 10.223543399999999, 5.548942622999999], [2.9373613499999998, 13.58815731, 8.26275933], [6.408788400000001, 18.411533532, 12.410160966], [9.517050773999998, 21.406879158000002, 15.461964966], [11.265734465999998, 24.655524516, 17.960629491], [11.563285356, 25.044629526, 18.303957441], [8.787669617999999, 21.316850940000002, 15.052260279], [5.7984276, 14.291598131999999, 10.045012866], [2.375829414, 8.0872806, 5.231555007], [0.263981046, 4.766917848, 2.515449447]]",0.0,0.0,3679998.79860859,633.272422529559,556.8048829869767,29.0,2266.4158412388397,61.24193548387096,347.1579475567227,0.020817015450786625,49.28472137451172,-124.91667175292969,3.67999879860859
08HB015,1930,1.2100000381469729,9.0,0.2709999978542328,2.0,2.8959999084472656,,3.906135795956864,"[[-0.193789554, 4.953077892, 2.3796441689999996], [0.29144728200000003, 7.388417484, 3.839932383], [0.8743418460000001, 10.223543399999999, 5.548942622999999], [2.9373613499999998, 13.58815731, 8.26275933], [6.408788400000001, 18.411533532, 12.410160966], [9.517050773999998, 21.406879158000002, 15.461964966], [11.265734465999998, 24.655524516, 17.960629491], [11.563285356, 25.044629526, 18.303957441], [8.787669617999999, 21.316850940000002, 15.052260279], [5.7984276, 14.291598131999999, 10.045012866], [2.375829414, 8.0872806, 5.231555007], [0.263981046, 4.766917848, 2.515449447]]",0.0,0.0,3679998.79860859,633.272422529559,556.8048829869767,29.0,2266.4158412388397,61.24193548387096,347.1579475567227,0.020817015450786625,49.28472137451172,-124.91667175292969,3.67999879860859
08HB015,1942,1.3609999418258667,9.0,0.4510000050067902,12.0,2.5179998874664307,,3.906135795956864,"[[-0.193789554, 4.953077892, 2.3796441689999996], [0.29144728200000003, 7.388417484, 3.839932383], [0.8743418460000001, 10.223543399999999, 5.548942622999999], [2.9373613499999998, 13.58815731, 8.26275933], [6.408788400000001, 18.411533532, 12.410160966], [9.517050773999998, 21.406879158000002, 15.461964966], [11.265734465999998, 24.655524516, 17.960629491], [11.563285356, 25.044629526, 18.303957441], [8.787669617999999, 21.316850940000002, 15.052260279], [5.7984276, 14.291598131999999, 10.045012866], [2.375829414, 8.0872806, 5.231555007], [0.263981046, 4.766917848, 2.515449447]]",0.0,0.0,3679998.79860859,633.272422529559,556.8048829869767,29.0,2266.4158412388397,61.24193548387096,347.1579475567227,0.020817015450786625,49.28472137451172,-124.91667175292969,3.67999879860859
08HB015,1943,1.371999979019165,9.0,0.4819999933242798,4.0,2.907999992370605,,3.906135795956864,"[[-0.193789554, 4.953077892, 2.3796441689999996], [0.29144728200000003, 7.388417484, 3.839932383], [0.8743418460000001, 10.223543399999999, 5.548942622999999], [2.9373613499999998, 13.58815731, 8.26275933], [6.408788400000001, 18.411533532, 12.410160966], [9.517050773999998, 21.406879158000002, 15.461964966], [11.265734465999998, 24.655524516, 17.960629491], [11.563285356, 25.044629526, 18.303957441], [8.787669617999999, 21.316850940000002, 15.052260279], [5.7984276, 14.291598131999999, 10.045012866], [2.375829414, 8.0872806, 5.231555007], [0.263981046, 4.766917848, 2.515449447]]",0.0,0.0,3679998.79860859,633.272422529559,556.8048829869767,29.0,2266.4158412388397,61.24193548387096,347.1579475567227,0.020817015450786625,49.28472137451172,-124.91667175292969,3.67999879860859
08HB015,1944,1.2929999828338623,9.0,0.2870000004768372,1.0,3.7339999675750732,,3.906135795956864,"[[-0.193789554, 4.953077892, 2.3796441689999996], [0.29144728200000003, 7.388417484, 3.839932383], [0.8743418460000001, 10.223543399999999, 5.548942622999999], [2.9373613499999998, 13.58815731, 8.26275933], [6.408788400000001, 18.411533532, 12.410160966], [9.517050773999998, 21.406879158000002, 15.461964966], [11.265734465999998, 24.655524516, 17.960629491], [11.563285356, 25.044629526, 18.303957441], [8.787669617999999, 21.316850940000002, 15.052260279], [5.7984276, 14.291598131999999, 10.045012866], [2.375829414, 8.0872806, 5.231555007], [0.263981046, 4.766917848, 2.515449447]]",0.0,0.0,3679998.79860859,633.272422529559,556.8048829869767,29.0,2266.4158412388397,61.24193548387096,347.1579475567227,0.020817015450786625,49.28472137451172,-124.91667175292969,3.67999879860859
08HB015,1945,1.496000051498413,10.0,0.4790000021457672,12.0,3.3589999675750732,,3.906135795956864,"[[-0.193789554, 4.953077892, 2.3796441689999996], [0.29144728200000003, 7.388417484, 3.839932383], [0.8743418460000001, 10.223543399999999, 5.548942622999999], [2.9373613499999998, 13.58815731, 8.26275933], [6.408788400000001, 18.411533532, 12.410160966], [9.517050773999998, 21.406879158000002, 15.461964966], [11.265734465999998, 24.655524516, 17.960629491], [11.563285356, 25.044629526, 18.303957441], [8.787669617999999, 21.316850940000002, 15.052260279], [5.7984276, 14.291598131999999, 10.045012866], [2.375829414, 8.0872806, 5.231555007], [0.263981046, 4.766917848, 2.515449447]]",0.0,0.0,3679998.79860859,633.272422529559,556.8048829869767,29.0,2266.4158412388397,61.24193548387096,347.1579475567227,0.020817015450786625,49.28472137451172,-124.91667175292969,3.67999879860859
08HB015,1946,1.6480000019073486,10.0,0.6949999928474426,12.0,2.9470000267028813,,3.906135795956864,"[[-0.193789554, 4.953077892, 2.3796441689999996], [0.29144728200000003, 7.388417484, 3.839932383], [0.8743418460000001, 10.223543399999999, 5.548942622999999], [2.9373613499999998, 13.58815731, 8.26275933], [6.408788400000001, 18.411533532, 12.410160966], [9.517050773999998, 21.406879158000002, 15.461964966], [11.265734465999998, 24.655524516, 17.960629491], [11.563285356, 25.044629526, 18.303957441], [8.787669617999999, 21.316850940000002, 15.052260279], [5.7984276, 14.291598131999999, 10.045012866], [2.375829414, 8.0872806, 5.231555007], [0.263981046, 4.766917848, 2.515449447]]",0.0,0.0,3679998.79860859,633.272422529559,556.8048829869767,29.0,2266.4158412388397,61.24193548387096,347.1579475567227,0.020817015450786625,49.28472137451172,-124.91667175292969,3.67999879860859
08HB015,1947,1.4579999446868896,10.0,0.4939999878406525,2.0,3.4409999847412114,,3.906135795956864,"[[-0.193789554, 4.953077892, 2.3796441689999996], [0.29144728200000003, 7.388417484, 3.839932383], [0.8743418460000001, 10.223543399999999, 5.548942622999999], [2.9373613499999998, 13.58815731, 8.26275933], [6.408788400000001, 18.411533532, 12.410160966], [9.517050773999998, 21.406879158000002, 15.461964966], [11.265734465999998, 24.655524516, 17.960629491], [11.563285356, 25.044629526, 18.303957441], [8.787669617999999, 21.316850940000002, 15.052260279], [5.7984276, 14.291598131999999, 10.045012866], [2.375829414, 8.0872806, 5.231555007], [0.263981046, 4.766917848, 2.515449447]]",0.0,0.0,3679998.79860859,633.272422529559,556.8048829869767,29.0,2266.4158412388397,61.24193548387096,347.1579475567227,0.020817015450786625,49.28472137451172,-124.91667175292969,3.67999879860859
08HB015,1948,1.5800000429153442,8.0,0.6129999756813049,1.0,2.882999897003174,,3.906135795956864,"[[-0.193789554, 4.953077892, 2.3796441689999996], [0.29144728200000003, 7.388417484, 3.839932383], [0.8743418460000001, 10.223543399999999, 5.548942622999999], [2.9373613499999998, 13.58815731, 8.26275933], [6.408788400000001, 18.411533532, 12.410160966], [9.517050773999998, 21.406879158000002, 15.461964966], [11.265734465999998, 24.655524516, 17.960629491], [11.563285356, 25.044629526, 18.303957441], [8.787669617999999, 21.316850940000002, 15.052260279], [5.7984276, 14.291598131999999, 10.045012866], [2.375829414, 8.0872806, 5.231555007], [0.263981046, 4.766917848, 2.515449447]]",0.0,0.0,3679998.79860859,633.272422529559,556.8048829869767,29.0,2266.4158412388397,61.24193548387096,347.1579475567227,0.020817015450786625,49.28472137451172,-124.91667175292969,3.67999879860859
08HB015,1950,1.7389999628067017,9.0,0.5640000104904175,12.0,3.4049999713897705,,3.906135795956864,"[[-0.193789554, 4.953077892, 2.3796441689999996], [0.29144728200000003, 7.388417484, 3.839932383], [0.8743418460000001, 10.223543399999999, 5.548942622999999], [2.9373613499999998, 13.58815731, 8.26275933], [6.408788400000001, 18.411533532, 12.410160966], [9.517050773999998, 21.406879158000002, 15.461964966], [11.265734465999998, 24.655524516, 17.960629491], [11.563285356, 25.044629526, 18.303957441], [8.787669617999999, 21.316850940000002, 15.052260279], [5.7984276, 14.291598131999999, 10.045012866], [2.375829414, 8.0872806, 5.231555007], [0.263981046, 4.766917848, 2.515449447]]",0.0,0.0,3679998.79860859,633.272422529559,556.8048829869767,29.0,2266.4158412388397,61.24193548387096,347.1579475567227,0.020817015450786625,49.28472137451172,-124.91667175292969,3.67999879860859
08HB015,1952,1.5490000247955322,10.0,0.6069999933242798,2.0,3.0510001182556152,,3.906135795956864,"[[-0.193789554, 4.953077892, 2.3796441689999996], [0.29144728200000003, 7.388417484, 3.839932383], [0.8743418460000001, 10.223543399999999, 5.548942622999999], [2.9373613499999998, 13.58815731, 8.26275933], [6.408788400000001, 18.411533532, 12.410160966], [9.517050773999998, 21.406879158000002, 15.461964966], [11.265734465999998, 24.655524516, 17.960629491], [11.563285356, 25.044629526, 18.303957441], [8.787669617999999, 21.316850940000002, 15.052260279], [5.7984276, 14.291598131999999, 10.045012866], [2.375829414, 8.0872806, 5.231555007], [0.263981046, 4.766917848, 2.515449447]]",0.0,0.0,3679998.79860859,633.272422529559,556.8048829869767,29.0,2266.4158412388397,61.24193548387096,347.1579475567227,0.020817015450786625,49.28472137451172,-124.91667175292969,3.67999879860859
08HB015,1953,1.8140000104904173,9.0,0.6610000133514404,11.0,4.301000118255615,,3.906135795956864,"[[-0.193789554, 4.953077892, 2.3796441689999996], [0.29144728200000003, 7.388417484, 3.839932383], [0.8743418460000001, 10.223543399999999, 5.548942622999999], [2.9373613499999998, 13.58815731, 8.26275933], [6.408788400000001, 18.411533532, 12.410160966], [9.517050773999998, 21.406879158000002, 15.461964966], [11.265734465999998, 24.655524516, 17.960629491], [11.563285356, 25.044629526, 18.303957441], [8.787669617999999, 21.316850940000002, 15.052260279], [5.7984276, 14.291598131999999, 10.045012866], [2.375829414, 8.0872806, 5.231555007], [0.263981046, 4.766917848, 2.515449447]]",0.0,0.0,3679998.79860859,633.272422529559,556.8048829869767,29.0,2266.4158412388397,61.24193548387096,347.1579475567227,0.020817015450786625,49.28472137451172,-124.91667175292969,3.67999879860859
08HB015,1954,1.7029999494552612,10.0,0.6610000133514404,11.0,4.065999984741212,,3.906135795956864,"[[-0.193789554, 4.953077892, 2.3796441689999996], [0.29144728200000003, 7.388417484, 3.839932383], [0.8743418460000001, 10.223543399999999, 5.548942622999999], [2.9373613499999998, 13.58815731, 8.26275933], [6.408788400000001, 18.411533532, 12.410160966], [9.517050773999998, 21.406879158000002, 15.461964966], [11.265734465999998, 24.655524516, 17.960629491], [11.563285356, 25.044629526, 18.303957441], [8.787669617999999, 21.316850940000002, 15.052260279], [5.7984276, 14.291598131999999, 10.045012866], [2.375829414, 8.0872806, 5.231555007], [0.263981046, 4.766917848, 2.515449447]]",0.0,0.0,3679998.79860859,633.272422529559,556.8048829869767,29.0,2266.4158412388397,61.24193548387096,347.1579475567227,0.020817015450786625,49.28472137451172,-124.91667175292969,3.67999879860859
08HB015,1955,1.468000054359436,9.0,0.6549999713897705,11.0,3.306999921798706,,3.906135795956864,"[[-0.193789554, 4.953077892, 2.3796441689999996], [0.29144728200000003, 7.388417484, 3.839932383], [0.8743418460000001, 10.223543399999999, 5.548942622999999], [2.9373613499999998, 13.58815731, 8.26275933], [6.408788400000001, 18.411533532, 12.410160966], [9.517050773999998, 21.406879158000002, 15.461964966], [11.265734465999998, 24.655524516, 17.960629491], [11.563285356, 25.044629526, 18.303957441], [8.787669617999999, 21.316850940000002, 15.052260279], [5.7984276, 14.291598131999999, 10.045012866], [2.375829414, 8.0872806, 5.231555007], [0.263981046, 4.766917848, 2.515449447]]",0.0,0.0,3679998.79860859,633.272422529559,556.8048829869767,29.0,2266.4158412388397,61.24193548387096,347.1579475567227,0.020817015450786625,49.28472137451172,-124.91667175292969,3.67999879860859
08HB015,1956,1.6469999551773071,9.0,0.6430000066757202,12.0,2.5999999046325684,,3.906135795956864,"[[-0.193789554, 4.953077892, 2.3796441689999996], [0.29144728200000003, 7.388417484, 3.839932383], [0.8743418460000001, 10.223543399999999, 5.548942622999999], [2.9373613499999998, 13.58815731, 8.26275933], [6.408788400000001, 18.411533532, 12.410160966], [9.517050773999998, 21.406879158000002, 15.461964966], [11.265734465999998, 24.655524516, 17.960629491], [11.563285356, 25.044629526, 18.303957441], [8.787669617999999, 21.316850940000002, 15.052260279], [5.7984276, 14.291598131999999, 10.045012866], [2.375829414, 8.0872806, 5.231555007], [0.263981046, 4.766917848, 2.515449447]]",0.0,0.0,3679998.79860859,633.272422529559,556.8048829869767,29.0,2266.4158412388397,61.24193548387096,347.1579475567227,0.020817015450786625,49.28472137451172,-124.91667175292969,3.67999879860859
08HB015,1957,1.7860000133514404,2.0,1.0210000276565552,12.0,2.8190000057220463,,3.906135795956864,"[[-0.193789554, 4.953077892, 2.3796441689999996], [0.29144728200000003, 7.388417484, 3.839932383], [0.8743418460000001, 10.223543399999999, 5.548942622999999], [2.9373613499999998, 13.58815731, 8.26275933], [6.408788400000001, 18.411533532, 12.410160966], [9.517050773999998, 21.406879158000002, 15.461964966], [11.265734465999998, 24.655524516, 17.960629491], [11.563285356, 25.044629526, 18.303957441], [8.787669617999999, 21.316850940000002, 15.052260279], [5.7984276, 14.291598131999999, 10.045012866], [2.375829414, 8.0872806, 5.231555007], [0.263981046, 4.766917848, 2.515449447]]",0.0,0.0,3679998.79860859,633.272422529559,556.8048829869767,29.0,2266.4158412388397,61.24193548387096,347.1579475567227,0.020817015450786625,49.28472137451172,-124.91667175292969,3.67999879860859
08HB015,1958,1.851999998092652,8.0,0.6549999713897705,12.0,4.118000030517578,,3.906135795956864,"[[-0.193789554, 4.953077892, 2.3796441689999996], [0.29144728200000003, 7.388417484, 3.839932383], [0.8743418460000001, 10.223543399999999, 5.548942622999999], [2.9373613499999998, 13.58815731, 8.26275933], [6.408788400000001, 18.411533532, 12.410160966], [9.517050773999998, 21.406879158000002, 15.461964966], [11.265734465999998, 24.655524516, 17.960629491], [11.563285356, 25.044629526, 18.303957441], [8.787669617999999, 21.316850940000002, 15.052260279], [5.7984276, 14.291598131999999, 10.045012866], [2.375829414, 8.0872806, 5.231555007], [0.263981046, 4.766917848, 2.515449447]]",0.0,0.0,3679998.79860859,633.272422529559,556.8048829869767,29.0,2266.4158412388397,61.24193548387096,347.1579475567227,0.020817015450786625,49.28472137451172,-124.91667175292969,3.67999879860859
08HB015,1959,1.7059999704360962,9.0,0.9240000247955322,1.0,2.9600000381469727,,3.906135795956864,"[[-0.193789554, 4.953077892, 2.3796441689999996], [0.29144728200000003, 7.388417484, 3.839932383], [0.8743418460000001, 10.223543399999999, 5.548942622999999], [2.9373613499999998, 13.58815731, 8.26275933], [6.408788400000001, 18.411533532, 12.410160966], [9.517050773999998, 21.406879158000002, 15.461964966], [11.265734465999998, 24.655524516, 17.960629491], [11.563285356, 25.044629526, 18.303957441], [8.787669617999999, 21.316850940000002, 15.052260279], [5.7984276, 14.291598131999999, 10.045012866], [2.375829414, 8.0872806, 5.231555007], [0.263981046, 4.766917848, 2.515449447]]",0.0,0.0,3679998.79860859,633.272422529559,556.8048829869767,29.0,2266.4158412388397,61.24193548387096,347.1579475567227,0.020817015450786625,49.28472137451172,-124.91667175292969,3.67999879860859
08HB015,1960,1.7630000114440918,9.0,0.9359999895095824,12.0,3.3129999637603764,,3.906135795956864,"[[-0.193789554, 4.953077892, 2.3796441689999996], [0.29144728200000003, 7.388417484, 3.839932383], [0.8743418460000001, 10.223543399999999, 5.548942622999999], [2.9373613499999998, 13.58815731, 8.26275933], [6.408788400000001, 18.411533532, 12.410160966], [9.517050773999998, 21.406879158000002, 15.461964966], [11.265734465999998, 24.655524516, 17.960629491], [11.563285356, 25.044629526, 18.303957441], [8.787669617999999, 21.316850940000002, 15.052260279], [5.7984276, 14.291598131999999, 10.045012866], [2.375829414, 8.0872806, 5.231555007], [0.263981046, 4.766917848, 2.515449447]]",0.0,0.0,3679998.79860859,633.272422529559,556.8048829869767,29.0,2266.4158412388397,61.24193548387096,347.1579475567227,0.020817015450786625,49.28472137451172,-124.91667175292969,3.67999879860859
08HB015,1961,1.8179999589920044,8.0,0.8870000243186951,1.0,4.624000072479248,,3.906135795956864,"[[-0.193789554, 4.953077892, 2.3796441689999996], [0.29144728200000003, 7.388417484, 3.839932383], [0.8743418460000001, 10.223543399999999, 5.548942622999999], [2.9373613499999998, 13.58815731, 8.26275933], [6.408788400000001, 18.411533532, 12.410160966], [9.517050773999998, 21.406879158000002, 15.461964966], [11.265734465999998, 24.655524516, 17.960629491], [11.563285356, 25.044629526, 18.303957441], [8.787669617999999, 21.316850940000002, 15.052260279], [5.7984276, 14.291598131999999, 10.045012866], [2.375829414, 8.0872806, 5.231555007], [0.263981046, 4.766917848, 2.515449447]]",0.0,0.0,3679998.79860859,633.272422529559,556.8048829869767,29.0,2266.4158412388397,61.24193548387096,347.1579475567227,0.020817015450786625,49.28472137451172,-124.91667175292969,3.67999879860859
08HB015,1963,1.7710000276565552,10.0,0.8019999861717224,2.0,4.005000114440918,,3.906135795956864,"[[-0.193789554, 4.953077892, 2.3796441689999996], [0.29144728200000003, 7.388417484, 3.839932383], [0.8743418460000001, 10.223543399999999, 5.548942622999999], [2.9373613499999998, 13.58815731, 8.26275933], [6.408788400000001, 18.411533532, 12.410160966], [9.517050773999998, 21.406879158000002, 15.461964966], [11.265734465999998, 24.655524516, 17.960629491], [11.563285356, 25.044629526, 18.303957441], [8.787669617999999, 21.316850940000002, 15.052260279], [5.7984276, 14.291598131999999, 10.045012866], [2.375829414, 8.0872806, 5.231555007], [0.263981046, 4.766917848, 2.515449447]]",0.0,0.0,3679998.79860859,633.272422529559,556.8048829869767,29.0,2266.4158412388397,61.24193548387096,347.1579475567227,0.020817015450786625,49.28472137451172,-124.91667175292969,3.67999879860859
08HB015,1964,1.7280000448226929,9.0,1.0490000247955322,1.0,3.309999942779541,,3.906135795956864,"[[-0.193789554, 4.953077892, 2.3796441689999996], [0.29144728200000003, 7.388417484, 3.839932383], [0.8743418460000001, 10.223543399999999, 5.548942622999999], [2.9373613499999998, 13.58815731, 8.26275933], [6.408788400000001, 18.411533532, 12.410160966], [9.517050773999998, 21.406879158000002, 15.461964966], [11.265734465999998, 24.655524516, 17.960629491], [11.563285356, 25.044629526, 18.303957441], [8.787669617999999, 21.316850940000002, 15.052260279], [5.7984276, 14.291598131999999, 10.045012866], [2.375829414, 8.0872806, 5.231555007], [0.263981046, 4.766917848, 2.515449447]]",0.0,0.0,3679998.79860859,633.272422529559,556.8048829869767,29.0,2266.4158412388397,61.24193548387096,347.1579475567227,0.020817015450786625,49.28472137451172,-124.91667175292969,3.67999879860859
08HB015,1965,1.6560000181198118,9.0,0.6890000104904175,12.0,3.382999897003174,,3.906135795956864,"[[-0.193789554, 4.953077892, 2.3796441689999996], [0.29144728200000003, 7.388417484, 3.839932383], [0.8743418460000001, 10.223543399999999, 5.548942622999999], [2.9373613499999998, 13.58815731, 8.26275933], [6.408788400000001, 18.411533532, 12.410160966], [9.517050773999998, 21.406879158000002, 15.461964966], [11.265734465999998, 24.655524516, 17.960629491], [11.563285356, 25.044629526, 18.303957441], [8.787669617999999, 21.316850940000002, 15.052260279], [5.7984276, 14.291598131999999, 10.045012866], [2.375829414, 8.0872806, 5.231555007], [0.263981046, 4.766917848, 2.515449447]]",0.0,0.0,3679998.79860859,633.272422529559,556.8048829869767,29.0,2266.4158412388397,61.24193548387096,347.1579475567227,0.020817015450786625,49.28472137451172,-124.91667175292969,3.67999879860859
08HB015,1966,1.9129999876022337,9.0,1.0329999923706057,12.0,4.422999858856201,,3.906135795956864,"[[-0.193789554, 4.953077892, 2.3796441689999996], [0.29144728200000003, 7.388417484, 3.839932383], [0.8743418460000001, 10.223543399999999, 5.548942622999999], [2.9373613499999998, 13.58815731, 8.26275933], [6.408788400000001, 18.411533532, 12.410160966], [9.517050773999998, 21.406879158000002, 15.461964966], [11.265734465999998, 24.655524516, 17.960629491], [11.563285356, 25.044629526, 18.303957441], [8.787669617999999, 21.316850940000002, 15.052260279], [5.7984276, 14.291598131999999, 10.045012866], [2.375829414, 8.0872806, 5.231555007], [0.263981046, 4.766917848, 2.515449447]]",0.0,0.0,3679998.79860859,633.272422529559,556.8048829869767,29.0,2266.4158412388397,61.24193548387096,347.1579475567227,0.020817015450786625,49.28472137451172,-124.91667175292969,3.67999879860859
08HB015,1967,1.7799999713897705,8.0,0.9269999861717224,10.0,3.2030000686645512,,3.906135795956864,"[[-0.193789554, 4.953077892, 2.3796441689999996], [0.29144728200000003, 7.388417484, 3.839932383], [0.8743418460000001, 10.223543399999999, 5.548942622999999], [2.9373613499999998, 13.58815731, 8.26275933], [6.408788400000001, 18.411533532, 12.410160966], [9.517050773999998, 21.406879158000002, 15.461964966], [11.265734465999998, 24.655524516, 17.960629491], [11.563285356, 25.044629526, 18.303957441], [8.787669617999999, 21.316850940000002, 15.052260279], [5.7984276, 14.291598131999999, 10.045012866], [2.375829414, 8.0872806, 5.231555007], [0.263981046, 4.766917848, 2.515449447]]",0.0,0.0,3679998.79860859,633.272422529559,556.8048829869767,29.0,2266.4158412388397,61.24193548387096,347.1579475567227,0.020817015450786625,49.28472137451172,-124.91667175292969,3.67999879860859
08HB015,1968,1.965999960899353,8.0,1.1549999713897705,1.0,4.870999813079834,,3.906135795956864,"[[-0.193789554, 4.953077892, 2.3796441689999996], [0.29144728200000003, 7.388417484, 3.839932383], [0.8743418460000001, 10.223543399999999, 5.548942622999999], [2.9373613499999998, 13.58815731, 8.26275933], [6.408788400000001, 18.411533532, 12.410160966], [9.517050773999998, 21.406879158000002, 15.461964966], [11.265734465999998, 24.655524516, 17.960629491], [11.563285356, 25.044629526, 18.303957441], [8.787669617999999, 21.316850940000002, 15.052260279], [5.7984276, 14.291598131999999, 10.045012866], [2.375829414, 8.0872806, 5.231555007], [0.263981046, 4.766917848, 2.515449447]]",0.0,0.0,3679998.79860859,633.272422529559,556.8048829869767,29.0,2266.4158412388397,61.24193548387096,347.1579475567227,0.020817015450786625,49.28472137451172,-124.91667175292969,3.67999879860859
08HB015,1969,1.843000054359436,8.0,1.0880000591278076,5.0,2.885999917984009,,3.906135795956864,"[[-0.193789554, 4.953077892, 2.3796441689999996], [0.29144728200000003, 7.388417484, 3.839932383], [0.8743418460000001, 10.223543399999999, 5.548942622999999], [2.9373613499999998, 13.58815731, 8.26275933], [6.408788400000001, 18.411533532, 12.410160966], [9.517050773999998, 21.406879158000002, 15.461964966], [11.265734465999998, 24.655524516, 17.960629491], [11.563285356, 25.044629526, 18.303957441], [8.787669617999999, 21.316850940000002, 15.052260279], [5.7984276, 14.291598131999999, 10.045012866], [2.375829414, 8.0872806, 5.231555007], [0.263981046, 4.766917848, 2.515449447]]",0.0,0.0,3679998.79860859,633.272422529559,556.8048829869767,29.0,2266.4158412388397,61.24193548387096,347.1579475567227,0.020817015450786625,49.28472137451172,-124.91667175292969,3.67999879860859
08HB015,1970,1.5859999656677246,9.0,0.9020000100135804,11.0,2.3469998836517334,,3.906135795956864,"[[-0.193789554, 4.953077892, 2.3796441689999996], [0.29144728200000003, 7.388417484, 3.839932383], [0.8743418460000001, 10.223543399999999, 5.548942622999999], [2.9373613499999998, 13.58815731, 8.26275933], [6.408788400000001, 18.411533532, 12.410160966], [9.517050773999998, 21.406879158000002, 15.461964966], [11.265734465999998, 24.655524516, 17.960629491], [11.563285356, 25.044629526, 18.303957441], [8.787669617999999, 21.316850940000002, 15.052260279], [5.7984276, 14.291598131999999, 10.045012866], [2.375829414, 8.0872806, 5.231555007], [0.263981046, 4.766917848, 2.515449447]]",0.0,0.0,3679998.79860859,633.272422529559,556.8048829869767,29.0,2266.4158412388397,61.24193548387096,347.1579475567227,0.020817015450786625,49.28472137451172,-124.91667175292969,3.67999879860859
08HB015,1971,1.883999943733216,8.0,1.3079999685287476,11.0,3.493000030517578,,3.906135795956864,"[[-0.193789554, 4.953077892, 2.3796441689999996], [0.29144728200000003, 7.388417484, 3.839932383], [0.8743418460000001, 10.223543399999999, 5.548942622999999], [2.9373613499999998, 13.58815731, 8.26275933], [6.408788400000001, 18.411533532, 12.410160966], [9.517050773999998, 21.406879158000002, 15.461964966], [11.265734465999998, 24.655524516, 17.960629491], [11.563285356, 25.044629526, 18.303957441], [8.787669617999999, 21.316850940000002, 15.052260279], [5.7984276, 14.291598131999999, 10.045012866], [2.375829414, 8.0872806, 5.231555007], [0.263981046, 4.766917848, 2.515449447]]",0.0,0.0,3679998.79860859,633.272422529559,556.8048829869767,29.0,2266.4158412388397,61.24193548387096,347.1579475567227,0.020817015450786625,49.28472137451172,-124.91667175292969,3.67999879860859
08HB015,1972,1.7130000591278076,9.0,0.972000002861023,3.0,3.5910000801086426,,3.906135795956864,"[[-0.193789554, 4.953077892, 2.3796441689999996], [0.29144728200000003, 7.388417484, 3.839932383], [0.8743418460000001, 10.223543399999999, 5.548942622999999], [2.9373613499999998, 13.58815731, 8.26275933], [6.408788400000001, 18.411533532, 12.410160966], [9.517050773999998, 21.406879158000002, 15.461964966], [11.265734465999998, 24.655524516, 17.960629491], [11.563285356, 25.044629526, 18.303957441], [8.787669617999999, 21.316850940000002, 15.052260279], [5.7984276, 14.291598131999999, 10.045012866], [2.375829414, 8.0872806, 5.231555007], [0.263981046, 4.766917848, 2.515449447]]",0.0,0.0,3679998.79860859,633.272422529559,556.8048829869767,29.0,2266.4158412388397,61.24193548387096,347.1579475567227,0.020817015450786625,49.28472137451172,-124.91667175292969,3.67999879860859
08HB015,1973,1.7380000352859497,10.0,0.8080000281333923,12.0,3.740000009536743,,3.906135795956864,"[[-0.193789554, 4.953077892, 2.3796441689999996], [0.29144728200000003, 7.388417484, 3.839932383], [0.8743418460000001, 10.223543399999999, 5.548942622999999], [2.9373613499999998, 13.58815731, 8.26275933], [6.408788400000001, 18.411533532, 12.410160966], [9.517050773999998, 21.406879158000002, 15.461964966], [11.265734465999998, 24.655524516, 17.960629491], [11.563285356, 25.044629526, 18.303957441], [8.787669617999999, 21.316850940000002, 15.052260279], [5.7984276, 14.291598131999999, 10.045012866], [2.375829414, 8.0872806, 5.231555007], [0.263981046, 4.766917848, 2.515449447]]",0.0,0.0,3679998.79860859,633.272422529559,556.8048829869767,29.0,2266.4158412388397,61.24193548387096,347.1579475567227,0.020817015450786625,49.28472137451172,-124.91667175292969,3.67999879860859
08HB015,1974,1.8980000019073489,11.0,0.9940000176429749,1.0,3.6670000553131104,,3.906135795956864,"[[-0.193789554, 4.953077892, 2.3796441689999996], [0.29144728200000003, 7.388417484, 3.839932383], [0.8743418460000001, 10.223543399999999, 5.548942622999999], [2.9373613499999998, 13.58815731, 8.26275933], [6.408788400000001, 18.411533532, 12.410160966], [9.517050773999998, 21.406879158000002, 15.461964966], [11.265734465999998, 24.655524516, 17.960629491], [11.563285356, 25.044629526, 18.303957441], [8.787669617999999, 21.316850940000002, 15.052260279], [5.7984276, 14.291598131999999, 10.045012866], [2.375829414, 8.0872806, 5.231555007], [0.263981046, 4.766917848, 2.515449447]]",0.0,0.0,3679998.79860859,633.272422529559,556.8048829869767,29.0,2266.4158412388397,61.24193548387096,347.1579475567227,0.020817015450786625,49.28472137451172,-124.91667175292969,3.67999879860859
08HB015,1975,1.8380000591278083,8.0,1.0789999961853027,11.0,4.767000198364258,,3.906135795956864,"[[-0.193789554, 4.953077892, 2.3796441689999996], [0.29144728200000003, 7.388417484, 3.839932383], [0.8743418460000001, 10.223543399999999, 5.548942622999999], [2.9373613499999998, 13.58815731, 8.26275933], [6.408788400000001, 18.411533532, 12.410160966], [9.517050773999998, 21.406879158000002, 15.461964966], [11.265734465999998, 24.655524516, 17.960629491], [11.563285356, 25.044629526, 18.303957441], [8.787669617999999, 21.316850940000002, 15.052260279], [5.7984276, 14.291598131999999, 10.045012866], [2.375829414, 8.0872806, 5.231555007], [0.263981046, 4.766917848, 2.515449447]]",0.0,0.0,3679998.79860859,633.272422529559,556.8048829869767,29.0,2266.4158412388397,61.24193548387096,347.1579475567227,0.020817015450786625,49.28472137451172,-124.91667175292969,3.67999879860859
08HB015,1976,1.6690000295639038,10.0,0.996999979019165,1.0,2.5510001182556152,,3.906135795956864,"[[-0.193789554, 4.953077892, 2.3796441689999996], [0.29144728200000003, 7.388417484, 3.839932383], [0.8743418460000001, 10.223543399999999, 5.548942622999999], [2.9373613499999998, 13.58815731, 8.26275933], [6.408788400000001, 18.411533532, 12.410160966], [9.517050773999998, 21.406879158000002, 15.461964966], [11.265734465999998, 24.655524516, 17.960629491], [11.563285356, 25.044629526, 18.303957441], [8.787669617999999, 21.316850940000002, 15.052260279], [5.7984276, 14.291598131999999, 10.045012866], [2.375829414, 8.0872806, 5.231555007], [0.263981046, 4.766917848, 2.515449447]]",0.0,0.0,3679998.79860859,633.272422529559,556.8048829869767,29.0,2266.4158412388397,61.24193548387096,347.1579475567227,0.020817015450786625,49.28472137451172,-124.91667175292969,3.67999879860859
08HB015,1977,1.7680000066757202,10.0,1.0820000171661377,11.0,3.2639999389648438,,3.906135795956864,"[[-0.193789554, 4.953077892, 2.3796441689999996], [0.29144728200000003, 7.388417484, 3.839932383], [0.8743418460000001, 10.223543399999999, 5.548942622999999], [2.9373613499999998, 13.58815731, 8.26275933], [6.408788400000001, 18.411533532, 12.410160966], [9.517050773999998, 21.406879158000002, 15.461964966], [11.265734465999998, 24.655524516, 17.960629491], [11.563285356, 25.044629526, 18.303957441], [8.787669617999999, 21.316850940000002, 15.052260279], [5.7984276, 14.291598131999999, 10.045012866], [2.375829414, 8.0872806, 5.231555007], [0.263981046, 4.766917848, 2.515449447]]",0.0,0.0,3679998.79860859,633.272422529559,556.8048829869767,29.0,2266.4158412388397,61.24193548387096,347.1579475567227,0.020817015450786625,49.28472137451172,-124.91667175292969,3.67999879860859
08HB015,1978,1.6169999837875366,8.0,1.100000023841858,2.0,2.365000009536743,,3.906135795956864,"[[-0.193789554, 4.953077892, 2.3796441689999996], [0.29144728200000003, 7.388417484, 3.839932383], [0.8743418460000001, 10.223543399999999, 5.548942622999999], [2.9373613499999998, 13.58815731, 8.26275933], [6.408788400000001, 18.411533532, 12.410160966], [9.517050773999998, 21.406879158000002, 15.461964966], [11.265734465999998, 24.655524516, 17.960629491], [11.563285356, 25.044629526, 18.303957441], [8.787669617999999, 21.316850940000002, 15.052260279], [5.7984276, 14.291598131999999, 10.045012866], [2.375829414, 8.0872806, 5.231555007], [0.263981046, 4.766917848, 2.515449447]]",0.0,0.0,3679998.79860859,633.272422529559,556.8048829869767,29.0,2266.4158412388397,61.24193548387096,347.1579475567227,0.020817015450786625,49.28472137451172,-124.91667175292969,3.67999879860859
08HB015,1980,1.7699999809265137,8.0,1.0360000133514404,12.0,4.269999980926514,,3.906135795956864,"[[-0.193789554, 4.953077892, 2.3796441689999996], [0.29144728200000003, 7.388417484, 3.839932383], [0.8743418460000001, 10.223543399999999, 5.548942622999999], [2.9373613499999998, 13.58815731, 8.26275933], [6.408788400000001, 18.411533532, 12.410160966], [9.517050773999998, 21.406879158000002, 15.461964966], [11.265734465999998, 24.655524516, 17.960629491], [11.563285356, 25.044629526, 18.303957441], [8.787669617999999, 21.316850940000002, 15.052260279], [5.7984276, 14.291598131999999, 10.045012866], [2.375829414, 8.0872806, 5.231555007], [0.263981046, 4.766917848, 2.515449447]]",0.0,0.0,3679998.79860859,633.272422529559,556.8048829869767,29.0,2266.4158412388397,61.24193548387096,347.1579475567227,0.020817015450786625,49.28472137451172,-124.91667175292969,3.67999879860859
08HB015,1981,1.8940000534057613,9.0,1.1540000438690186,11.0,3.5179998874664307,,3.906135795956864,"[[-0.193789554, 4.953077892, 2.3796441689999996], [0.29144728200000003, 7.388417484, 3.839932383], [0.8743418460000001, 10.223543399999999, 5.548942622999999], [2.9373613499999998, 13.58815731, 8.26275933], [6.408788400000001, 18.411533532, 12.410160966], [9.517050773999998, 21.406879158000002, 15.461964966], [11.265734465999998, 24.655524516, 17.960629491], [11.563285356, 25.044629526, 18.303957441], [8.787669617999999, 21.316850940000002, 15.052260279], [5.7984276, 14.291598131999999, 10.045012866], [2.375829414, 8.0872806, 5.231555007], [0.263981046, 4.766917848, 2.515449447]]",0.0,0.0,3679998.79860859,633.272422529559,556.8048829869767,29.0,2266.4158412388397,61.24193548387096,347.1579475567227,0.020817015450786625,49.28472137451172,-124.91667175292969,3.67999879860859
08HB015,1982,1.7489999532699585,10.0,0.8500000238418579,10.0,4.254000186920166,,3.906135795956864,"[[-0.193789554, 4.953077892, 2.3796441689999996], [0.29144728200000003, 7.388417484, 3.839932383], [0.8743418460000001, 10.223543399999999, 5.548942622999999], [2.9373613499999998, 13.58815731, 8.26275933], [6.408788400000001, 18.411533532, 12.410160966], [9.517050773999998, 21.406879158000002, 15.461964966], [11.265734465999998, 24.655524516, 17.960629491], [11.563285356, 25.044629526, 18.303957441], [8.787669617999999, 21.316850940000002, 15.052260279], [5.7984276, 14.291598131999999, 10.045012866], [2.375829414, 8.0872806, 5.231555007], [0.263981046, 4.766917848, 2.515449447]]",0.0,0.0,3679998.79860859,633.272422529559,556.8048829869767,29.0,2266.4158412388397,61.24193548387096,347.1579475567227,0.020817015450786625,49.28472137451172,-124.91667175292969,3.67999879860859
08HB015,1983,1.8630000352859497,10.0,0.859000027179718,11.0,3.9860000610351562,,3.906135795956864,"[[-0.193789554, 4.953077892, 2.3796441689999996], [0.29144728200000003, 7.388417484, 3.839932383], [0.8743418460000001, 10.223543399999999, 5.548942622999999], [2.9373613499999998, 13.58815731, 8.26275933], [6.408788400000001, 18.411533532, 12.410160966], [9.517050773999998, 21.406879158000002, 15.461964966], [11.265734465999998, 24.655524516, 17.960629491], [11.563285356, 25.044629526, 18.303957441], [8.787669617999999, 21.316850940000002, 15.052260279], [5.7984276, 14.291598131999999, 10.045012866], [2.375829414, 8.0872806, 5.231555007], [0.263981046, 4.766917848, 2.515449447]]",0.0,0.0,3679998.79860859,633.272422529559,556.8048829869767,29.0,2266.4158412388397,61.24193548387096,347.1579475567227,0.020817015450786625,49.28472137451172,-124.91667175292969,3.67999879860859
08HB015,1984,1.812999963760376,9.0,0.9160000085830688,10.0,3.5980000495910645,,3.906135795956864,"[[-0.193789554, 4.953077892, 2.3796441689999996], [0.29144728200000003, 7.388417484, 3.839932383], [0.8743418460000001, 10.223543399999999, 5.548942622999999], [2.9373613499999998, 13.58815731, 8.26275933], [6.408788400000001, 18.411533532, 12.410160966], [9.517050773999998, 21.406879158000002, 15.461964966], [11.265734465999998, 24.655524516, 17.960629491], [11.563285356, 25.044629526, 18.303957441], [8.787669617999999, 21.316850940000002, 15.052260279], [5.7984276, 14.291598131999999, 10.045012866], [2.375829414, 8.0872806, 5.231555007], [0.263981046, 4.766917848, 2.515449447]]",0.0,0.0,3679998.79860859,633.272422529559,556.8048829869767,29.0,2266.4158412388397,61.24193548387096,347.1579475567227,0.020817015450786625,49.28472137451172,-124.91667175292969,3.67999879860859
08HB015,1985,1.4450000524520874,10.0,0.8240000009536743,10.0,2.25,,3.906135795956864,"[[-0.193789554, 4.953077892, 2.3796441689999996], [0.29144728200000003, 7.388417484, 3.839932383], [0.8743418460000001, 10.223543399999999, 5.548942622999999], [2.9373613499999998, 13.58815731, 8.26275933], [6.408788400000001, 18.411533532, 12.410160966], [9.517050773999998, 21.406879158000002, 15.461964966], [11.265734465999998, 24.655524516, 17.960629491], [11.563285356, 25.044629526, 18.303957441], [8.787669617999999, 21.316850940000002, 15.052260279], [5.7984276, 14.291598131999999, 10.045012866], [2.375829414, 8.0872806, 5.231555007], [0.263981046, 4.766917848, 2.515449447]]",0.0,0.0,3679998.79860859,633.272422529559,556.8048829869767,29.0,2266.4158412388397,61.24193548387096,347.1579475567227,0.020817015450786625,49.28472137451172,-124.91667175292969,3.67999879860859
08HB015,1986,1.7949999570846558,10.0,0.8799999952316284,1.0,3.424000024795532,,3.906135795956864,"[[-0.193789554, 4.953077892, 2.3796441689999996], [0.29144728200000003, 7.388417484, 3.839932383], [0.8743418460000001, 10.223543399999999, 5.548942622999999], [2.9373613499999998, 13.58815731, 8.26275933], [6.408788400000001, 18.411533532, 12.410160966], [9.517050773999998, 21.406879158000002, 15.461964966], [11.265734465999998, 24.655524516, 17.960629491], [11.563285356, 25.044629526, 18.303957441], [8.787669617999999, 21.316850940000002, 15.052260279], [5.7984276, 14.291598131999999, 10.045012866], [2.375829414, 8.0872806, 5.231555007], [0.263981046, 4.766917848, 2.515449447]]",0.0,0.0,3679998.79860859,633.272422529559,556.8048829869767,29.0,2266.4158412388397,61.24193548387096,347.1579475567227,0.020817015450786625,49.28472137451172,-124.91667175292969,3.67999879860859
08HB015,1987,1.8509999513626096,10.0,0.9100000262260436,1.0,3.690000057220459,,3.906135795956864,"[[-0.193789554, 4.953077892, 2.3796441689999996], [0.29144728200000003, 7.388417484, 3.839932383], [0.8743418460000001, 10.223543399999999, 5.548942622999999], [2.9373613499999998, 13.58815731, 8.26275933], [6.408788400000001, 18.411533532, 12.410160966], [9.517050773999998, 21.406879158000002, 15.461964966], [11.265734465999998, 24.655524516, 17.960629491], [11.563285356, 25.044629526, 18.303957441], [8.787669617999999, 21.316850940000002, 15.052260279], [5.7984276, 14.291598131999999, 10.045012866], [2.375829414, 8.0872806, 5.231555007], [0.263981046, 4.766917848, 2.515449447]]",0.0,0.0,3679998.79860859,633.272422529559,556.8048829869767,29.0,2266.4158412388397,61.24193548387096,347.1579475567227,0.020817015450786625,49.28472137451172,-124.91667175292969,3.67999879860859
08HB015,1988,1.7649999856948853,9.0,1.0099999904632568,11.0,3.059999942779541,,3.906135795956864,"[[-0.193789554, 4.953077892, 2.3796441689999996], [0.29144728200000003, 7.388417484, 3.839932383], [0.8743418460000001, 10.223543399999999, 5.548942622999999], [2.9373613499999998, 13.58815731, 8.26275933], [6.408788400000001, 18.411533532, 12.410160966], [9.517050773999998, 21.406879158000002, 15.461964966], [11.265734465999998, 24.655524516, 17.960629491], [11.563285356, 25.044629526, 18.303957441], [8.787669617999999, 21.316850940000002, 15.052260279], [5.7984276, 14.291598131999999, 10.045012866], [2.375829414, 8.0872806, 5.231555007], [0.263981046, 4.766917848, 2.515449447]]",0.0,0.0,3679998.79860859,633.272422529559,556.8048829869767,29.0,2266.4158412388397,61.24193548387096,347.1579475567227,0.020817015450786625,49.28472137451172,-124.91667175292969,3.67999879860859
08HB015,1989,1.628999948501587,10.0,0.8840000033378601,12.0,2.859999895095825,,3.906135795956864,"[[-0.193789554, 4.953077892, 2.3796441689999996], [0.29144728200000003, 7.388417484, 3.839932383], [0.8743418460000001, 10.223543399999999, 5.548942622999999], [2.9373613499999998, 13.58815731, 8.26275933], [6.408788400000001, 18.411533532, 12.410160966], [9.517050773999998, 21.406879158000002, 15.461964966], [11.265734465999998, 24.655524516, 17.960629491], [11.563285356, 25.044629526, 18.303957441], [8.787669617999999, 21.316850940000002, 15.052260279], [5.7984276, 14.291598131999999, 10.045012866], [2.375829414, 8.0872806, 5.231555007], [0.263981046, 4.766917848, 2.515449447]]",0.0,0.0,3679998.79860859,633.272422529559,556.8048829869767,29.0,2266.4158412388397,61.24193548387096,347.1579475567227,0.020817015450786625,49.28472137451172,-124.91667175292969,3.67999879860859
08HB015,1990,1.7599999904632568,9.0,0.8410000205039978,11.0,3.8499999046325684,,3.906135795956864,"[[-0.193789554, 4.953077892, 2.3796441689999996], [0.29144728200000003, 7.388417484, 3.839932383], [0.8743418460000001, 10.223543399999999, 5.548942622999999], [2.9373613499999998, 13.58815731, 8.26275933], [6.408788400000001, 18.411533532, 12.410160966], [9.517050773999998, 21.406879158000002, 15.461964966], [11.265734465999998, 24.655524516, 17.960629491], [11.563285356, 25.044629526, 18.303957441], [8.787669617999999, 21.316850940000002, 15.052260279], [5.7984276, 14.291598131999999, 10.045012866], [2.375829414, 8.0872806, 5.231555007], [0.263981046, 4.766917848, 2.515449447]]",0.0,0.0,3679998.79860859,633.272422529559,556.8048829869767,29.0,2266.4158412388397,61.24193548387096,347.1579475567227,0.020817015450786625,49.28472137451172,-124.91667175292969,3.67999879860859
08HB015,1991,1.7239999771118164,11.0,0.9760000109672546,2.0,4.114999771118163,,3.906135795956864,"[[-0.193789554, 4.953077892, 2.3796441689999996], [0.29144728200000003, 7.388417484, 3.839932383], [0.8743418460000001, 10.223543399999999, 5.548942622999999], [2.9373613499999998, 13.58815731, 8.26275933], [6.408788400000001, 18.411533532, 12.410160966], [9.517050773999998, 21.406879158000002, 15.461964966], [11.265734465999998, 24.655524516, 17.960629491], [11.563285356, 25.044629526, 18.303957441], [8.787669617999999, 21.316850940000002, 15.052260279], [5.7984276, 14.291598131999999, 10.045012866], [2.375829414, 8.0872806, 5.231555007], [0.263981046, 4.766917848, 2.515449447]]",0.0,0.0,3679998.79860859,633.272422529559,556.8048829869767,29.0,2266.4158412388397,61.24193548387096,347.1579475567227,0.020817015450786625,49.28472137451172,-124.91667175292969,3.67999879860859
08HB015,1992,1.7089999914169312,9.0,0.8180000185966492,2.0,4.860000133514403,,3.906135795956864,"[[-0.193789554, 4.953077892, 2.3796441689999996], [0.29144728200000003, 7.388417484, 3.839932383], [0.8743418460000001, 10.223543399999999, 5.548942622999999], [2.9373613499999998, 13.58815731, 8.26275933], [6.408788400000001, 18.411533532, 12.410160966], [9.517050773999998, 21.406879158000002, 15.461964966], [11.265734465999998, 24.655524516, 17.960629491], [11.563285356, 25.044629526, 18.303957441], [8.787669617999999, 21.316850940000002, 15.052260279], [5.7984276, 14.291598131999999, 10.045012866], [2.375829414, 8.0872806, 5.231555007], [0.263981046, 4.766917848, 2.515449447]]",0.0,0.0,3679998.79860859,633.272422529559,556.8048829869767,29.0,2266.4158412388397,61.24193548387096,347.1579475567227,0.020817015450786625,49.28472137451172,-124.91667175292969,3.67999879860859
08HB015,1993,1.6790000200271606,10.0,1.0499999523162842,12.0,3.911999940872192,,3.906135795956864,"[[-0.193789554, 4.953077892, 2.3796441689999996], [0.29144728200000003, 7.388417484, 3.839932383], [0.8743418460000001, 10.223543399999999, 5.548942622999999], [2.9373613499999998, 13.58815731, 8.26275933], [6.408788400000001, 18.411533532, 12.410160966], [9.517050773999998, 21.406879158000002, 15.461964966], [11.265734465999998, 24.655524516, 17.960629491], [11.563285356, 25.044629526, 18.303957441], [8.787669617999999, 21.316850940000002, 15.052260279], [5.7984276, 14.291598131999999, 10.045012866], [2.375829414, 8.0872806, 5.231555007], [0.263981046, 4.766917848, 2.515449447]]",0.0,0.0,3679998.79860859,633.272422529559,556.8048829869767,29.0,2266.4158412388397,61.24193548387096,347.1579475567227,0.020817015450786625,49.28472137451172,-124.91667175292969,3.67999879860859
08HB015,1994,1.7990000247955322,9.0,1.0779999494552612,3.0,3.8610000610351562,,3.906135795956864,"[[-0.193789554, 4.953077892, 2.3796441689999996], [0.29144728200000003, 7.388417484, 3.839932383], [0.8743418460000001, 10.223543399999999, 5.548942622999999], [2.9373613499999998, 13.58815731, 8.26275933], [6.408788400000001, 18.411533532, 12.410160966], [9.517050773999998, 21.406879158000002, 15.461964966], [11.265734465999998, 24.655524516, 17.960629491], [11.563285356, 25.044629526, 18.303957441], [8.787669617999999, 21.316850940000002, 15.052260279], [5.7984276, 14.291598131999999, 10.045012866], [2.375829414, 8.0872806, 5.231555007], [0.263981046, 4.766917848, 2.515449447]]",0.0,0.0,3679998.79860859,633.272422529559,556.8048829869767,29.0,2266.4158412388397,61.24193548387096,347.1579475567227,0.020817015450786625,49.28472137451172,-124.91667175292969,3.67999879860859
08HB015,1995,1.9869999885559082,9.0,1.1019999980926514,11.0,4.2880001068115225,,3.906135795956864,"[[-0.193789554, 4.953077892, 2.3796441689999996], [0.29144728200000003, 7.388417484, 3.839932383], [0.8743418460000001, 10.223543399999999, 5.548942622999999], [2.9373613499999998, 13.58815731, 8.26275933], [6.408788400000001, 18.411533532, 12.410160966], [9.517050773999998, 21.406879158000002, 15.461964966], [11.265734465999998, 24.655524516, 17.960629491], [11.563285356, 25.044629526, 18.303957441], [8.787669617999999, 21.316850940000002, 15.052260279], [5.7984276, 14.291598131999999, 10.045012866], [2.375829414, 8.0872806, 5.231555007], [0.263981046, 4.766917848, 2.515449447]]",0.0,0.0,3679998.79860859,633.272422529559,556.8048829869767,29.0,2266.4158412388397,61.24193548387096,347.1579475567227,0.020817015450786625,49.28472137451172,-124.91667175292969,3.67999879860859
08HB016,1957,18.700000762939453,2.0,2.609999895095825,12.0,87.80000305175781,293.0,4.8373123509176015,"[[-1.8319979412000003, 3.6966501852, 0.932326122], [-1.2603950520000002, 5.712061546799999, 2.2258332473999998], [-0.8761729283999999, 7.6594176792, 3.3916223754], [1.2167542548, 10.748148507599998, 5.982451381199999], [4.7367049884000005, 15.635307433200001, 10.1860062108], [7.847103625200001, 18.7685946, 13.3078491126], [9.9433877928, 22.0559978688, 15.999692830799999], [10.345310379599999, 22.45364793, 16.399479154799998], [7.6374446904, 18.975201730800002, 13.3063232106], [4.289310521999999, 12.1788342228, 8.2340723724], [0.5481039984, 6.3443953356, 3.446249667], [-1.5313952471999999, 3.4601353751999993, 0.9643700639999997]]",0.0,0.0,98867072.71010749,576.4439224683931,493.37435421802223,29.0,2504.71993141613,468.2862721372786,208.91781330469502,0.7897008796215139,49.39556121826172,-125.0763931274414,98.86707271010752
08HB016,1962,13.800000190734865,6.0,1.559999942779541,12.0,323.0,293.0,4.8373123509176015,"[[-1.8319979412000003, 3.6966501852, 0.932326122], [-1.2603950520000002, 5.712061546799999, 2.2258332473999998], [-0.8761729283999999, 7.6594176792, 3.3916223754], [1.2167542548, 10.748148507599998, 5.982451381199999], [4.7367049884000005, 15.635307433200001, 10.1860062108], [7.847103625200001, 18.7685946, 13.3078491126], [9.9433877928, 22.0559978688, 15.999692830799999], [10.345310379599999, 22.45364793, 16.399479154799998], [7.6374446904, 18.975201730800002, 13.3063232106], [4.289310521999999, 12.1788342228, 8.2340723724], [0.5481039984, 6.3443953356, 3.446249667], [-1.5313952471999999, 3.4601353751999993, 0.9643700639999997]]",0.0,0.0,98867072.71010749,576.4439224683931,493.37435421802223,29.0,2504.71993141613,468.2862721372786,208.91781330469502,0.7897008796215139,49.39556121826172,-125.0763931274414,98.86707271010752
08HB016,1963,16.100000381469727,1.0,1.6699999570846558,2.0,385.0,293.0,4.8373123509176015,"[[-1.8319979412000003, 3.6966501852, 0.932326122], [-1.2603950520000002, 5.712061546799999, 2.2258332473999998], [-0.8761729283999999, 7.6594176792, 3.3916223754], [1.2167542548, 10.748148507599998, 5.982451381199999], [4.7367049884000005, 15.635307433200001, 10.1860062108], [7.847103625200001, 18.7685946, 13.3078491126], [9.9433877928, 22.0559978688, 15.999692830799999], [10.345310379599999, 22.45364793, 16.399479154799998], [7.6374446904, 18.975201730800002, 13.3063232106], [4.289310521999999, 12.1788342228, 8.2340723724], [0.5481039984, 6.3443953356, 3.446249667], [-1.5313952471999999, 3.4601353751999993, 0.9643700639999997]]",0.0,0.0,98867072.71010749,576.4439224683931,493.37435421802223,29.0,2504.71993141613,468.2862721372786,208.91781330469502,0.7897008796215139,49.39556121826172,-125.0763931274414,98.86707271010752
08HB016,1964,9.539999961853027,10.0,1.8999999761581419,1.0,85.5,293.0,4.8373123509176015,"[[-1.8319979412000003, 3.6966501852, 0.932326122], [-1.2603950520000002, 5.712061546799999, 2.2258332473999998], [-0.8761729283999999, 7.6594176792, 3.3916223754], [1.2167542548, 10.748148507599998, 5.982451381199999], [4.7367049884000005, 15.635307433200001, 10.1860062108], [7.847103625200001, 18.7685946, 13.3078491126], [9.9433877928, 22.0559978688, 15.999692830799999], [10.345310379599999, 22.45364793, 16.399479154799998], [7.6374446904, 18.975201730800002, 13.3063232106], [4.289310521999999, 12.1788342228, 8.2340723724], [0.5481039984, 6.3443953356, 3.446249667], [-1.5313952471999999, 3.4601353751999993, 0.9643700639999997]]",0.0,0.0,98867072.71010749,576.4439224683931,493.37435421802223,29.0,2504.71993141613,468.2862721372786,208.91781330469502,0.7897008796215139,49.39556121826172,-125.0763931274414,98.86707271010752
08HB016,1965,9.890000343322754,6.0,1.6200000047683716,10.0,129.0,293.0,4.8373123509176015,"[[-1.8319979412000003, 3.6966501852, 0.932326122], [-1.2603950520000002, 5.712061546799999, 2.2258332473999998], [-0.8761729283999999, 7.6594176792, 3.3916223754], [1.2167542548, 10.748148507599998, 5.982451381199999], [4.7367049884000005, 15.635307433200001, 10.1860062108], [7.847103625200001, 18.7685946, 13.3078491126], [9.9433877928, 22.0559978688, 15.999692830799999], [10.345310379599999, 22.45364793, 16.399479154799998], [7.6374446904, 18.975201730800002, 13.3063232106], [4.289310521999999, 12.1788342228, 8.2340723724], [0.5481039984, 6.3443953356, 3.446249667], [-1.5313952471999999, 3.4601353751999993, 0.9643700639999997]]",0.0,0.0,98867072.71010749,576.4439224683931,493.37435421802223,29.0,2504.71993141613,468.2862721372786,208.91781330469502,0.7897008796215139,49.39556121826172,-125.0763931274414,98.86707271010752
08HB017,2003,5.886000156402588,9.0,5.311999797821045,10.0,8.73900032043457,1280.0,,"[[-2.0742877033846154, 3.4760634445384615, 0.700887870576923], [-1.5321816736153846, 5.289832725692308, 1.8788255260384616], [-1.2934366991538462, 6.8511826029230765, 2.7788729518846154], [0.7336654193076924, 9.681906878538461, 5.207786148923077], [4.2057380432307685, 14.425290622615384, 9.315514332923076], [7.234536136153848, 17.492647085307695, 12.363591610730772], [9.37825238053846, 20.72973080123077, 15.053991590884614], [9.85051904953846, 21.180634842230766, 15.515576945884614], [7.285653853153846, 18.01204065069231, 12.648847251923078], [3.941228800384615, 11.521557805153844, 7.731393302769229], [0.1591633163076923, 5.9107574626153845, 3.0349603894615385], [-1.8348971549999997, 3.225463385307692, 0.6952831151538461]]",0.0025068967077479065,5162267.804166641,1321077565.3427315,556.7755567455594,473.9193454799637,29.0,3518.6240680331703,,,,49.2852783203125,-124.86666870117188,1321.0775653427315
08HB017,1958,147.0,8.0,21.600000381469727,12.0,804.0,1280.0,,"[[-2.0742877033846154, 3.4760634445384615, 0.700887870576923], [-1.5321816736153846, 5.289832725692308, 1.8788255260384616], [-1.2934366991538462, 6.8511826029230765, 2.7788729518846154], [0.7336654193076924, 9.681906878538461, 5.207786148923077], [4.2057380432307685, 14.425290622615384, 9.315514332923076], [7.234536136153848, 17.492647085307695, 12.363591610730772], [9.37825238053846, 20.72973080123077, 15.053991590884614], [9.85051904953846, 21.180634842230766, 15.515576945884614], [7.285653853153846, 18.01204065069231, 12.648847251923078], [3.941228800384615, 11.521557805153844, 7.731393302769229], [0.1591633163076923, 5.9107574626153845, 3.0349603894615385], [-1.8348971549999997, 3.225463385307692, 0.6952831151538461]]",0.0025068967077479065,5162267.804166641,1321077565.3427315,556.7755567455594,473.9193454799637,29.0,3518.6240680331703,,,,49.2852783203125,-124.86666870117188,1321.0775653427315
08HB017,1959,111.0,8.0,31.10000038146973,4.0,374.0,1280.0,,"[[-2.0742877033846154, 3.4760634445384615, 0.700887870576923], [-1.5321816736153846, 5.289832725692308, 1.8788255260384616], [-1.2934366991538462, 6.8511826029230765, 2.7788729518846154], [0.7336654193076924, 9.681906878538461, 5.207786148923077], [4.2057380432307685, 14.425290622615384, 9.315514332923076], [7.234536136153848, 17.492647085307695, 12.363591610730772], [9.37825238053846, 20.72973080123077, 15.053991590884614], [9.85051904953846, 21.180634842230766, 15.515576945884614], [7.285653853153846, 18.01204065069231, 12.648847251923078], [3.941228800384615, 11.521557805153844, 7.731393302769229], [0.1591633163076923, 5.9107574626153845, 3.0349603894615385], [-1.8348971549999997, 3.225463385307692, 0.6952831151538461]]",0.0025068967077479065,5162267.804166641,1321077565.3427315,556.7755567455594,473.9193454799637,29.0,3518.6240680331703,,,,49.2852783203125,-124.86666870117188,1321.0775653427315
08HB017,1960,116.0,9.0,28.899999618530284,12.0,620.0,1280.0,,"[[-2.0742877033846154, 3.4760634445384615, 0.700887870576923], [-1.5321816736153846, 5.289832725692308, 1.8788255260384616], [-1.2934366991538462, 6.8511826029230765, 2.7788729518846154], [0.7336654193076924, 9.681906878538461, 5.207786148923077], [4.2057380432307685, 14.425290622615384, 9.315514332923076], [7.234536136153848, 17.492647085307695, 12.363591610730772], [9.37825238053846, 20.72973080123077, 15.053991590884614], [9.85051904953846, 21.180634842230766, 15.515576945884614], [7.285653853153846, 18.01204065069231, 12.648847251923078], [3.941228800384615, 11.521557805153844, 7.731393302769229], [0.1591633163076923, 5.9107574626153845, 3.0349603894615385], [-1.8348971549999997, 3.225463385307692, 0.6952831151538461]]",0.0025068967077479065,5162267.804166641,1321077565.3427315,556.7755567455594,473.9193454799637,29.0,3518.6240680331703,,,,49.2852783203125,-124.86666870117188,1321.0775653427315
08HB017,1961,138.0,8.0,31.399999618530284,1.0,1100.0,1280.0,,"[[-2.0742877033846154, 3.4760634445384615, 0.700887870576923], [-1.5321816736153846, 5.289832725692308, 1.8788255260384616], [-1.2934366991538462, 6.8511826029230765, 2.7788729518846154], [0.7336654193076924, 9.681906878538461, 5.207786148923077], [4.2057380432307685, 14.425290622615384, 9.315514332923076], [7.234536136153848, 17.492647085307695, 12.363591610730772], [9.37825238053846, 20.72973080123077, 15.053991590884614], [9.85051904953846, 21.180634842230766, 15.515576945884614], [7.285653853153846, 18.01204065069231, 12.648847251923078], [3.941228800384615, 11.521557805153844, 7.731393302769229], [0.1591633163076923, 5.9107574626153845, 3.0349603894615385], [-1.8348971549999997, 3.225463385307692, 0.6952831151538461]]",0.0025068967077479065,5162267.804166641,1321077565.3427315,556.7755567455594,473.9193454799637,29.0,3518.6240680331703,,,,49.2852783203125,-124.86666870117188,1321.0775653427315
08HB017,1962,128.0,8.0,30.60000038146973,12.0,1130.0,1280.0,,"[[-2.0742877033846154, 3.4760634445384615, 0.700887870576923], [-1.5321816736153846, 5.289832725692308, 1.8788255260384616], [-1.2934366991538462, 6.8511826029230765, 2.7788729518846154], [0.7336654193076924, 9.681906878538461, 5.207786148923077], [4.2057380432307685, 14.425290622615384, 9.315514332923076], [7.234536136153848, 17.492647085307695, 12.363591610730772], [9.37825238053846, 20.72973080123077, 15.053991590884614], [9.85051904953846, 21.180634842230766, 15.515576945884614], [7.285653853153846, 18.01204065069231, 12.648847251923078], [3.941228800384615, 11.521557805153844, 7.731393302769229], [0.1591633163076923, 5.9107574626153845, 3.0349603894615385], [-1.8348971549999997, 3.225463385307692, 0.6952831151538461]]",0.0025068967077479065,5162267.804166641,1321077565.3427315,556.7755567455594,473.9193454799637,29.0,3518.6240680331703,,,,49.2852783203125,-124.86666870117188,1321.0775653427315
08HB017,1963,139.0,8.0,22.899999618530284,2.0,1080.0,1280.0,,"[[-2.0742877033846154, 3.4760634445384615, 0.700887870576923], [-1.5321816736153846, 5.289832725692308, 1.8788255260384616], [-1.2934366991538462, 6.8511826029230765, 2.7788729518846154], [0.7336654193076924, 9.681906878538461, 5.207786148923077], [4.2057380432307685, 14.425290622615384, 9.315514332923076], [7.234536136153848, 17.492647085307695, 12.363591610730772], [9.37825238053846, 20.72973080123077, 15.053991590884614], [9.85051904953846, 21.180634842230766, 15.515576945884614], [7.285653853153846, 18.01204065069231, 12.648847251923078], [3.941228800384615, 11.521557805153844, 7.731393302769229], [0.1591633163076923, 5.9107574626153845, 3.0349603894615385], [-1.8348971549999997, 3.225463385307692, 0.6952831151538461]]",0.0025068967077479065,5162267.804166641,1321077565.3427315,556.7755567455594,473.9193454799637,29.0,3518.6240680331703,,,,49.2852783203125,-124.86666870117188,1321.0775653427315
08HB017,1964,110.0,9.0,39.099998474121094,1.0,476.0,1280.0,,"[[-2.0742877033846154, 3.4760634445384615, 0.700887870576923], [-1.5321816736153846, 5.289832725692308, 1.8788255260384616], [-1.2934366991538462, 6.8511826029230765, 2.7788729518846154], [0.7336654193076924, 9.681906878538461, 5.207786148923077], [4.2057380432307685, 14.425290622615384, 9.315514332923076], [7.234536136153848, 17.492647085307695, 12.363591610730772], [9.37825238053846, 20.72973080123077, 15.053991590884614], [9.85051904953846, 21.180634842230766, 15.515576945884614], [7.285653853153846, 18.01204065069231, 12.648847251923078], [3.941228800384615, 11.521557805153844, 7.731393302769229], [0.1591633163076923, 5.9107574626153845, 3.0349603894615385], [-1.8348971549999997, 3.225463385307692, 0.6952831151538461]]",0.0025068967077479065,5162267.804166641,1321077565.3427315,556.7755567455594,473.9193454799637,29.0,3518.6240680331703,,,,49.2852783203125,-124.86666870117188,1321.0775653427315
08HB017,1965,109.0,7.0,26.79999923706055,12.0,524.0,1280.0,,"[[-2.0742877033846154, 3.4760634445384615, 0.700887870576923], [-1.5321816736153846, 5.289832725692308, 1.8788255260384616], [-1.2934366991538462, 6.8511826029230765, 2.7788729518846154], [0.7336654193076924, 9.681906878538461, 5.207786148923077], [4.2057380432307685, 14.425290622615384, 9.315514332923076], [7.234536136153848, 17.492647085307695, 12.363591610730772], [9.37825238053846, 20.72973080123077, 15.053991590884614], [9.85051904953846, 21.180634842230766, 15.515576945884614], [7.285653853153846, 18.01204065069231, 12.648847251923078], [3.941228800384615, 11.521557805153844, 7.731393302769229], [0.1591633163076923, 5.9107574626153845, 3.0349603894615385], [-1.8348971549999997, 3.225463385307692, 0.6952831151538461]]",0.0025068967077479065,5162267.804166641,1321077565.3427315,556.7755567455594,473.9193454799637,29.0,3518.6240680331703,,,,49.2852783203125,-124.86666870117188,1321.0775653427315
08HB017,1966,147.0,9.0,40.5,12.0,651.0,1280.0,,"[[-2.0742877033846154, 3.4760634445384615, 0.700887870576923], [-1.5321816736153846, 5.289832725692308, 1.8788255260384616], [-1.2934366991538462, 6.8511826029230765, 2.7788729518846154], [0.7336654193076924, 9.681906878538461, 5.207786148923077], [4.2057380432307685, 14.425290622615384, 9.315514332923076], [7.234536136153848, 17.492647085307695, 12.363591610730772], [9.37825238053846, 20.72973080123077, 15.053991590884614], [9.85051904953846, 21.180634842230766, 15.515576945884614], [7.285653853153846, 18.01204065069231, 12.648847251923078], [3.941228800384615, 11.521557805153844, 7.731393302769229], [0.1591633163076923, 5.9107574626153845, 3.0349603894615385], [-1.8348971549999997, 3.225463385307692, 0.6952831151538461]]",0.0025068967077479065,5162267.804166641,1321077565.3427315,556.7755567455594,473.9193454799637,29.0,3518.6240680331703,,,,49.2852783203125,-124.86666870117188,1321.0775653427315
08HB017,1967,129.0,8.0,36.79999923706055,10.0,504.0,1280.0,,"[[-2.0742877033846154, 3.4760634445384615, 0.700887870576923], [-1.5321816736153846, 5.289832725692308, 1.8788255260384616], [-1.2934366991538462, 6.8511826029230765, 2.7788729518846154], [0.7336654193076924, 9.681906878538461, 5.207786148923077], [4.2057380432307685, 14.425290622615384, 9.315514332923076], [7.234536136153848, 17.492647085307695, 12.363591610730772], [9.37825238053846, 20.72973080123077, 15.053991590884614], [9.85051904953846, 21.180634842230766, 15.515576945884614], [7.285653853153846, 18.01204065069231, 12.648847251923078], [3.941228800384615, 11.521557805153844, 7.731393302769229], [0.1591633163076923, 5.9107574626153845, 3.0349603894615385], [-1.8348971549999997, 3.225463385307692, 0.6952831151538461]]",0.0025068967077479065,5162267.804166641,1321077565.3427315,556.7755567455594,473.9193454799637,29.0,3518.6240680331703,,,,49.2852783203125,-124.86666870117188,1321.0775653427315
08HB017,1968,160.0,8.0,36.5,1.0,1020.0,1280.0,,"[[-2.0742877033846154, 3.4760634445384615, 0.700887870576923], [-1.5321816736153846, 5.289832725692308, 1.8788255260384616], [-1.2934366991538462, 6.8511826029230765, 2.7788729518846154], [0.7336654193076924, 9.681906878538461, 5.207786148923077], [4.2057380432307685, 14.425290622615384, 9.315514332923076], [7.234536136153848, 17.492647085307695, 12.363591610730772], [9.37825238053846, 20.72973080123077, 15.053991590884614], [9.85051904953846, 21.180634842230766, 15.515576945884614], [7.285653853153846, 18.01204065069231, 12.648847251923078], [3.941228800384615, 11.521557805153844, 7.731393302769229], [0.1591633163076923, 5.9107574626153845, 3.0349603894615385], [-1.8348971549999997, 3.225463385307692, 0.6952831151538461]]",0.0025068967077479065,5162267.804166641,1321077565.3427315,556.7755567455594,473.9193454799637,29.0,3518.6240680331703,,,,49.2852783203125,-124.86666870117188,1321.0775653427315
08HB017,1971,131.0,12.0,52.099998474121094,11.0,671.0,1280.0,,"[[-2.0742877033846154, 3.4760634445384615, 0.700887870576923], [-1.5321816736153846, 5.289832725692308, 1.8788255260384616], [-1.2934366991538462, 6.8511826029230765, 2.7788729518846154], [0.7336654193076924, 9.681906878538461, 5.207786148923077], [4.2057380432307685, 14.425290622615384, 9.315514332923076], [7.234536136153848, 17.492647085307695, 12.363591610730772], [9.37825238053846, 20.72973080123077, 15.053991590884614], [9.85051904953846, 21.180634842230766, 15.515576945884614], [7.285653853153846, 18.01204065069231, 12.648847251923078], [3.941228800384615, 11.521557805153844, 7.731393302769229], [0.1591633163076923, 5.9107574626153845, 3.0349603894615385], [-1.8348971549999997, 3.225463385307692, 0.6952831151538461]]",0.0025068967077479065,5162267.804166641,1321077565.3427315,556.7755567455594,473.9193454799637,29.0,3518.6240680331703,,,,49.2852783203125,-124.86666870117188,1321.0775653427315
08HB017,1972,117.0,10.0,36.20000076293945,3.0,606.0,1280.0,,"[[-2.0742877033846154, 3.4760634445384615, 0.700887870576923], [-1.5321816736153846, 5.289832725692308, 1.8788255260384616], [-1.2934366991538462, 6.8511826029230765, 2.7788729518846154], [0.7336654193076924, 9.681906878538461, 5.207786148923077], [4.2057380432307685, 14.425290622615384, 9.315514332923076], [7.234536136153848, 17.492647085307695, 12.363591610730772], [9.37825238053846, 20.72973080123077, 15.053991590884614], [9.85051904953846, 21.180634842230766, 15.515576945884614], [7.285653853153846, 18.01204065069231, 12.648847251923078], [3.941228800384615, 11.521557805153844, 7.731393302769229], [0.1591633163076923, 5.9107574626153845, 3.0349603894615385], [-1.8348971549999997, 3.225463385307692, 0.6952831151538461]]",0.0025068967077479065,5162267.804166641,1321077565.3427315,556.7755567455594,473.9193454799637,29.0,3518.6240680331703,,,,49.2852783203125,-124.86666870117188,1321.0775653427315
08HB017,1974,145.0,11.0,42.79999923706055,1.0,708.0,1280.0,,"[[-2.0742877033846154, 3.4760634445384615, 0.700887870576923], [-1.5321816736153846, 5.289832725692308, 1.8788255260384616], [-1.2934366991538462, 6.8511826029230765, 2.7788729518846154], [0.7336654193076924, 9.681906878538461, 5.207786148923077], [4.2057380432307685, 14.425290622615384, 9.315514332923076], [7.234536136153848, 17.492647085307695, 12.363591610730772], [9.37825238053846, 20.72973080123077, 15.053991590884614], [9.85051904953846, 21.180634842230766, 15.515576945884614], [7.285653853153846, 18.01204065069231, 12.648847251923078], [3.941228800384615, 11.521557805153844, 7.731393302769229], [0.1591633163076923, 5.9107574626153845, 3.0349603894615385], [-1.8348971549999997, 3.225463385307692, 0.6952831151538461]]",0.0025068967077479065,5162267.804166641,1321077565.3427315,556.7755567455594,473.9193454799637,29.0,3518.6240680331703,,,,49.2852783203125,-124.86666870117188,1321.0775653427315
08HB017,1975,139.0,8.0,31.10000038146973,11.0,980.0,1280.0,,"[[-2.0742877033846154, 3.4760634445384615, 0.700887870576923], [-1.5321816736153846, 5.289832725692308, 1.8788255260384616], [-1.2934366991538462, 6.8511826029230765, 2.7788729518846154], [0.7336654193076924, 9.681906878538461, 5.207786148923077], [4.2057380432307685, 14.425290622615384, 9.315514332923076], [7.234536136153848, 17.492647085307695, 12.363591610730772], [9.37825238053846, 20.72973080123077, 15.053991590884614], [9.85051904953846, 21.180634842230766, 15.515576945884614], [7.285653853153846, 18.01204065069231, 12.648847251923078], [3.941228800384615, 11.521557805153844, 7.731393302769229], [0.1591633163076923, 5.9107574626153845, 3.0349603894615385], [-1.8348971549999997, 3.225463385307692, 0.6952831151538461]]",0.0025068967077479065,5162267.804166641,1321077565.3427315,556.7755567455594,473.9193454799637,29.0,3518.6240680331703,,,,49.2852783203125,-124.86666870117188,1321.0775653427315
08HB017,1976,103.0,10.0,30.899999618530284,12.0,289.0,1280.0,,"[[-2.0742877033846154, 3.4760634445384615, 0.700887870576923], [-1.5321816736153846, 5.289832725692308, 1.8788255260384616], [-1.2934366991538462, 6.8511826029230765, 2.7788729518846154], [0.7336654193076924, 9.681906878538461, 5.207786148923077], [4.2057380432307685, 14.425290622615384, 9.315514332923076], [7.234536136153848, 17.492647085307695, 12.363591610730772], [9.37825238053846, 20.72973080123077, 15.053991590884614], [9.85051904953846, 21.180634842230766, 15.515576945884614], [7.285653853153846, 18.01204065069231, 12.648847251923078], [3.941228800384615, 11.521557805153844, 7.731393302769229], [0.1591633163076923, 5.9107574626153845, 3.0349603894615385], [-1.8348971549999997, 3.225463385307692, 0.6952831151538461]]",0.0025068967077479065,5162267.804166641,1321077565.3427315,556.7755567455594,473.9193454799637,29.0,3518.6240680331703,,,,49.2852783203125,-124.86666870117188,1321.0775653427315
08HB017,1977,111.0,8.0,28.29999923706055,11.0,479.0,1280.0,,"[[-2.0742877033846154, 3.4760634445384615, 0.700887870576923], [-1.5321816736153846, 5.289832725692308, 1.8788255260384616], [-1.2934366991538462, 6.8511826029230765, 2.7788729518846154], [0.7336654193076924, 9.681906878538461, 5.207786148923077], [4.2057380432307685, 14.425290622615384, 9.315514332923076], [7.234536136153848, 17.492647085307695, 12.363591610730772], [9.37825238053846, 20.72973080123077, 15.053991590884614], [9.85051904953846, 21.180634842230766, 15.515576945884614], [7.285653853153846, 18.01204065069231, 12.648847251923078], [3.941228800384615, 11.521557805153844, 7.731393302769229], [0.1591633163076923, 5.9107574626153845, 3.0349603894615385], [-1.8348971549999997, 3.225463385307692, 0.6952831151538461]]",0.0025068967077479065,5162267.804166641,1321077565.3427315,556.7755567455594,473.9193454799637,29.0,3518.6240680331703,,,,49.2852783203125,-124.86666870117188,1321.0775653427315
08HB017,1978,92.5999984741211,8.0,32.0,2.0,279.0,1280.0,,"[[-2.0742877033846154, 3.4760634445384615, 0.700887870576923], [-1.5321816736153846, 5.289832725692308, 1.8788255260384616], [-1.2934366991538462, 6.8511826029230765, 2.7788729518846154], [0.7336654193076924, 9.681906878538461, 5.207786148923077], [4.2057380432307685, 14.425290622615384, 9.315514332923076], [7.234536136153848, 17.492647085307695, 12.363591610730772], [9.37825238053846, 20.72973080123077, 15.053991590884614], [9.85051904953846, 21.180634842230766, 15.515576945884614], [7.285653853153846, 18.01204065069231, 12.648847251923078], [3.941228800384615, 11.521557805153844, 7.731393302769229], [0.1591633163076923, 5.9107574626153845, 3.0349603894615385], [-1.8348971549999997, 3.225463385307692, 0.6952831151538461]]",0.0025068967077479065,5162267.804166641,1321077565.3427315,556.7755567455594,473.9193454799637,29.0,3518.6240680331703,,,,49.2852783203125,-124.86666870117188,1321.0775653427315
08HB017,1979,112.0,8.0,38.5,12.0,682.0,1280.0,,"[[-2.0742877033846154, 3.4760634445384615, 0.700887870576923], [-1.5321816736153846, 5.289832725692308, 1.8788255260384616], [-1.2934366991538462, 6.8511826029230765, 2.7788729518846154], [0.7336654193076924, 9.681906878538461, 5.207786148923077], [4.2057380432307685, 14.425290622615384, 9.315514332923076], [7.234536136153848, 17.492647085307695, 12.363591610730772], [9.37825238053846, 20.72973080123077, 15.053991590884614], [9.85051904953846, 21.180634842230766, 15.515576945884614], [7.285653853153846, 18.01204065069231, 12.648847251923078], [3.941228800384615, 11.521557805153844, 7.731393302769229], [0.1591633163076923, 5.9107574626153845, 3.0349603894615385], [-1.8348971549999997, 3.225463385307692, 0.6952831151538461]]",0.0025068967077479065,5162267.804166641,1321077565.3427315,556.7755567455594,473.9193454799637,29.0,3518.6240680331703,,,,49.2852783203125,-124.86666870117188,1321.0775653427315
08HB017,1980,125.0,8.0,39.5,12.0,928.0,1280.0,,"[[-2.0742877033846154, 3.4760634445384615, 0.700887870576923], [-1.5321816736153846, 5.289832725692308, 1.8788255260384616], [-1.2934366991538462, 6.8511826029230765, 2.7788729518846154], [0.7336654193076924, 9.681906878538461, 5.207786148923077], [4.2057380432307685, 14.425290622615384, 9.315514332923076], [7.234536136153848, 17.492647085307695, 12.363591610730772], [9.37825238053846, 20.72973080123077, 15.053991590884614], [9.85051904953846, 21.180634842230766, 15.515576945884614], [7.285653853153846, 18.01204065069231, 12.648847251923078], [3.941228800384615, 11.521557805153844, 7.731393302769229], [0.1591633163076923, 5.9107574626153845, 3.0349603894615385], [-1.8348971549999997, 3.225463385307692, 0.6952831151538461]]",0.0025068967077479065,5162267.804166641,1321077565.3427315,556.7755567455594,473.9193454799637,29.0,3518.6240680331703,,,,49.2852783203125,-124.86666870117188,1321.0775653427315
08HB017,1981,132.0,8.0,28.5,11.0,752.0,1280.0,,"[[-2.0742877033846154, 3.4760634445384615, 0.700887870576923], [-1.5321816736153846, 5.289832725692308, 1.8788255260384616], [-1.2934366991538462, 6.8511826029230765, 2.7788729518846154], [0.7336654193076924, 9.681906878538461, 5.207786148923077], [4.2057380432307685, 14.425290622615384, 9.315514332923076], [7.234536136153848, 17.492647085307695, 12.363591610730772], [9.37825238053846, 20.72973080123077, 15.053991590884614], [9.85051904953846, 21.180634842230766, 15.515576945884614], [7.285653853153846, 18.01204065069231, 12.648847251923078], [3.941228800384615, 11.521557805153844, 7.731393302769229], [0.1591633163076923, 5.9107574626153845, 3.0349603894615385], [-1.8348971549999997, 3.225463385307692, 0.6952831151538461]]",0.0025068967077479065,5162267.804166641,1321077565.3427315,556.7755567455594,473.9193454799637,29.0,3518.6240680331703,,,,49.2852783203125,-124.86666870117188,1321.0775653427315
08HB017,1982,127.0,9.0,39.5,10.0,809.0,1280.0,,"[[-2.0742877033846154, 3.4760634445384615, 0.700887870576923], [-1.5321816736153846, 5.289832725692308, 1.8788255260384616], [-1.2934366991538462, 6.8511826029230765, 2.7788729518846154], [0.7336654193076924, 9.681906878538461, 5.207786148923077], [4.2057380432307685, 14.425290622615384, 9.315514332923076], [7.234536136153848, 17.492647085307695, 12.363591610730772], [9.37825238053846, 20.72973080123077, 15.053991590884614], [9.85051904953846, 21.180634842230766, 15.515576945884614], [7.285653853153846, 18.01204065069231, 12.648847251923078], [3.941228800384615, 11.521557805153844, 7.731393302769229], [0.1591633163076923, 5.9107574626153845, 3.0349603894615385], [-1.8348971549999997, 3.225463385307692, 0.6952831151538461]]",0.0025068967077479065,5162267.804166641,1321077565.3427315,556.7755567455594,473.9193454799637,29.0,3518.6240680331703,,,,49.2852783203125,-124.86666870117188,1321.0775653427315
08HB017,1983,153.0,10.0,37.900001525878906,11.0,734.0,1280.0,,"[[-2.0742877033846154, 3.4760634445384615, 0.700887870576923], [-1.5321816736153846, 5.289832725692308, 1.8788255260384616], [-1.2934366991538462, 6.8511826029230765, 2.7788729518846154], [0.7336654193076924, 9.681906878538461, 5.207786148923077], [4.2057380432307685, 14.425290622615384, 9.315514332923076], [7.234536136153848, 17.492647085307695, 12.363591610730772], [9.37825238053846, 20.72973080123077, 15.053991590884614], [9.85051904953846, 21.180634842230766, 15.515576945884614], [7.285653853153846, 18.01204065069231, 12.648847251923078], [3.941228800384615, 11.521557805153844, 7.731393302769229], [0.1591633163076923, 5.9107574626153845, 3.0349603894615385], [-1.8348971549999997, 3.225463385307692, 0.6952831151538461]]",0.0025068967077479065,5162267.804166641,1321077565.3427315,556.7755567455594,473.9193454799637,29.0,3518.6240680331703,,,,49.2852783203125,-124.86666870117188,1321.0775653427315
08HB017,1984,126.0,8.0,29.899999618530284,10.0,598.0,1280.0,,"[[-2.0742877033846154, 3.4760634445384615, 0.700887870576923], [-1.5321816736153846, 5.289832725692308, 1.8788255260384616], [-1.2934366991538462, 6.8511826029230765, 2.7788729518846154], [0.7336654193076924, 9.681906878538461, 5.207786148923077], [4.2057380432307685, 14.425290622615384, 9.315514332923076], [7.234536136153848, 17.492647085307695, 12.363591610730772], [9.37825238053846, 20.72973080123077, 15.053991590884614], [9.85051904953846, 21.180634842230766, 15.515576945884614], [7.285653853153846, 18.01204065069231, 12.648847251923078], [3.941228800384615, 11.521557805153844, 7.731393302769229], [0.1591633163076923, 5.9107574626153845, 3.0349603894615385], [-1.8348971549999997, 3.225463385307692, 0.6952831151538461]]",0.0025068967077479065,5162267.804166641,1321077565.3427315,556.7755567455594,473.9193454799637,29.0,3518.6240680331703,,,,49.2852783203125,-124.86666870117188,1321.0775653427315
08HB017,1985,60.5,9.0,23.70000076293945,10.0,254.0,1280.0,,"[[-2.0742877033846154, 3.4760634445384615, 0.700887870576923], [-1.5321816736153846, 5.289832725692308, 1.8788255260384616], [-1.2934366991538462, 6.8511826029230765, 2.7788729518846154], [0.7336654193076924, 9.681906878538461, 5.207786148923077], [4.2057380432307685, 14.425290622615384, 9.315514332923076], [7.234536136153848, 17.492647085307695, 12.363591610730772], [9.37825238053846, 20.72973080123077, 15.053991590884614], [9.85051904953846, 21.180634842230766, 15.515576945884614], [7.285653853153846, 18.01204065069231, 12.648847251923078], [3.941228800384615, 11.521557805153844, 7.731393302769229], [0.1591633163076923, 5.9107574626153845, 3.0349603894615385], [-1.8348971549999997, 3.225463385307692, 0.6952831151538461]]",0.0025068967077479065,5162267.804166641,1321077565.3427315,556.7755567455594,473.9193454799637,29.0,3518.6240680331703,,,,49.2852783203125,-124.86666870117188,1321.0775653427315
08HB017,1986,124.0,10.0,26.0,1.0,631.0,1280.0,,"[[-2.0742877033846154, 3.4760634445384615, 0.700887870576923], [-1.5321816736153846, 5.289832725692308, 1.8788255260384616], [-1.2934366991538462, 6.8511826029230765, 2.7788729518846154], [0.7336654193076924, 9.681906878538461, 5.207786148923077], [4.2057380432307685, 14.425290622615384, 9.315514332923076], [7.234536136153848, 17.492647085307695, 12.363591610730772], [9.37825238053846, 20.72973080123077, 15.053991590884614], [9.85051904953846, 21.180634842230766, 15.515576945884614], [7.285653853153846, 18.01204065069231, 12.648847251923078], [3.941228800384615, 11.521557805153844, 7.731393302769229], [0.1591633163076923, 5.9107574626153845, 3.0349603894615385], [-1.8348971549999997, 3.225463385307692, 0.6952831151538461]]",0.0025068967077479065,5162267.804166641,1321077565.3427315,556.7755567455594,473.9193454799637,29.0,3518.6240680331703,,,,49.2852783203125,-124.86666870117188,1321.0775653427315
08HB017,1987,133.0,9.0,21.5,3.0,692.0,1280.0,,"[[-2.0742877033846154, 3.4760634445384615, 0.700887870576923], [-1.5321816736153846, 5.289832725692308, 1.8788255260384616], [-1.2934366991538462, 6.8511826029230765, 2.7788729518846154], [0.7336654193076924, 9.681906878538461, 5.207786148923077], [4.2057380432307685, 14.425290622615384, 9.315514332923076], [7.234536136153848, 17.492647085307695, 12.363591610730772], [9.37825238053846, 20.72973080123077, 15.053991590884614], [9.85051904953846, 21.180634842230766, 15.515576945884614], [7.285653853153846, 18.01204065069231, 12.648847251923078], [3.941228800384615, 11.521557805153844, 7.731393302769229], [0.1591633163076923, 5.9107574626153845, 3.0349603894615385], [-1.8348971549999997, 3.225463385307692, 0.6952831151538461]]",0.0025068967077479065,5162267.804166641,1321077565.3427315,556.7755567455594,473.9193454799637,29.0,3518.6240680331703,,,,49.2852783203125,-124.86666870117188,1321.0775653427315
08HB017,1988,111.0,9.0,25.60000038146973,11.0,420.0,1280.0,,"[[-2.0742877033846154, 3.4760634445384615, 0.700887870576923], [-1.5321816736153846, 5.289832725692308, 1.8788255260384616], [-1.2934366991538462, 6.8511826029230765, 2.7788729518846154], [0.7336654193076924, 9.681906878538461, 5.207786148923077], [4.2057380432307685, 14.425290622615384, 9.315514332923076], [7.234536136153848, 17.492647085307695, 12.363591610730772], [9.37825238053846, 20.72973080123077, 15.053991590884614], [9.85051904953846, 21.180634842230766, 15.515576945884614], [7.285653853153846, 18.01204065069231, 12.648847251923078], [3.941228800384615, 11.521557805153844, 7.731393302769229], [0.1591633163076923, 5.9107574626153845, 3.0349603894615385], [-1.8348971549999997, 3.225463385307692, 0.6952831151538461]]",0.0025068967077479065,5162267.804166641,1321077565.3427315,556.7755567455594,473.9193454799637,29.0,3518.6240680331703,,,,49.2852783203125,-124.86666870117188,1321.0775653427315
08HB017,1989,87.30000305175781,9.0,17.5,12.0,435.0,1280.0,,"[[-2.0742877033846154, 3.4760634445384615, 0.700887870576923], [-1.5321816736153846, 5.289832725692308, 1.8788255260384616], [-1.2934366991538462, 6.8511826029230765, 2.7788729518846154], [0.7336654193076924, 9.681906878538461, 5.207786148923077], [4.2057380432307685, 14.425290622615384, 9.315514332923076], [7.234536136153848, 17.492647085307695, 12.363591610730772], [9.37825238053846, 20.72973080123077, 15.053991590884614], [9.85051904953846, 21.180634842230766, 15.515576945884614], [7.285653853153846, 18.01204065069231, 12.648847251923078], [3.941228800384615, 11.521557805153844, 7.731393302769229], [0.1591633163076923, 5.9107574626153845, 3.0349603894615385], [-1.8348971549999997, 3.225463385307692, 0.6952831151538461]]",0.0025068967077479065,5162267.804166641,1321077565.3427315,556.7755567455594,473.9193454799637,29.0,3518.6240680331703,,,,49.2852783203125,-124.86666870117188,1321.0775653427315
08HB017,1990,115.0,10.0,24.79999923706055,11.0,771.0,1280.0,,"[[-2.0742877033846154, 3.4760634445384615, 0.700887870576923], [-1.5321816736153846, 5.289832725692308, 1.8788255260384616], [-1.2934366991538462, 6.8511826029230765, 2.7788729518846154], [0.7336654193076924, 9.681906878538461, 5.207786148923077], [4.2057380432307685, 14.425290622615384, 9.315514332923076], [7.234536136153848, 17.492647085307695, 12.363591610730772], [9.37825238053846, 20.72973080123077, 15.053991590884614], [9.85051904953846, 21.180634842230766, 15.515576945884614], [7.285653853153846, 18.01204065069231, 12.648847251923078], [3.941228800384615, 11.521557805153844, 7.731393302769229], [0.1591633163076923, 5.9107574626153845, 3.0349603894615385], [-1.8348971549999997, 3.225463385307692, 0.6952831151538461]]",0.0025068967077479065,5162267.804166641,1321077565.3427315,556.7755567455594,473.9193454799637,29.0,3518.6240680331703,,,,49.2852783203125,-124.86666870117188,1321.0775653427315
08HB017,1991,106.0,7.0,23.899999618530284,2.0,751.0,1280.0,,"[[-2.0742877033846154, 3.4760634445384615, 0.700887870576923], [-1.5321816736153846, 5.289832725692308, 1.8788255260384616], [-1.2934366991538462, 6.8511826029230765, 2.7788729518846154], [0.7336654193076924, 9.681906878538461, 5.207786148923077], [4.2057380432307685, 14.425290622615384, 9.315514332923076], [7.234536136153848, 17.492647085307695, 12.363591610730772], [9.37825238053846, 20.72973080123077, 15.053991590884614], [9.85051904953846, 21.180634842230766, 15.515576945884614], [7.285653853153846, 18.01204065069231, 12.648847251923078], [3.941228800384615, 11.521557805153844, 7.731393302769229], [0.1591633163076923, 5.9107574626153845, 3.0349603894615385], [-1.8348971549999997, 3.225463385307692, 0.6952831151538461]]",0.0025068967077479065,5162267.804166641,1321077565.3427315,556.7755567455594,473.9193454799637,29.0,3518.6240680331703,,,,49.2852783203125,-124.86666870117188,1321.0775653427315
08HB017,1992,108.0,10.0,20.89999961853028,2.0,853.0,1280.0,,"[[-2.0742877033846154, 3.4760634445384615, 0.700887870576923], [-1.5321816736153846, 5.289832725692308, 1.8788255260384616], [-1.2934366991538462, 6.8511826029230765, 2.7788729518846154], [0.7336654193076924, 9.681906878538461, 5.207786148923077], [4.2057380432307685, 14.425290622615384, 9.315514332923076], [7.234536136153848, 17.492647085307695, 12.363591610730772], [9.37825238053846, 20.72973080123077, 15.053991590884614], [9.85051904953846, 21.180634842230766, 15.515576945884614], [7.285653853153846, 18.01204065069231, 12.648847251923078], [3.941228800384615, 11.521557805153844, 7.731393302769229], [0.1591633163076923, 5.9107574626153845, 3.0349603894615385], [-1.8348971549999997, 3.225463385307692, 0.6952831151538461]]",0.0025068967077479065,5162267.804166641,1321077565.3427315,556.7755567455594,473.9193454799637,29.0,3518.6240680331703,,,,49.2852783203125,-124.86666870117188,1321.0775653427315
08HB017,1993,93.8000030517578,10.0,23.10000038146973,3.0,430.0,1280.0,,"[[-2.0742877033846154, 3.4760634445384615, 0.700887870576923], [-1.5321816736153846, 5.289832725692308, 1.8788255260384616], [-1.2934366991538462, 6.8511826029230765, 2.7788729518846154], [0.7336654193076924, 9.681906878538461, 5.207786148923077], [4.2057380432307685, 14.425290622615384, 9.315514332923076], [7.234536136153848, 17.492647085307695, 12.363591610730772], [9.37825238053846, 20.72973080123077, 15.053991590884614], [9.85051904953846, 21.180634842230766, 15.515576945884614], [7.285653853153846, 18.01204065069231, 12.648847251923078], [3.941228800384615, 11.521557805153844, 7.731393302769229], [0.1591633163076923, 5.9107574626153845, 3.0349603894615385], [-1.8348971549999997, 3.225463385307692, 0.6952831151538461]]",0.0025068967077479065,5162267.804166641,1321077565.3427315,556.7755567455594,473.9193454799637,29.0,3518.6240680331703,,,,49.2852783203125,-124.86666870117188,1321.0775653427315
08HB017,1994,116.0,9.0,25.20000076293945,3.0,747.0,1280.0,,"[[-2.0742877033846154, 3.4760634445384615, 0.700887870576923], [-1.5321816736153846, 5.289832725692308, 1.8788255260384616], [-1.2934366991538462, 6.8511826029230765, 2.7788729518846154], [0.7336654193076924, 9.681906878538461, 5.207786148923077], [4.2057380432307685, 14.425290622615384, 9.315514332923076], [7.234536136153848, 17.492647085307695, 12.363591610730772], [9.37825238053846, 20.72973080123077, 15.053991590884614], [9.85051904953846, 21.180634842230766, 15.515576945884614], [7.285653853153846, 18.01204065069231, 12.648847251923078], [3.941228800384615, 11.521557805153844, 7.731393302769229], [0.1591633163076923, 5.9107574626153845, 3.0349603894615385], [-1.8348971549999997, 3.225463385307692, 0.6952831151538461]]",0.0025068967077479065,5162267.804166641,1321077565.3427315,556.7755567455594,473.9193454799637,29.0,3518.6240680331703,,,,49.2852783203125,-124.86666870117188,1321.0775653427315
08HB017,1995,157.0,9.0,20.89999961853028,11.0,926.0,1280.0,,"[[-2.0742877033846154, 3.4760634445384615, 0.700887870576923], [-1.5321816736153846, 5.289832725692308, 1.8788255260384616], [-1.2934366991538462, 6.8511826029230765, 2.7788729518846154], [0.7336654193076924, 9.681906878538461, 5.207786148923077], [4.2057380432307685, 14.425290622615384, 9.315514332923076], [7.234536136153848, 17.492647085307695, 12.363591610730772], [9.37825238053846, 20.72973080123077, 15.053991590884614], [9.85051904953846, 21.180634842230766, 15.515576945884614], [7.285653853153846, 18.01204065069231, 12.648847251923078], [3.941228800384615, 11.521557805153844, 7.731393302769229], [0.1591633163076923, 5.9107574626153845, 3.0349603894615385], [-1.8348971549999997, 3.225463385307692, 0.6952831151538461]]",0.0025068967077479065,5162267.804166641,1321077565.3427315,556.7755567455594,473.9193454799637,29.0,3518.6240680331703,,,,49.2852783203125,-124.86666870117188,1321.0775653427315
08HB017,1996,110.0,8.0,20.299999237060547,1.0,434.0,1280.0,,"[[-2.0742877033846154, 3.4760634445384615, 0.700887870576923], [-1.5321816736153846, 5.289832725692308, 1.8788255260384616], [-1.2934366991538462, 6.8511826029230765, 2.7788729518846154], [0.7336654193076924, 9.681906878538461, 5.207786148923077], [4.2057380432307685, 14.425290622615384, 9.315514332923076], [7.234536136153848, 17.492647085307695, 12.363591610730772], [9.37825238053846, 20.72973080123077, 15.053991590884614], [9.85051904953846, 21.180634842230766, 15.515576945884614], [7.285653853153846, 18.01204065069231, 12.648847251923078], [3.941228800384615, 11.521557805153844, 7.731393302769229], [0.1591633163076923, 5.9107574626153845, 3.0349603894615385], [-1.8348971549999997, 3.225463385307692, 0.6952831151538461]]",0.0025068967077479065,5162267.804166641,1321077565.3427315,556.7755567455594,473.9193454799637,29.0,3518.6240680331703,,,,49.2852783203125,-124.86666870117188,1321.0775653427315
08HB017,1997,173.0,8.0,24.0,10.0,621.0,1280.0,,"[[-2.0742877033846154, 3.4760634445384615, 0.700887870576923], [-1.5321816736153846, 5.289832725692308, 1.8788255260384616], [-1.2934366991538462, 6.8511826029230765, 2.7788729518846154], [0.7336654193076924, 9.681906878538461, 5.207786148923077], [4.2057380432307685, 14.425290622615384, 9.315514332923076], [7.234536136153848, 17.492647085307695, 12.363591610730772], [9.37825238053846, 20.72973080123077, 15.053991590884614], [9.85051904953846, 21.180634842230766, 15.515576945884614], [7.285653853153846, 18.01204065069231, 12.648847251923078], [3.941228800384615, 11.521557805153844, 7.731393302769229], [0.1591633163076923, 5.9107574626153845, 3.0349603894615385], [-1.8348971549999997, 3.225463385307692, 0.6952831151538461]]",0.0025068967077479065,5162267.804166641,1321077565.3427315,556.7755567455594,473.9193454799637,29.0,3518.6240680331703,,,,49.2852783203125,-124.86666870117188,1321.0775653427315
08HB017,1998,134.0,9.0,22.299999237060547,1.0,723.0,1280.0,,"[[-2.0742877033846154, 3.4760634445384615, 0.700887870576923], [-1.5321816736153846, 5.289832725692308, 1.8788255260384616], [-1.2934366991538462, 6.8511826029230765, 2.7788729518846154], [0.7336654193076924, 9.681906878538461, 5.207786148923077], [4.2057380432307685, 14.425290622615384, 9.315514332923076], [7.234536136153848, 17.492647085307695, 12.363591610730772], [9.37825238053846, 20.72973080123077, 15.053991590884614], [9.85051904953846, 21.180634842230766, 15.515576945884614], [7.285653853153846, 18.01204065069231, 12.648847251923078], [3.941228800384615, 11.521557805153844, 7.731393302769229], [0.1591633163076923, 5.9107574626153845, 3.0349603894615385], [-1.8348971549999997, 3.225463385307692, 0.6952831151538461]]",0.0025068967077479065,5162267.804166641,1321077565.3427315,556.7755567455594,473.9193454799637,29.0,3518.6240680331703,,,,49.2852783203125,-124.86666870117188,1321.0775653427315
08HB017,1999,158.0,10.0,42.20000076293945,11.0,551.0,1280.0,,"[[-2.0742877033846154, 3.4760634445384615, 0.700887870576923], [-1.5321816736153846, 5.289832725692308, 1.8788255260384616], [-1.2934366991538462, 6.8511826029230765, 2.7788729518846154], [0.7336654193076924, 9.681906878538461, 5.207786148923077], [4.2057380432307685, 14.425290622615384, 9.315514332923076], [7.234536136153848, 17.492647085307695, 12.363591610730772], [9.37825238053846, 20.72973080123077, 15.053991590884614], [9.85051904953846, 21.180634842230766, 15.515576945884614], [7.285653853153846, 18.01204065069231, 12.648847251923078], [3.941228800384615, 11.521557805153844, 7.731393302769229], [0.1591633163076923, 5.9107574626153845, 3.0349603894615385], [-1.8348971549999997, 3.225463385307692, 0.6952831151538461]]",0.0025068967077479065,5162267.804166641,1321077565.3427315,556.7755567455594,473.9193454799637,29.0,3518.6240680331703,,,,49.2852783203125,-124.86666870117188,1321.0775653427315
08HB017,2000,98.5999984741211,10.0,24.0,10.0,307.0,1280.0,,"[[-2.0742877033846154, 3.4760634445384615, 0.700887870576923], [-1.5321816736153846, 5.289832725692308, 1.8788255260384616], [-1.2934366991538462, 6.8511826029230765, 2.7788729518846154], [0.7336654193076924, 9.681906878538461, 5.207786148923077], [4.2057380432307685, 14.425290622615384, 9.315514332923076], [7.234536136153848, 17.492647085307695, 12.363591610730772], [9.37825238053846, 20.72973080123077, 15.053991590884614], [9.85051904953846, 21.180634842230766, 15.515576945884614], [7.285653853153846, 18.01204065069231, 12.648847251923078], [3.941228800384615, 11.521557805153844, 7.731393302769229], [0.1591633163076923, 5.9107574626153845, 3.0349603894615385], [-1.8348971549999997, 3.225463385307692, 0.6952831151538461]]",0.0025068967077479065,5162267.804166641,1321077565.3427315,556.7755567455594,473.9193454799637,29.0,3518.6240680331703,,,,49.2852783203125,-124.86666870117188,1321.0775653427315
08HB017,2001,105.0,8.0,27.0,11.0,703.0,1280.0,,"[[-2.0742877033846154, 3.4760634445384615, 0.700887870576923], [-1.5321816736153846, 5.289832725692308, 1.8788255260384616], [-1.2934366991538462, 6.8511826029230765, 2.7788729518846154], [0.7336654193076924, 9.681906878538461, 5.207786148923077], [4.2057380432307685, 14.425290622615384, 9.315514332923076], [7.234536136153848, 17.492647085307695, 12.363591610730772], [9.37825238053846, 20.72973080123077, 15.053991590884614], [9.85051904953846, 21.180634842230766, 15.515576945884614], [7.285653853153846, 18.01204065069231, 12.648847251923078], [3.941228800384615, 11.521557805153844, 7.731393302769229], [0.1591633163076923, 5.9107574626153845, 3.0349603894615385], [-1.8348971549999997, 3.225463385307692, 0.6952831151538461]]",0.0025068967077479065,5162267.804166641,1321077565.3427315,556.7755567455594,473.9193454799637,29.0,3518.6240680331703,,,,49.2852783203125,-124.86666870117188,1321.0775653427315
08HB017,2002,114.0,11.0,14.5,1.0,821.0,1280.0,,"[[-2.0742877033846154, 3.4760634445384615, 0.700887870576923], [-1.5321816736153846, 5.289832725692308, 1.8788255260384616], [-1.2934366991538462, 6.8511826029230765, 2.7788729518846154], [0.7336654193076924, 9.681906878538461, 5.207786148923077], [4.2057380432307685, 14.425290622615384, 9.315514332923076], [7.234536136153848, 17.492647085307695, 12.363591610730772], [9.37825238053846, 20.72973080123077, 15.053991590884614], [9.85051904953846, 21.180634842230766, 15.515576945884614], [7.285653853153846, 18.01204065069231, 12.648847251923078], [3.941228800384615, 11.521557805153844, 7.731393302769229], [0.1591633163076923, 5.9107574626153845, 3.0349603894615385], [-1.8348971549999997, 3.225463385307692, 0.6952831151538461]]",0.0025068967077479065,5162267.804166641,1321077565.3427315,556.7755567455594,473.9193454799637,29.0,3518.6240680331703,,,,49.2852783203125,-124.86666870117188,1321.0775653427315
08HB023,2011,1.0019999742507937,9.0,0.6700000166893005,11.0,2.1300001144409184,387.0,0.7674816140248889,"[[-0.7980467459999999, 4.545662058, 1.8738076559999999], [-0.291447282, 6.85892949, 3.283741104], [0.27008465400000004, 9.456014693999998, 4.863049673999999], [2.384984826, 12.825206309999999, 7.605095567999999], [5.915922054, 17.747766162, 11.831844108], [9.059280174, 20.845347222, 14.952313698000001], [10.945295045999998, 24.119932914, 17.53261398], [11.241320034, 24.464786766, 17.8530534], [8.412297725999998, 20.671394394, 14.54184606], [5.247576978, 13.624778957999998, 9.436177967999999], [1.719691554, 7.533378174, 4.626534864], [-0.38910501, 4.344242994, 1.9775689920000001]]",0.0,0.0,102375.48319907766,617.4743826260366,537.5184525602178,29.0,2281.0380859375,72.125,122.38015320527205,0.4189639503418203,49.36991882324219,-124.9841079711914,0.10237548319907766
08HB023,2012,1.0010000467300415,8.0,0.652999997138977,1.0,2.7330000400543213,387.0,0.7674816140248889,"[[-0.7980467459999999, 4.545662058, 1.8738076559999999], [-0.291447282, 6.85892949, 3.283741104], [0.27008465400000004, 9.456014693999998, 4.863049673999999], [2.384984826, 12.825206309999999, 7.605095567999999], [5.915922054, 17.747766162, 11.831844108], [9.059280174, 20.845347222, 14.952313698000001], [10.945295045999998, 24.119932914, 17.53261398], [11.241320034, 24.464786766, 17.8530534], [8.412297725999998, 20.671394394, 14.54184606], [5.247576978, 13.624778957999998, 9.436177967999999], [1.719691554, 7.533378174, 4.626534864], [-0.38910501, 4.344242994, 1.9775689920000001]]",0.0,0.0,102375.48319907766,617.4743826260366,537.5184525602178,29.0,2281.0380859375,72.125,122.38015320527205,0.4189639503418203,49.36991882324219,-124.9841079711914,0.10237548319907766
08HB023,2013,0.8529999852180481,7.0,0.6510000228881836,5.0,1.5080000162124634,387.0,0.7674816140248889,"[[-0.7980467459999999, 4.545662058, 1.8738076559999999], [-0.291447282, 6.85892949, 3.283741104], [0.27008465400000004, 9.456014693999998, 4.863049673999999], [2.384984826, 12.825206309999999, 7.605095567999999], [5.915922054, 17.747766162, 11.831844108], [9.059280174, 20.845347222, 14.952313698000001], [10.945295045999998, 24.119932914, 17.53261398], [11.241320034, 24.464786766, 17.8530534], [8.412297725999998, 20.671394394, 14.54184606], [5.247576978, 13.624778957999998, 9.436177967999999], [1.719691554, 7.533378174, 4.626534864], [-0.38910501, 4.344242994, 1.9775689920000001]]",0.0,0.0,102375.48319907766,617.4743826260366,537.5184525602178,29.0,2281.0380859375,72.125,122.38015320527205,0.4189639503418203,49.36991882324219,-124.9841079711914,0.10237548319907766
08HB023,2014,0.9390000104904176,7.0,0.6179999709129333,12.0,3.4719998836517334,387.0,0.7674816140248889,"[[-0.7980467459999999, 4.545662058, 1.8738076559999999], [-0.291447282, 6.85892949, 3.283741104], [0.27008465400000004, 9.456014693999998, 4.863049673999999], [2.384984826, 12.825206309999999, 7.605095567999999], [5.915922054, 17.747766162, 11.831844108], [9.059280174, 20.845347222, 14.952313698000001], [10.945295045999998, 24.119932914, 17.53261398], [11.241320034, 24.464786766, 17.8530534], [8.412297725999998, 20.671394394, 14.54184606], [5.247576978, 13.624778957999998, 9.436177967999999], [1.719691554, 7.533378174, 4.626534864], [-0.38910501, 4.344242994, 1.9775689920000001]]",0.0,0.0,102375.48319907766,617.4743826260366,537.5184525602178,29.0,2281.0380859375,72.125,122.38015320527205,0.4189639503418203,49.36991882324219,-124.9841079711914,0.10237548319907766
08HB023,2015,0.8399999737739563,6.0,0.5950000286102295,2.0,2.4609999656677246,387.0,0.7674816140248889,"[[-0.7980467459999999, 4.545662058, 1.8738076559999999], [-0.291447282, 6.85892949, 3.283741104], [0.27008465400000004, 9.456014693999998, 4.863049673999999], [2.384984826, 12.825206309999999, 7.605095567999999], [5.915922054, 17.747766162, 11.831844108], [9.059280174, 20.845347222, 14.952313698000001], [10.945295045999998, 24.119932914, 17.53261398], [11.241320034, 24.464786766, 17.8530534], [8.412297725999998, 20.671394394, 14.54184606], [5.247576978, 13.624778957999998, 9.436177967999999], [1.719691554, 7.533378174, 4.626534864], [-0.38910501, 4.344242994, 1.9775689920000001]]",0.0,0.0,102375.48319907766,617.4743826260366,537.5184525602178,29.0,2281.0380859375,72.125,122.38015320527205,0.4189639503418203,49.36991882324219,-124.9841079711914,0.10237548319907766
08HB023,2016,0.9660000205039978,8.0,0.6200000047683716,11.0,3.226999998092652,387.0,0.7674816140248889,"[[-0.7980467459999999, 4.545662058, 1.8738076559999999], [-0.291447282, 6.85892949, 3.283741104], [0.27008465400000004, 9.456014693999998, 4.863049673999999], [2.384984826, 12.825206309999999, 7.605095567999999], [5.915922054, 17.747766162, 11.831844108], [9.059280174, 20.845347222, 14.952313698000001], [10.945295045999998, 24.119932914, 17.53261398], [11.241320034, 24.464786766, 17.8530534], [8.412297725999998, 20.671394394, 14.54184606], [5.247576978, 13.624778957999998, 9.436177967999999], [1.719691554, 7.533378174, 4.626534864], [-0.38910501, 4.344242994, 1.9775689920000001]]",0.0,0.0,102375.48319907766,617.4743826260366,537.5184525602178,29.0,2281.0380859375,72.125,122.38015320527205,0.4189639503418203,49.36991882324219,-124.9841079711914,0.10237548319907766
08HB023,2017,0.9079999923706056,8.0,0.6150000095367432,11.0,2.4300000667572017,387.0,0.7674816140248889,"[[-0.7980467459999999, 4.545662058, 1.8738076559999999], [-0.291447282, 6.85892949, 3.283741104], [0.27008465400000004, 9.456014693999998, 4.863049673999999], [2.384984826, 12.825206309999999, 7.605095567999999], [5.915922054, 17.747766162, 11.831844108], [9.059280174, 20.845347222, 14.952313698000001], [10.945295045999998, 24.119932914, 17.53261398], [11.241320034, 24.464786766, 17.8530534], [8.412297725999998, 20.671394394, 14.54184606], [5.247576978, 13.624778957999998, 9.436177967999999], [1.719691554, 7.533378174, 4.626534864], [-0.38910501, 4.344242994, 1.9775689920000001]]",0.0,0.0,102375.48319907766,617.4743826260366,537.5184525602178,29.0,2281.0380859375,72.125,122.38015320527205,0.4189639503418203,49.36991882324219,-124.9841079711914,0.10237548319907766
08HB023,1961,23.10000038146973,7.0,3.3399999141693115,1.0,527.0,387.0,0.7674816140248889,"[[-0.7980467459999999, 4.545662058, 1.8738076559999999], [-0.291447282, 6.85892949, 3.283741104], [0.27008465400000004, 9.456014693999998, 4.863049673999999], [2.384984826, 12.825206309999999, 7.605095567999999], [5.915922054, 17.747766162, 11.831844108], [9.059280174, 20.845347222, 14.952313698000001], [10.945295045999998, 24.119932914, 17.53261398], [11.241320034, 24.464786766, 17.8530534], [8.412297725999998, 20.671394394, 14.54184606], [5.247576978, 13.624778957999998, 9.436177967999999], [1.719691554, 7.533378174, 4.626534864], [-0.38910501, 4.344242994, 1.9775689920000001]]",0.0,0.0,102375.48319907766,617.4743826260366,537.5184525602178,29.0,2281.0380859375,72.125,122.38015320527205,0.4189639503418203,49.36991882324219,-124.9841079711914,0.10237548319907766
08HB023,1962,18.0,7.0,2.7799999713897705,12.0,334.0,387.0,0.7674816140248889,"[[-0.7980467459999999, 4.545662058, 1.8738076559999999], [-0.291447282, 6.85892949, 3.283741104], [0.27008465400000004, 9.456014693999998, 4.863049673999999], [2.384984826, 12.825206309999999, 7.605095567999999], [5.915922054, 17.747766162, 11.831844108], [9.059280174, 20.845347222, 14.952313698000001], [10.945295045999998, 24.119932914, 17.53261398], [11.241320034, 24.464786766, 17.8530534], [8.412297725999998, 20.671394394, 14.54184606], [5.247576978, 13.624778957999998, 9.436177967999999], [1.719691554, 7.533378174, 4.626534864], [-0.38910501, 4.344242994, 1.9775689920000001]]",0.0,0.0,102375.48319907766,617.4743826260366,537.5184525602178,29.0,2281.0380859375,72.125,122.38015320527205,0.4189639503418203,49.36991882324219,-124.9841079711914,0.10237548319907766
08HB023,1963,21.0,7.0,2.7799999713897705,2.0,484.0,387.0,0.7674816140248889,"[[-0.7980467459999999, 4.545662058, 1.8738076559999999], [-0.291447282, 6.85892949, 3.283741104], [0.27008465400000004, 9.456014693999998, 4.863049673999999], [2.384984826, 12.825206309999999, 7.605095567999999], [5.915922054, 17.747766162, 11.831844108], [9.059280174, 20.845347222, 14.952313698000001], [10.945295045999998, 24.119932914, 17.53261398], [11.241320034, 24.464786766, 17.8530534], [8.412297725999998, 20.671394394, 14.54184606], [5.247576978, 13.624778957999998, 9.436177967999999], [1.719691554, 7.533378174, 4.626534864], [-0.38910501, 4.344242994, 1.9775689920000001]]",0.0,0.0,102375.48319907766,617.4743826260366,537.5184525602178,29.0,2281.0380859375,72.125,122.38015320527205,0.4189639503418203,49.36991882324219,-124.9841079711914,0.10237548319907766
08HB023,1964,14.399999618530273,10.0,2.970000028610228,12.0,138.0,387.0,0.7674816140248889,"[[-0.7980467459999999, 4.545662058, 1.8738076559999999], [-0.291447282, 6.85892949, 3.283741104], [0.27008465400000004, 9.456014693999998, 4.863049673999999], [2.384984826, 12.825206309999999, 7.605095567999999], [5.915922054, 17.747766162, 11.831844108], [9.059280174, 20.845347222, 14.952313698000001], [10.945295045999998, 24.119932914, 17.53261398], [11.241320034, 24.464786766, 17.8530534], [8.412297725999998, 20.671394394, 14.54184606], [5.247576978, 13.624778957999998, 9.436177967999999], [1.719691554, 7.533378174, 4.626534864], [-0.38910501, 4.344242994, 1.9775689920000001]]",0.0,0.0,102375.48319907766,617.4743826260366,537.5184525602178,29.0,2281.0380859375,72.125,122.38015320527205,0.4189639503418203,49.36991882324219,-124.9841079711914,0.10237548319907766
08HB023,1965,14.100000381469727,8.0,2.4600000381469727,10.0,145.0,387.0,0.7674816140248889,"[[-0.7980467459999999, 4.545662058, 1.8738076559999999], [-0.291447282, 6.85892949, 3.283741104], [0.27008465400000004, 9.456014693999998, 4.863049673999999], [2.384984826, 12.825206309999999, 7.605095567999999], [5.915922054, 17.747766162, 11.831844108], [9.059280174, 20.845347222, 14.952313698000001], [10.945295045999998, 24.119932914, 17.53261398], [11.241320034, 24.464786766, 17.8530534], [8.412297725999998, 20.671394394, 14.54184606], [5.247576978, 13.624778957999998, 9.436177967999999], [1.719691554, 7.533378174, 4.626534864], [-0.38910501, 4.344242994, 1.9775689920000001]]",0.0,0.0,102375.48319907766,617.4743826260366,537.5184525602178,29.0,2281.0380859375,72.125,122.38015320527205,0.4189639503418203,49.36991882324219,-124.9841079711914,0.10237548319907766
08HB023,1966,22.70000076293945,11.0,2.859999895095825,12.0,241.0,387.0,0.7674816140248889,"[[-0.7980467459999999, 4.545662058, 1.8738076559999999], [-0.291447282, 6.85892949, 3.283741104], [0.27008465400000004, 9.456014693999998, 4.863049673999999], [2.384984826, 12.825206309999999, 7.605095567999999], [5.915922054, 17.747766162, 11.831844108], [9.059280174, 20.845347222, 14.952313698000001], [10.945295045999998, 24.119932914, 17.53261398], [11.241320034, 24.464786766, 17.8530534], [8.412297725999998, 20.671394394, 14.54184606], [5.247576978, 13.624778957999998, 9.436177967999999], [1.719691554, 7.533378174, 4.626534864], [-0.38910501, 4.344242994, 1.9775689920000001]]",0.0,0.0,102375.48319907766,617.4743826260366,537.5184525602178,29.0,2281.0380859375,72.125,122.38015320527205,0.4189639503418203,49.36991882324219,-124.9841079711914,0.10237548319907766
08HB023,1967,17.200000762939453,9.0,3.0,12.0,104.0,387.0,0.7674816140248889,"[[-0.7980467459999999, 4.545662058, 1.8738076559999999], [-0.291447282, 6.85892949, 3.283741104], [0.27008465400000004, 9.456014693999998, 4.863049673999999], [2.384984826, 12.825206309999999, 7.605095567999999], [5.915922054, 17.747766162, 11.831844108], [9.059280174, 20.845347222, 14.952313698000001], [10.945295045999998, 24.119932914, 17.53261398], [11.241320034, 24.464786766, 17.8530534], [8.412297725999998, 20.671394394, 14.54184606], [5.247576978, 13.624778957999998, 9.436177967999999], [1.719691554, 7.533378174, 4.626534864], [-0.38910501, 4.344242994, 1.9775689920000001]]",0.0,0.0,102375.48319907766,617.4743826260366,537.5184525602178,29.0,2281.0380859375,72.125,122.38015320527205,0.4189639503418203,49.36991882324219,-124.9841079711914,0.10237548319907766
08HB023,1968,25.10000038146973,9.0,2.940000057220459,1.0,411.0,387.0,0.7674816140248889,"[[-0.7980467459999999, 4.545662058, 1.8738076559999999], [-0.291447282, 6.85892949, 3.283741104], [0.27008465400000004, 9.456014693999998, 4.863049673999999], [2.384984826, 12.825206309999999, 7.605095567999999], [5.915922054, 17.747766162, 11.831844108], [9.059280174, 20.845347222, 14.952313698000001], [10.945295045999998, 24.119932914, 17.53261398], [11.241320034, 24.464786766, 17.8530534], [8.412297725999998, 20.671394394, 14.54184606], [5.247576978, 13.624778957999998, 9.436177967999999], [1.719691554, 7.533378174, 4.626534864], [-0.38910501, 4.344242994, 1.9775689920000001]]",0.0,0.0,102375.48319907766,617.4743826260366,537.5184525602178,29.0,2281.0380859375,72.125,122.38015320527205,0.4189639503418203,49.36991882324219,-124.9841079711914,0.10237548319907766
08HB023,1969,20.0,7.0,3.0899999141693115,5.0,99.0999984741211,387.0,0.7674816140248889,"[[-0.7980467459999999, 4.545662058, 1.8738076559999999], [-0.291447282, 6.85892949, 3.283741104], [0.27008465400000004, 9.456014693999998, 4.863049673999999], [2.384984826, 12.825206309999999, 7.605095567999999], [5.915922054, 17.747766162, 11.831844108], [9.059280174, 20.845347222, 14.952313698000001], [10.945295045999998, 24.119932914, 17.53261398], [11.241320034, 24.464786766, 17.8530534], [8.412297725999998, 20.671394394, 14.54184606], [5.247576978, 13.624778957999998, 9.436177967999999], [1.719691554, 7.533378174, 4.626534864], [-0.38910501, 4.344242994, 1.9775689920000001]]",0.0,0.0,102375.48319907766,617.4743826260366,537.5184525602178,29.0,2281.0380859375,72.125,122.38015320527205,0.4189639503418203,49.36991882324219,-124.9841079711914,0.10237548319907766
08HB023,1970,8.380000114440918,1.0,2.859999895095825,4.0,65.40000152587889,387.0,0.7674816140248889,"[[-0.7980467459999999, 4.545662058, 1.8738076559999999], [-0.291447282, 6.85892949, 3.283741104], [0.27008465400000004, 9.456014693999998, 4.863049673999999], [2.384984826, 12.825206309999999, 7.605095567999999], [5.915922054, 17.747766162, 11.831844108], [9.059280174, 20.845347222, 14.952313698000001], [10.945295045999998, 24.119932914, 17.53261398], [11.241320034, 24.464786766, 17.8530534], [8.412297725999998, 20.671394394, 14.54184606], [5.247576978, 13.624778957999998, 9.436177967999999], [1.719691554, 7.533378174, 4.626534864], [-0.38910501, 4.344242994, 1.9775689920000001]]",0.0,0.0,102375.48319907766,617.4743826260366,537.5184525602178,29.0,2281.0380859375,72.125,122.38015320527205,0.4189639503418203,49.36991882324219,-124.9841079711914,0.10237548319907766
08HB023,1971,17.799999237060547,8.0,2.5699999332427983,11.0,259.0,387.0,0.7674816140248889,"[[-0.7980467459999999, 4.545662058, 1.8738076559999999], [-0.291447282, 6.85892949, 3.283741104], [0.27008465400000004, 9.456014693999998, 4.863049673999999], [2.384984826, 12.825206309999999, 7.605095567999999], [5.915922054, 17.747766162, 11.831844108], [9.059280174, 20.845347222, 14.952313698000001], [10.945295045999998, 24.119932914, 17.53261398], [11.241320034, 24.464786766, 17.8530534], [8.412297725999998, 20.671394394, 14.54184606], [5.247576978, 13.624778957999998, 9.436177967999999], [1.719691554, 7.533378174, 4.626534864], [-0.38910501, 4.344242994, 1.9775689920000001]]",0.0,0.0,102375.48319907766,617.4743826260366,537.5184525602178,29.0,2281.0380859375,72.125,122.38015320527205,0.4189639503418203,49.36991882324219,-124.9841079711914,0.10237548319907766
08HB023,1972,16.899999618530273,7.0,3.0299999713897705,3.0,198.0,387.0,0.7674816140248889,"[[-0.7980467459999999, 4.545662058, 1.8738076559999999], [-0.291447282, 6.85892949, 3.283741104], [0.27008465400000004, 9.456014693999998, 4.863049673999999], [2.384984826, 12.825206309999999, 7.605095567999999], [5.915922054, 17.747766162, 11.831844108], [9.059280174, 20.845347222, 14.952313698000001], [10.945295045999998, 24.119932914, 17.53261398], [11.241320034, 24.464786766, 17.8530534], [8.412297725999998, 20.671394394, 14.54184606], [5.247576978, 13.624778957999998, 9.436177967999999], [1.719691554, 7.533378174, 4.626534864], [-0.38910501, 4.344242994, 1.9775689920000001]]",0.0,0.0,102375.48319907766,617.4743826260366,537.5184525602178,29.0,2281.0380859375,72.125,122.38015320527205,0.4189639503418203,49.36991882324219,-124.9841079711914,0.10237548319907766
08HB023,1973,15.100000381469727,4.0,2.8299999237060547,12.0,166.0,387.0,0.7674816140248889,"[[-0.7980467459999999, 4.545662058, 1.8738076559999999], [-0.291447282, 6.85892949, 3.283741104], [0.27008465400000004, 9.456014693999998, 4.863049673999999], [2.384984826, 12.825206309999999, 7.605095567999999], [5.915922054, 17.747766162, 11.831844108], [9.059280174, 20.845347222, 14.952313698000001], [10.945295045999998, 24.119932914, 17.53261398], [11.241320034, 24.464786766, 17.8530534], [8.412297725999998, 20.671394394, 14.54184606], [5.247576978, 13.624778957999998, 9.436177967999999], [1.719691554, 7.533378174, 4.626534864], [-0.38910501, 4.344242994, 1.9775689920000001]]",0.0,0.0,102375.48319907766,617.4743826260366,537.5184525602178,29.0,2281.0380859375,72.125,122.38015320527205,0.4189639503418203,49.36991882324219,-124.9841079711914,0.10237548319907766
08HB023,1974,23.5,8.0,3.740000009536743,1.0,297.0,387.0,0.7674816140248889,"[[-0.7980467459999999, 4.545662058, 1.8738076559999999], [-0.291447282, 6.85892949, 3.283741104], [0.27008465400000004, 9.456014693999998, 4.863049673999999], [2.384984826, 12.825206309999999, 7.605095567999999], [5.915922054, 17.747766162, 11.831844108], [9.059280174, 20.845347222, 14.952313698000001], [10.945295045999998, 24.119932914, 17.53261398], [11.241320034, 24.464786766, 17.8530534], [8.412297725999998, 20.671394394, 14.54184606], [5.247576978, 13.624778957999998, 9.436177967999999], [1.719691554, 7.533378174, 4.626534864], [-0.38910501, 4.344242994, 1.9775689920000001]]",0.0,0.0,102375.48319907766,617.4743826260366,537.5184525602178,29.0,2281.0380859375,72.125,122.38015320527205,0.4189639503418203,49.36991882324219,-124.9841079711914,0.10237548319907766
08HB023,1975,20.600000381469727,10.0,3.5399999618530287,11.0,532.0,387.0,0.7674816140248889,"[[-0.7980467459999999, 4.545662058, 1.8738076559999999], [-0.291447282, 6.85892949, 3.283741104], [0.27008465400000004, 9.456014693999998, 4.863049673999999], [2.384984826, 12.825206309999999, 7.605095567999999], [5.915922054, 17.747766162, 11.831844108], [9.059280174, 20.845347222, 14.952313698000001], [10.945295045999998, 24.119932914, 17.53261398], [11.241320034, 24.464786766, 17.8530534], [8.412297725999998, 20.671394394, 14.54184606], [5.247576978, 13.624778957999998, 9.436177967999999], [1.719691554, 7.533378174, 4.626534864], [-0.38910501, 4.344242994, 1.9775689920000001]]",0.0,0.0,102375.48319907766,617.4743826260366,537.5184525602178,29.0,2281.0380859375,72.125,122.38015320527205,0.4189639503418203,49.36991882324219,-124.9841079711914,0.10237548319907766
08HB023,1976,12.5,12.0,2.9200000762939453,12.0,84.69999694824219,387.0,0.7674816140248889,"[[-0.7980467459999999, 4.545662058, 1.8738076559999999], [-0.291447282, 6.85892949, 3.283741104], [0.27008465400000004, 9.456014693999998, 4.863049673999999], [2.384984826, 12.825206309999999, 7.605095567999999], [5.915922054, 17.747766162, 11.831844108], [9.059280174, 20.845347222, 14.952313698000001], [10.945295045999998, 24.119932914, 17.53261398], [11.241320034, 24.464786766, 17.8530534], [8.412297725999998, 20.671394394, 14.54184606], [5.247576978, 13.624778957999998, 9.436177967999999], [1.719691554, 7.533378174, 4.626534864], [-0.38910501, 4.344242994, 1.9775689920000001]]",0.0,0.0,102375.48319907766,617.4743826260366,537.5184525602178,29.0,2281.0380859375,72.125,122.38015320527205,0.4189639503418203,49.36991882324219,-124.9841079711914,0.10237548319907766
08HB023,1977,14.0,8.0,2.490000009536743,11.0,116.0,387.0,0.7674816140248889,"[[-0.7980467459999999, 4.545662058, 1.8738076559999999], [-0.291447282, 6.85892949, 3.283741104], [0.27008465400000004, 9.456014693999998, 4.863049673999999], [2.384984826, 12.825206309999999, 7.605095567999999], [5.915922054, 17.747766162, 11.831844108], [9.059280174, 20.845347222, 14.952313698000001], [10.945295045999998, 24.119932914, 17.53261398], [11.241320034, 24.464786766, 17.8530534], [8.412297725999998, 20.671394394, 14.54184606], [5.247576978, 13.624778957999998, 9.436177967999999], [1.719691554, 7.533378174, 4.626534864], [-0.38910501, 4.344242994, 1.9775689920000001]]",0.0,0.0,102375.48319907766,617.4743826260366,537.5184525602178,29.0,2281.0380859375,72.125,122.38015320527205,0.4189639503418203,49.36991882324219,-124.9841079711914,0.10237548319907766
08HB023,1978,9.1899995803833,6.0,3.1700000762939453,2.0,88.0999984741211,387.0,0.7674816140248889,"[[-0.7980467459999999, 4.545662058, 1.8738076559999999], [-0.291447282, 6.85892949, 3.283741104], [0.27008465400000004, 9.456014693999998, 4.863049673999999], [2.384984826, 12.825206309999999, 7.605095567999999], [5.915922054, 17.747766162, 11.831844108], [9.059280174, 20.845347222, 14.952313698000001], [10.945295045999998, 24.119932914, 17.53261398], [11.241320034, 24.464786766, 17.8530534], [8.412297725999998, 20.671394394, 14.54184606], [5.247576978, 13.624778957999998, 9.436177967999999], [1.719691554, 7.533378174, 4.626534864], [-0.38910501, 4.344242994, 1.9775689920000001]]",0.0,0.0,102375.48319907766,617.4743826260366,537.5184525602178,29.0,2281.0380859375,72.125,122.38015320527205,0.4189639503418203,49.36991882324219,-124.9841079711914,0.10237548319907766
08HB023,1979,12.899999618530273,1.0,1.9500000476837158,12.0,187.0,387.0,0.7674816140248889,"[[-0.7980467459999999, 4.545662058, 1.8738076559999999], [-0.291447282, 6.85892949, 3.283741104], [0.27008465400000004, 9.456014693999998, 4.863049673999999], [2.384984826, 12.825206309999999, 7.605095567999999], [5.915922054, 17.747766162, 11.831844108], [9.059280174, 20.845347222, 14.952313698000001], [10.945295045999998, 24.119932914, 17.53261398], [11.241320034, 24.464786766, 17.8530534], [8.412297725999998, 20.671394394, 14.54184606], [5.247576978, 13.624778957999998, 9.436177967999999], [1.719691554, 7.533378174, 4.626534864], [-0.38910501, 4.344242994, 1.9775689920000001]]",0.0,0.0,102375.48319907766,617.4743826260366,537.5184525602178,29.0,2281.0380859375,72.125,122.38015320527205,0.4189639503418203,49.36991882324219,-124.9841079711914,0.10237548319907766
08HB023,1980,16.700000762939453,10.0,2.0899999141693115,12.0,307.0,387.0,0.7674816140248889,"[[-0.7980467459999999, 4.545662058, 1.8738076559999999], [-0.291447282, 6.85892949, 3.283741104], [0.27008465400000004, 9.456014693999998, 4.863049673999999], [2.384984826, 12.825206309999999, 7.605095567999999], [5.915922054, 17.747766162, 11.831844108], [9.059280174, 20.845347222, 14.952313698000001], [10.945295045999998, 24.119932914, 17.53261398], [11.241320034, 24.464786766, 17.8530534], [8.412297725999998, 20.671394394, 14.54184606], [5.247576978, 13.624778957999998, 9.436177967999999], [1.719691554, 7.533378174, 4.626534864], [-0.38910501, 4.344242994, 1.9775689920000001]]",0.0,0.0,102375.48319907766,617.4743826260366,537.5184525602178,29.0,2281.0380859375,72.125,122.38015320527205,0.4189639503418203,49.36991882324219,-124.9841079711914,0.10237548319907766
08HB023,1981,17.399999618530273,6.0,3.119999885559082,11.0,256.0,387.0,0.7674816140248889,"[[-0.7980467459999999, 4.545662058, 1.8738076559999999], [-0.291447282, 6.85892949, 3.283741104], [0.27008465400000004, 9.456014693999998, 4.863049673999999], [2.384984826, 12.825206309999999, 7.605095567999999], [5.915922054, 17.747766162, 11.831844108], [9.059280174, 20.845347222, 14.952313698000001], [10.945295045999998, 24.119932914, 17.53261398], [11.241320034, 24.464786766, 17.8530534], [8.412297725999998, 20.671394394, 14.54184606], [5.247576978, 13.624778957999998, 9.436177967999999], [1.719691554, 7.533378174, 4.626534864], [-0.38910501, 4.344242994, 1.9775689920000001]]",0.0,0.0,102375.48319907766,617.4743826260366,537.5184525602178,29.0,2281.0380859375,72.125,122.38015320527205,0.4189639503418203,49.36991882324219,-124.9841079711914,0.10237548319907766
08HB023,1982,16.799999237060547,8.0,3.220000028610228,10.0,192.0,387.0,0.7674816140248889,"[[-0.7980467459999999, 4.545662058, 1.8738076559999999], [-0.291447282, 6.85892949, 3.283741104], [0.27008465400000004, 9.456014693999998, 4.863049673999999], [2.384984826, 12.825206309999999, 7.605095567999999], [5.915922054, 17.747766162, 11.831844108], [9.059280174, 20.845347222, 14.952313698000001], [10.945295045999998, 24.119932914, 17.53261398], [11.241320034, 24.464786766, 17.8530534], [8.412297725999998, 20.671394394, 14.54184606], [5.247576978, 13.624778957999998, 9.436177967999999], [1.719691554, 7.533378174, 4.626534864], [-0.38910501, 4.344242994, 1.9775689920000001]]",0.0,0.0,102375.48319907766,617.4743826260366,537.5184525602178,29.0,2281.0380859375,72.125,122.38015320527205,0.4189639503418203,49.36991882324219,-124.9841079711914,0.10237548319907766
08HB023,1983,21.200000762939453,7.0,3.0999999046325684,2.0,230.0,387.0,0.7674816140248889,"[[-0.7980467459999999, 4.545662058, 1.8738076559999999], [-0.291447282, 6.85892949, 3.283741104], [0.27008465400000004, 9.456014693999998, 4.863049673999999], [2.384984826, 12.825206309999999, 7.605095567999999], [5.915922054, 17.747766162, 11.831844108], [9.059280174, 20.845347222, 14.952313698000001], [10.945295045999998, 24.119932914, 17.53261398], [11.241320034, 24.464786766, 17.8530534], [8.412297725999998, 20.671394394, 14.54184606], [5.247576978, 13.624778957999998, 9.436177967999999], [1.719691554, 7.533378174, 4.626534864], [-0.38910501, 4.344242994, 1.9775689920000001]]",0.0,0.0,102375.48319907766,617.4743826260366,537.5184525602178,29.0,2281.0380859375,72.125,122.38015320527205,0.4189639503418203,49.36991882324219,-124.9841079711914,0.10237548319907766
08HB023,1984,16.100000381469727,10.0,2.9200000762939453,2.0,113.0,387.0,0.7674816140248889,"[[-0.7980467459999999, 4.545662058, 1.8738076559999999], [-0.291447282, 6.85892949, 3.283741104], [0.27008465400000004, 9.456014693999998, 4.863049673999999], [2.384984826, 12.825206309999999, 7.605095567999999], [5.915922054, 17.747766162, 11.831844108], [9.059280174, 20.845347222, 14.952313698000001], [10.945295045999998, 24.119932914, 17.53261398], [11.241320034, 24.464786766, 17.8530534], [8.412297725999998, 20.671394394, 14.54184606], [5.247576978, 13.624778957999998, 9.436177967999999], [1.719691554, 7.533378174, 4.626534864], [-0.38910501, 4.344242994, 1.9775689920000001]]",0.0,0.0,102375.48319907766,617.4743826260366,537.5184525602178,29.0,2281.0380859375,72.125,122.38015320527205,0.4189639503418203,49.36991882324219,-124.9841079711914,0.10237548319907766
08HB023,1985,5.440000057220459,1.0,2.5,10.0,36.099998474121094,387.0,0.7674816140248889,"[[-0.7980467459999999, 4.545662058, 1.8738076559999999], [-0.291447282, 6.85892949, 3.283741104], [0.27008465400000004, 9.456014693999998, 4.863049673999999], [2.384984826, 12.825206309999999, 7.605095567999999], [5.915922054, 17.747766162, 11.831844108], [9.059280174, 20.845347222, 14.952313698000001], [10.945295045999998, 24.119932914, 17.53261398], [11.241320034, 24.464786766, 17.8530534], [8.412297725999998, 20.671394394, 14.54184606], [5.247576978, 13.624778957999998, 9.436177967999999], [1.719691554, 7.533378174, 4.626534864], [-0.38910501, 4.344242994, 1.9775689920000001]]",0.0,0.0,102375.48319907766,617.4743826260366,537.5184525602178,29.0,2281.0380859375,72.125,122.38015320527205,0.4189639503418203,49.36991882324219,-124.9841079711914,0.10237548319907766
08HB023,1986,16.299999237060547,7.0,2.509999990463257,3.0,202.0,387.0,0.7674816140248889,"[[-0.7980467459999999, 4.545662058, 1.8738076559999999], [-0.291447282, 6.85892949, 3.283741104], [0.27008465400000004, 9.456014693999998, 4.863049673999999], [2.384984826, 12.825206309999999, 7.605095567999999], [5.915922054, 17.747766162, 11.831844108], [9.059280174, 20.845347222, 14.952313698000001], [10.945295045999998, 24.119932914, 17.53261398], [11.241320034, 24.464786766, 17.8530534], [8.412297725999998, 20.671394394, 14.54184606], [5.247576978, 13.624778957999998, 9.436177967999999], [1.719691554, 7.533378174, 4.626534864], [-0.38910501, 4.344242994, 1.9775689920000001]]",0.0,0.0,102375.48319907766,617.4743826260366,537.5184525602178,29.0,2281.0380859375,72.125,122.38015320527205,0.4189639503418203,49.36991882324219,-124.9841079711914,0.10237548319907766
08HB023,1987,19.5,7.0,2.4600000381469727,3.0,270.0,387.0,0.7674816140248889,"[[-0.7980467459999999, 4.545662058, 1.8738076559999999], [-0.291447282, 6.85892949, 3.283741104], [0.27008465400000004, 9.456014693999998, 4.863049673999999], [2.384984826, 12.825206309999999, 7.605095567999999], [5.915922054, 17.747766162, 11.831844108], [9.059280174, 20.845347222, 14.952313698000001], [10.945295045999998, 24.119932914, 17.53261398], [11.241320034, 24.464786766, 17.8530534], [8.412297725999998, 20.671394394, 14.54184606], [5.247576978, 13.624778957999998, 9.436177967999999], [1.719691554, 7.533378174, 4.626534864], [-0.38910501, 4.344242994, 1.9775689920000001]]",0.0,0.0,102375.48319907766,617.4743826260366,537.5184525602178,29.0,2281.0380859375,72.125,122.38015320527205,0.4189639503418203,49.36991882324219,-124.9841079711914,0.10237548319907766
08HB023,1988,15.0,1.0,2.7899999618530287,11.0,105.0,387.0,0.7674816140248889,"[[-0.7980467459999999, 4.545662058, 1.8738076559999999], [-0.291447282, 6.85892949, 3.283741104], [0.27008465400000004, 9.456014693999998, 4.863049673999999], [2.384984826, 12.825206309999999, 7.605095567999999], [5.915922054, 17.747766162, 11.831844108], [9.059280174, 20.845347222, 14.952313698000001], [10.945295045999998, 24.119932914, 17.53261398], [11.241320034, 24.464786766, 17.8530534], [8.412297725999998, 20.671394394, 14.54184606], [5.247576978, 13.624778957999998, 9.436177967999999], [1.719691554, 7.533378174, 4.626534864], [-0.38910501, 4.344242994, 1.9775689920000001]]",0.0,0.0,102375.48319907766,617.4743826260366,537.5184525602178,29.0,2281.0380859375,72.125,122.38015320527205,0.4189639503418203,49.36991882324219,-124.9841079711914,0.10237548319907766
08HB023,1989,9.600000381469727,6.0,2.4300000667572017,12.0,144.0,387.0,0.7674816140248889,"[[-0.7980467459999999, 4.545662058, 1.8738076559999999], [-0.291447282, 6.85892949, 3.283741104], [0.27008465400000004, 9.456014693999998, 4.863049673999999], [2.384984826, 12.825206309999999, 7.605095567999999], [5.915922054, 17.747766162, 11.831844108], [9.059280174, 20.845347222, 14.952313698000001], [10.945295045999998, 24.119932914, 17.53261398], [11.241320034, 24.464786766, 17.8530534], [8.412297725999998, 20.671394394, 14.54184606], [5.247576978, 13.624778957999998, 9.436177967999999], [1.719691554, 7.533378174, 4.626534864], [-0.38910501, 4.344242994, 1.9775689920000001]]",0.0,0.0,102375.48319907766,617.4743826260366,537.5184525602178,29.0,2281.0380859375,72.125,122.38015320527205,0.4189639503418203,49.36991882324219,-124.9841079711914,0.10237548319907766
08HB023,1990,16.299999237060547,6.0,2.440000057220459,11.0,256.0,387.0,0.7674816140248889,"[[-0.7980467459999999, 4.545662058, 1.8738076559999999], [-0.291447282, 6.85892949, 3.283741104], [0.27008465400000004, 9.456014693999998, 4.863049673999999], [2.384984826, 12.825206309999999, 7.605095567999999], [5.915922054, 17.747766162, 11.831844108], [9.059280174, 20.845347222, 14.952313698000001], [10.945295045999998, 24.119932914, 17.53261398], [11.241320034, 24.464786766, 17.8530534], [8.412297725999998, 20.671394394, 14.54184606], [5.247576978, 13.624778957999998, 9.436177967999999], [1.719691554, 7.533378174, 4.626534864], [-0.38910501, 4.344242994, 1.9775689920000001]]",0.0,0.0,102375.48319907766,617.4743826260366,537.5184525602178,29.0,2281.0380859375,72.125,122.38015320527205,0.4189639503418203,49.36991882324219,-124.9841079711914,0.10237548319907766
08HB023,1991,13.100000381469727,1.0,2.609999895095825,12.0,214.0,387.0,0.7674816140248889,"[[-0.7980467459999999, 4.545662058, 1.8738076559999999], [-0.291447282, 6.85892949, 3.283741104], [0.27008465400000004, 9.456014693999998, 4.863049673999999], [2.384984826, 12.825206309999999, 7.605095567999999], [5.915922054, 17.747766162, 11.831844108], [9.059280174, 20.845347222, 14.952313698000001], [10.945295045999998, 24.119932914, 17.53261398], [11.241320034, 24.464786766, 17.8530534], [8.412297725999998, 20.671394394, 14.54184606], [5.247576978, 13.624778957999998, 9.436177967999999], [1.719691554, 7.533378174, 4.626534864], [-0.38910501, 4.344242994, 1.9775689920000001]]",0.0,0.0,102375.48319907766,617.4743826260366,537.5184525602178,29.0,2281.0380859375,72.125,122.38015320527205,0.4189639503418203,49.36991882324219,-124.9841079711914,0.10237548319907766
08HB023,1992,15.300000190734865,5.0,2.640000104904175,1.0,258.0,387.0,0.7674816140248889,"[[-0.7980467459999999, 4.545662058, 1.8738076559999999], [-0.291447282, 6.85892949, 3.283741104], [0.27008465400000004, 9.456014693999998, 4.863049673999999], [2.384984826, 12.825206309999999, 7.605095567999999], [5.915922054, 17.747766162, 11.831844108], [9.059280174, 20.845347222, 14.952313698000001], [10.945295045999998, 24.119932914, 17.53261398], [11.241320034, 24.464786766, 17.8530534], [8.412297725999998, 20.671394394, 14.54184606], [5.247576978, 13.624778957999998, 9.436177967999999], [1.719691554, 7.533378174, 4.626534864], [-0.38910501, 4.344242994, 1.9775689920000001]]",0.0,0.0,102375.48319907766,617.4743826260366,537.5184525602178,29.0,2281.0380859375,72.125,122.38015320527205,0.4189639503418203,49.36991882324219,-124.9841079711914,0.10237548319907766
08HB023,1993,12.100000381469727,1.0,1.8700000047683718,3.0,134.0,387.0,0.7674816140248889,"[[-0.7980467459999999, 4.545662058, 1.8738076559999999], [-0.291447282, 6.85892949, 3.283741104], [0.27008465400000004, 9.456014693999998, 4.863049673999999], [2.384984826, 12.825206309999999, 7.605095567999999], [5.915922054, 17.747766162, 11.831844108], [9.059280174, 20.845347222, 14.952313698000001], [10.945295045999998, 24.119932914, 17.53261398], [11.241320034, 24.464786766, 17.8530534], [8.412297725999998, 20.671394394, 14.54184606], [5.247576978, 13.624778957999998, 9.436177967999999], [1.719691554, 7.533378174, 4.626534864], [-0.38910501, 4.344242994, 1.9775689920000001]]",0.0,0.0,102375.48319907766,617.4743826260366,537.5184525602178,29.0,2281.0380859375,72.125,122.38015320527205,0.4189639503418203,49.36991882324219,-124.9841079711914,0.10237548319907766
08HB023,1994,14.399999618530273,2.0,2.740000009536743,3.0,293.0,387.0,0.7674816140248889,"[[-0.7980467459999999, 4.545662058, 1.8738076559999999], [-0.291447282, 6.85892949, 3.283741104], [0.27008465400000004, 9.456014693999998, 4.863049673999999], [2.384984826, 12.825206309999999, 7.605095567999999], [5.915922054, 17.747766162, 11.831844108], [9.059280174, 20.845347222, 14.952313698000001], [10.945295045999998, 24.119932914, 17.53261398], [11.241320034, 24.464786766, 17.8530534], [8.412297725999998, 20.671394394, 14.54184606], [5.247576978, 13.624778957999998, 9.436177967999999], [1.719691554, 7.533378174, 4.626534864], [-0.38910501, 4.344242994, 1.9775689920000001]]",0.0,0.0,102375.48319907766,617.4743826260366,537.5184525602178,29.0,2281.0380859375,72.125,122.38015320527205,0.4189639503418203,49.36991882324219,-124.9841079711914,0.10237548319907766
08HB023,1995,23.5,6.0,3.0,11.0,329.0,387.0,0.7674816140248889,"[[-0.7980467459999999, 4.545662058, 1.8738076559999999], [-0.291447282, 6.85892949, 3.283741104], [0.27008465400000004, 9.456014693999998, 4.863049673999999], [2.384984826, 12.825206309999999, 7.605095567999999], [5.915922054, 17.747766162, 11.831844108], [9.059280174, 20.845347222, 14.952313698000001], [10.945295045999998, 24.119932914, 17.53261398], [11.241320034, 24.464786766, 17.8530534], [8.412297725999998, 20.671394394, 14.54184606], [5.247576978, 13.624778957999998, 9.436177967999999], [1.719691554, 7.533378174, 4.626534864], [-0.38910501, 4.344242994, 1.9775689920000001]]",0.0,0.0,102375.48319907766,617.4743826260366,537.5184525602178,29.0,2281.0380859375,72.125,122.38015320527205,0.4189639503418203,49.36991882324219,-124.9841079711914,0.10237548319907766
08HB023,1996,14.300000190734865,12.0,3.5499999523162837,2.0,128.0,387.0,0.7674816140248889,"[[-0.7980467459999999, 4.545662058, 1.8738076559999999], [-0.291447282, 6.85892949, 3.283741104], [0.27008465400000004, 9.456014693999998, 4.863049673999999], [2.384984826, 12.825206309999999, 7.605095567999999], [5.915922054, 17.747766162, 11.831844108], [9.059280174, 20.845347222, 14.952313698000001], [10.945295045999998, 24.119932914, 17.53261398], [11.241320034, 24.464786766, 17.8530534], [8.412297725999998, 20.671394394, 14.54184606], [5.247576978, 13.624778957999998, 9.436177967999999], [1.719691554, 7.533378174, 4.626534864], [-0.38910501, 4.344242994, 1.9775689920000001]]",0.0,0.0,102375.48319907766,617.4743826260366,537.5184525602178,29.0,2281.0380859375,72.125,122.38015320527205,0.4189639503418203,49.36991882324219,-124.9841079711914,0.10237548319907766
08HB023,1997,25.79999923706055,8.0,3.7999999523162837,10.0,209.0,387.0,0.7674816140248889,"[[-0.7980467459999999, 4.545662058, 1.8738076559999999], [-0.291447282, 6.85892949, 3.283741104], [0.27008465400000004, 9.456014693999998, 4.863049673999999], [2.384984826, 12.825206309999999, 7.605095567999999], [5.915922054, 17.747766162, 11.831844108], [9.059280174, 20.845347222, 14.952313698000001], [10.945295045999998, 24.119932914, 17.53261398], [11.241320034, 24.464786766, 17.8530534], [8.412297725999998, 20.671394394, 14.54184606], [5.247576978, 13.624778957999998, 9.436177967999999], [1.719691554, 7.533378174, 4.626534864], [-0.38910501, 4.344242994, 1.9775689920000001]]",0.0,0.0,102375.48319907766,617.4743826260366,537.5184525602178,29.0,2281.0380859375,72.125,122.38015320527205,0.4189639503418203,49.36991882324219,-124.9841079711914,0.10237548319907766
08HB023,1998,19.200000762939453,9.0,3.690000057220459,1.0,250.0,387.0,0.7674816140248889,"[[-0.7980467459999999, 4.545662058, 1.8738076559999999], [-0.291447282, 6.85892949, 3.283741104], [0.27008465400000004, 9.456014693999998, 4.863049673999999], [2.384984826, 12.825206309999999, 7.605095567999999], [5.915922054, 17.747766162, 11.831844108], [9.059280174, 20.845347222, 14.952313698000001], [10.945295045999998, 24.119932914, 17.53261398], [11.241320034, 24.464786766, 17.8530534], [8.412297725999998, 20.671394394, 14.54184606], [5.247576978, 13.624778957999998, 9.436177967999999], [1.719691554, 7.533378174, 4.626534864], [-0.38910501, 4.344242994, 1.9775689920000001]]",0.0,0.0,102375.48319907766,617.4743826260366,537.5184525602178,29.0,2281.0380859375,72.125,122.38015320527205,0.4189639503418203,49.36991882324219,-124.9841079711914,0.10237548319907766
08HB023,1999,28.10000038146973,10.0,2.8499999046325684,11.0,122.0,387.0,0.7674816140248889,"[[-0.7980467459999999, 4.545662058, 1.8738076559999999], [-0.291447282, 6.85892949, 3.283741104], [0.27008465400000004, 9.456014693999998, 4.863049673999999], [2.384984826, 12.825206309999999, 7.605095567999999], [5.915922054, 17.747766162, 11.831844108], [9.059280174, 20.845347222, 14.952313698000001], [10.945295045999998, 24.119932914, 17.53261398], [11.241320034, 24.464786766, 17.8530534], [8.412297725999998, 20.671394394, 14.54184606], [5.247576978, 13.624778957999998, 9.436177967999999], [1.719691554, 7.533378174, 4.626534864], [-0.38910501, 4.344242994, 1.9775689920000001]]",0.0,0.0,102375.48319907766,617.4743826260366,537.5184525602178,29.0,2281.0380859375,72.125,122.38015320527205,0.4189639503418203,49.36991882324219,-124.9841079711914,0.10237548319907766
08HB023,2000,10.899999618530273,8.0,4.110000133514403,10.0,52.20000076293945,387.0,0.7674816140248889,"[[-0.7980467459999999, 4.545662058, 1.8738076559999999], [-0.291447282, 6.85892949, 3.283741104], [0.27008465400000004, 9.456014693999998, 4.863049673999999], [2.384984826, 12.825206309999999, 7.605095567999999], [5.915922054, 17.747766162, 11.831844108], [9.059280174, 20.845347222, 14.952313698000001], [10.945295045999998, 24.119932914, 17.53261398], [11.241320034, 24.464786766, 17.8530534], [8.412297725999998, 20.671394394, 14.54184606], [5.247576978, 13.624778957999998, 9.436177967999999], [1.719691554, 7.533378174, 4.626534864], [-0.38910501, 4.344242994, 1.9775689920000001]]",0.0,0.0,102375.48319907766,617.4743826260366,537.5184525602178,29.0,2281.0380859375,72.125,122.38015320527205,0.4189639503418203,49.36991882324219,-124.9841079711914,0.10237548319907766
08HB023,2001,12.399999618530273,9.0,4.170000076293944,11.0,205.0,387.0,0.7674816140248889,"[[-0.7980467459999999, 4.545662058, 1.8738076559999999], [-0.291447282, 6.85892949, 3.283741104], [0.27008465400000004, 9.456014693999998, 4.863049673999999], [2.384984826, 12.825206309999999, 7.605095567999999], [5.915922054, 17.747766162, 11.831844108], [9.059280174, 20.845347222, 14.952313698000001], [10.945295045999998, 24.119932914, 17.53261398], [11.241320034, 24.464786766, 17.8530534], [8.412297725999998, 20.671394394, 14.54184606], [5.247576978, 13.624778957999998, 9.436177967999999], [1.719691554, 7.533378174, 4.626534864], [-0.38910501, 4.344242994, 1.9775689920000001]]",0.0,0.0,102375.48319907766,617.4743826260366,537.5184525602178,29.0,2281.0380859375,72.125,122.38015320527205,0.4189639503418203,49.36991882324219,-124.9841079711914,0.10237548319907766
08HB023,2002,15.0,11.0,1.690000057220459,1.0,264.0,387.0,0.7674816140248889,"[[-0.7980467459999999, 4.545662058, 1.8738076559999999], [-0.291447282, 6.85892949, 3.283741104], [0.27008465400000004, 9.456014693999998, 4.863049673999999], [2.384984826, 12.825206309999999, 7.605095567999999], [5.915922054, 17.747766162, 11.831844108], [9.059280174, 20.845347222, 14.952313698000001], [10.945295045999998, 24.119932914, 17.53261398], [11.241320034, 24.464786766, 17.8530534], [8.412297725999998, 20.671394394, 14.54184606], [5.247576978, 13.624778957999998, 9.436177967999999], [1.719691554, 7.533378174, 4.626534864], [-0.38910501, 4.344242994, 1.9775689920000001]]",0.0,0.0,102375.48319907766,617.4743826260366,537.5184525602178,29.0,2281.0380859375,72.125,122.38015320527205,0.4189639503418203,49.36991882324219,-124.9841079711914,0.10237548319907766
08HB023,2003,19.89999961853028,7.0,2.700000047683716,4.0,186.0,387.0,0.7674816140248889,"[[-0.7980467459999999, 4.545662058, 1.8738076559999999], [-0.291447282, 6.85892949, 3.283741104], [0.27008465400000004, 9.456014693999998, 4.863049673999999], [2.384984826, 12.825206309999999, 7.605095567999999], [5.915922054, 17.747766162, 11.831844108], [9.059280174, 20.845347222, 14.952313698000001], [10.945295045999998, 24.119932914, 17.53261398], [11.241320034, 24.464786766, 17.8530534], [8.412297725999998, 20.671394394, 14.54184606], [5.247576978, 13.624778957999998, 9.436177967999999], [1.719691554, 7.533378174, 4.626534864], [-0.38910501, 4.344242994, 1.9775689920000001]]",0.0,0.0,102375.48319907766,617.4743826260366,537.5184525602178,29.0,2281.0380859375,72.125,122.38015320527205,0.4189639503418203,49.36991882324219,-124.9841079711914,0.10237548319907766
08HB023,2004,13.0,8.0,4.2199997901916495,1.0,166.0,387.0,0.7674816140248889,"[[-0.7980467459999999, 4.545662058, 1.8738076559999999], [-0.291447282, 6.85892949, 3.283741104], [0.27008465400000004, 9.456014693999998, 4.863049673999999], [2.384984826, 12.825206309999999, 7.605095567999999], [5.915922054, 17.747766162, 11.831844108], [9.059280174, 20.845347222, 14.952313698000001], [10.945295045999998, 24.119932914, 17.53261398], [11.241320034, 24.464786766, 17.8530534], [8.412297725999998, 20.671394394, 14.54184606], [5.247576978, 13.624778957999998, 9.436177967999999], [1.719691554, 7.533378174, 4.626534864], [-0.38910501, 4.344242994, 1.9775689920000001]]",0.0,0.0,102375.48319907766,617.4743826260366,537.5184525602178,29.0,2281.0380859375,72.125,122.38015320527205,0.4189639503418203,49.36991882324219,-124.9841079711914,0.10237548319907766
08HB023,2010,20.700000762939453,8.0,4.010000228881837,1.0,280.0,387.0,0.7674816140248889,"[[-0.7980467459999999, 4.545662058, 1.8738076559999999], [-0.291447282, 6.85892949, 3.283741104], [0.27008465400000004, 9.456014693999998, 4.863049673999999], [2.384984826, 12.825206309999999, 7.605095567999999], [5.915922054, 17.747766162, 11.831844108], [9.059280174, 20.845347222, 14.952313698000001], [10.945295045999998, 24.119932914, 17.53261398], [11.241320034, 24.464786766, 17.8530534], [8.412297725999998, 20.671394394, 14.54184606], [5.247576978, 13.624778957999998, 9.436177967999999], [1.719691554, 7.533378174, 4.626534864], [-0.38910501, 4.344242994, 1.9775689920000001]]",0.0,0.0,102375.48319907766,617.4743826260366,537.5184525602178,29.0,2281.0380859375,72.125,122.38015320527205,0.4189639503418203,49.36991882324219,-124.9841079711914,0.10237548319907766
08HB023,2011,17.200000762939453,9.0,4.25,11.0,100.0,387.0,0.7674816140248889,"[[-0.7980467459999999, 4.545662058, 1.8738076559999999], [-0.291447282, 6.85892949, 3.283741104], [0.27008465400000004, 9.456014693999998, 4.863049673999999], [2.384984826, 12.825206309999999, 7.605095567999999], [5.915922054, 17.747766162, 11.831844108], [9.059280174, 20.845347222, 14.952313698000001], [10.945295045999998, 24.119932914, 17.53261398], [11.241320034, 24.464786766, 17.8530534], [8.412297725999998, 20.671394394, 14.54184606], [5.247576978, 13.624778957999998, 9.436177967999999], [1.719691554, 7.533378174, 4.626534864], [-0.38910501, 4.344242994, 1.9775689920000001]]",0.0,0.0,102375.48319907766,617.4743826260366,537.5184525602178,29.0,2281.0380859375,72.125,122.38015320527205,0.4189639503418203,49.36991882324219,-124.9841079711914,0.10237548319907766
08HB023,2012,18.100000381469727,8.0,3.910000085830689,1.0,190.0,387.0,0.7674816140248889,"[[-0.7980467459999999, 4.545662058, 1.8738076559999999], [-0.291447282, 6.85892949, 3.283741104], [0.27008465400000004, 9.456014693999998, 4.863049673999999], [2.384984826, 12.825206309999999, 7.605095567999999], [5.915922054, 17.747766162, 11.831844108], [9.059280174, 20.845347222, 14.952313698000001], [10.945295045999998, 24.119932914, 17.53261398], [11.241320034, 24.464786766, 17.8530534], [8.412297725999998, 20.671394394, 14.54184606], [5.247576978, 13.624778957999998, 9.436177967999999], [1.719691554, 7.533378174, 4.626534864], [-0.38910501, 4.344242994, 1.9775689920000001]]",0.0,0.0,102375.48319907766,617.4743826260366,537.5184525602178,29.0,2281.0380859375,72.125,122.38015320527205,0.4189639503418203,49.36991882324219,-124.9841079711914,0.10237548319907766
08HB023,2013,10.5,7.0,3.880000114440918,5.0,43.79999923706055,387.0,0.7674816140248889,"[[-0.7980467459999999, 4.545662058, 1.8738076559999999], [-0.291447282, 6.85892949, 3.283741104], [0.27008465400000004, 9.456014693999998, 4.863049673999999], [2.384984826, 12.825206309999999, 7.605095567999999], [5.915922054, 17.747766162, 11.831844108], [9.059280174, 20.845347222, 14.952313698000001], [10.945295045999998, 24.119932914, 17.53261398], [11.241320034, 24.464786766, 17.8530534], [8.412297725999998, 20.671394394, 14.54184606], [5.247576978, 13.624778957999998, 9.436177967999999], [1.719691554, 7.533378174, 4.626534864], [-0.38910501, 4.344242994, 1.9775689920000001]]",0.0,0.0,102375.48319907766,617.4743826260366,537.5184525602178,29.0,2281.0380859375,72.125,122.38015320527205,0.4189639503418203,49.36991882324219,-124.9841079711914,0.10237548319907766
08HB023,2014,18.5,7.0,3.1600000858306885,12.0,317.0,387.0,0.7674816140248889,"[[-0.7980467459999999, 4.545662058, 1.8738076559999999], [-0.291447282, 6.85892949, 3.283741104], [0.27008465400000004, 9.456014693999998, 4.863049673999999], [2.384984826, 12.825206309999999, 7.605095567999999], [5.915922054, 17.747766162, 11.831844108], [9.059280174, 20.845347222, 14.952313698000001], [10.945295045999998, 24.119932914, 17.53261398], [11.241320034, 24.464786766, 17.8530534], [8.412297725999998, 20.671394394, 14.54184606], [5.247576978, 13.624778957999998, 9.436177967999999], [1.719691554, 7.533378174, 4.626534864], [-0.38910501, 4.344242994, 1.9775689920000001]]",0.0,0.0,102375.48319907766,617.4743826260366,537.5184525602178,29.0,2281.0380859375,72.125,122.38015320527205,0.4189639503418203,49.36991882324219,-124.9841079711914,0.10237548319907766
08HB023,2015,15.800000190734865,6.0,3.1600000858306885,2.0,202.0,387.0,0.7674816140248889,"[[-0.7980467459999999, 4.545662058, 1.8738076559999999], [-0.291447282, 6.85892949, 3.283741104], [0.27008465400000004, 9.456014693999998, 4.863049673999999], [2.384984826, 12.825206309999999, 7.605095567999999], [5.915922054, 17.747766162, 11.831844108], [9.059280174, 20.845347222, 14.952313698000001], [10.945295045999998, 24.119932914, 17.53261398], [11.241320034, 24.464786766, 17.8530534], [8.412297725999998, 20.671394394, 14.54184606], [5.247576978, 13.624778957999998, 9.436177967999999], [1.719691554, 7.533378174, 4.626534864], [-0.38910501, 4.344242994, 1.9775689920000001]]",0.0,0.0,102375.48319907766,617.4743826260366,537.5184525602178,29.0,2281.0380859375,72.125,122.38015320527205,0.4189639503418203,49.36991882324219,-124.9841079711914,0.10237548319907766
08HB023,2016,25.70000076293945,8.0,3.509999990463257,11.0,378.0,387.0,0.7674816140248889,"[[-0.7980467459999999, 4.545662058, 1.8738076559999999], [-0.291447282, 6.85892949, 3.283741104], [0.27008465400000004, 9.456014693999998, 4.863049673999999], [2.384984826, 12.825206309999999, 7.605095567999999], [5.915922054, 17.747766162, 11.831844108], [9.059280174, 20.845347222, 14.952313698000001], [10.945295045999998, 24.119932914, 17.53261398], [11.241320034, 24.464786766, 17.8530534], [8.412297725999998, 20.671394394, 14.54184606], [5.247576978, 13.624778957999998, 9.436177967999999], [1.719691554, 7.533378174, 4.626534864], [-0.38910501, 4.344242994, 1.9775689920000001]]",0.0,0.0,102375.48319907766,617.4743826260366,537.5184525602178,29.0,2281.0380859375,72.125,122.38015320527205,0.4189639503418203,49.36991882324219,-124.9841079711914,0.10237548319907766
08HB023,2017,19.100000381469727,8.0,3.8199999332427983,11.0,202.0,387.0,0.7674816140248889,"[[-0.7980467459999999, 4.545662058, 1.8738076559999999], [-0.291447282, 6.85892949, 3.283741104], [0.27008465400000004, 9.456014693999998, 4.863049673999999], [2.384984826, 12.825206309999999, 7.605095567999999], [5.915922054, 17.747766162, 11.831844108], [9.059280174, 20.845347222, 14.952313698000001], [10.945295045999998, 24.119932914, 17.53261398], [11.241320034, 24.464786766, 17.8530534], [8.412297725999998, 20.671394394, 14.54184606], [5.247576978, 13.624778957999998, 9.436177967999999], [1.719691554, 7.533378174, 4.626534864], [-0.38910501, 4.344242994, 1.9775689920000001]]",0.0,0.0,102375.48319907766,617.4743826260366,537.5184525602178,29.0,2281.0380859375,72.125,122.38015320527205,0.4189639503418203,49.36991882324219,-124.9841079711914,0.10237548319907766
08HB041,2011,1.0,8.0,0.7319999933242798,12.0,1.8109999895095823,62.20000076293945,8.072206852157437,"[[-1.9572236319999998, 3.467866612, 0.75532149], [-1.46486592, 5.074132784000001, 1.8046334320000001], [-1.3402505900000001, 6.251620494, 2.455684952], [0.6235852839999999, 8.868542424, 4.746063854], [4.0792446799999995, 13.683271868, 8.881258274], [6.964216728, 16.757455764, 11.860836246], [9.286639571999999, 20.12156104, 14.704100305999999], [9.815110297999999, 20.651049034000003, 15.233079666000002], [7.279061174, 17.460387952, 12.369724563], [3.83001402, 11.058720428, 7.4443672240000005], [0.04679432800000003, 5.682967682, 2.864881005], [-1.9017825259999999, 3.1113141779999993, 0.6047658259999997]]",0.0,0.0,59339953.00256479,547.4186798531925,465.7687513247807,29.0,2840.08160578163,743.2005866212509,15.776403793955609,0.6798673306138149,49.02497100830078,-124.1868133544922,59.33995300256479
08HB041,2012,0.99099999666214,7.0,0.7379999756813049,1.0,1.9689999818801882,62.20000076293945,8.072206852157437,"[[-1.9572236319999998, 3.467866612, 0.75532149], [-1.46486592, 5.074132784000001, 1.8046334320000001], [-1.3402505900000001, 6.251620494, 2.455684952], [0.6235852839999999, 8.868542424, 4.746063854], [4.0792446799999995, 13.683271868, 8.881258274], [6.964216728, 16.757455764, 11.860836246], [9.286639571999999, 20.12156104, 14.704100305999999], [9.815110297999999, 20.651049034000003, 15.233079666000002], [7.279061174, 17.460387952, 12.369724563], [3.83001402, 11.058720428, 7.4443672240000005], [0.04679432800000003, 5.682967682, 2.864881005], [-1.9017825259999999, 3.1113141779999993, 0.6047658259999997]]",0.0,0.0,59339953.00256479,547.4186798531925,465.7687513247807,29.0,2840.08160578163,743.2005866212509,15.776403793955609,0.6798673306138149,49.02497100830078,-124.1868133544922,59.33995300256479
08HB041,2013,0.9039999842643738,7.0,0.6620000004768372,3.0,1.8899999856948853,62.20000076293945,8.072206852157437,"[[-1.9572236319999998, 3.467866612, 0.75532149], [-1.46486592, 5.074132784000001, 1.8046334320000001], [-1.3402505900000001, 6.251620494, 2.455684952], [0.6235852839999999, 8.868542424, 4.746063854], [4.0792446799999995, 13.683271868, 8.881258274], [6.964216728, 16.757455764, 11.860836246], [9.286639571999999, 20.12156104, 14.704100305999999], [9.815110297999999, 20.651049034000003, 15.233079666000002], [7.279061174, 17.460387952, 12.369724563], [3.83001402, 11.058720428, 7.4443672240000005], [0.04679432800000003, 5.682967682, 2.864881005], [-1.9017825259999999, 3.1113141779999993, 0.6047658259999997]]",0.0,0.0,59339953.00256479,547.4186798531925,465.7687513247807,29.0,2840.08160578163,743.2005866212509,15.776403793955609,0.6798673306138149,49.02497100830078,-124.1868133544922,59.33995300256479
08HB041,2014,0.9390000104904176,9.0,0.6330000162124634,12.0,2.049000024795532,62.20000076293945,8.072206852157437,"[[-1.9572236319999998, 3.467866612, 0.75532149], [-1.46486592, 5.074132784000001, 1.8046334320000001], [-1.3402505900000001, 6.251620494, 2.455684952], [0.6235852839999999, 8.868542424, 4.746063854], [4.0792446799999995, 13.683271868, 8.881258274], [6.964216728, 16.757455764, 11.860836246], [9.286639571999999, 20.12156104, 14.704100305999999], [9.815110297999999, 20.651049034000003, 15.233079666000002], [7.279061174, 17.460387952, 12.369724563], [3.83001402, 11.058720428, 7.4443672240000005], [0.04679432800000003, 5.682967682, 2.864881005], [-1.9017825259999999, 3.1113141779999993, 0.6047658259999997]]",0.0,0.0,59339953.00256479,547.4186798531925,465.7687513247807,29.0,2840.08160578163,743.2005866212509,15.776403793955609,0.6798673306138149,49.02497100830078,-124.1868133544922,59.33995300256479
08HB041,2015,0.9070000052452089,6.0,0.628000020980835,2.0,2.1300001144409184,62.20000076293945,8.072206852157437,"[[-1.9572236319999998, 3.467866612, 0.75532149], [-1.46486592, 5.074132784000001, 1.8046334320000001], [-1.3402505900000001, 6.251620494, 2.455684952], [0.6235852839999999, 8.868542424, 4.746063854], [4.0792446799999995, 13.683271868, 8.881258274], [6.964216728, 16.757455764, 11.860836246], [9.286639571999999, 20.12156104, 14.704100305999999], [9.815110297999999, 20.651049034000003, 15.233079666000002], [7.279061174, 17.460387952, 12.369724563], [3.83001402, 11.058720428, 7.4443672240000005], [0.04679432800000003, 5.682967682, 2.864881005], [-1.9017825259999999, 3.1113141779999993, 0.6047658259999997]]",0.0,0.0,59339953.00256479,547.4186798531925,465.7687513247807,29.0,2840.08160578163,743.2005866212509,15.776403793955609,0.6798673306138149,49.02497100830078,-124.1868133544922,59.33995300256479
08HB041,2016,0.9449999928474426,5.0,0.5989999771118164,1.0,2.0239999294281006,62.20000076293945,8.072206852157437,"[[-1.9572236319999998, 3.467866612, 0.75532149], [-1.46486592, 5.074132784000001, 1.8046334320000001], [-1.3402505900000001, 6.251620494, 2.455684952], [0.6235852839999999, 8.868542424, 4.746063854], [4.0792446799999995, 13.683271868, 8.881258274], [6.964216728, 16.757455764, 11.860836246], [9.286639571999999, 20.12156104, 14.704100305999999], [9.815110297999999, 20.651049034000003, 15.233079666000002], [7.279061174, 17.460387952, 12.369724563], [3.83001402, 11.058720428, 7.4443672240000005], [0.04679432800000003, 5.682967682, 2.864881005], [-1.9017825259999999, 3.1113141779999993, 0.6047658259999997]]",0.0,0.0,59339953.00256479,547.4186798531925,465.7687513247807,29.0,2840.08160578163,743.2005866212509,15.776403793955609,0.6798673306138149,49.02497100830078,-124.1868133544922,59.33995300256479
08HB041,2018,0.9670000076293944,7.0,0.6610000133514404,1.0,2.134999990463257,62.20000076293945,8.072206852157437,"[[-1.9572236319999998, 3.467866612, 0.75532149], [-1.46486592, 5.074132784000001, 1.8046334320000001], [-1.3402505900000001, 6.251620494, 2.455684952], [0.6235852839999999, 8.868542424, 4.746063854], [4.0792446799999995, 13.683271868, 8.881258274], [6.964216728, 16.757455764, 11.860836246], [9.286639571999999, 20.12156104, 14.704100305999999], [9.815110297999999, 20.651049034000003, 15.233079666000002], [7.279061174, 17.460387952, 12.369724563], [3.83001402, 11.058720428, 7.4443672240000005], [0.04679432800000003, 5.682967682, 2.864881005], [-1.9017825259999999, 3.1113141779999993, 0.6047658259999997]]",0.0,0.0,59339953.00256479,547.4186798531925,465.7687513247807,29.0,2840.08160578163,743.2005866212509,15.776403793955609,0.6798673306138149,49.02497100830078,-124.1868133544922,59.33995300256479
08HB041,1972,6.019999980926514,9.0,0.2660000026226044,12.0,74.80000305175781,62.20000076293945,8.072206852157437,"[[-1.9572236319999998, 3.467866612, 0.75532149], [-1.46486592, 5.074132784000001, 1.8046334320000001], [-1.3402505900000001, 6.251620494, 2.455684952], [0.6235852839999999, 8.868542424, 4.746063854], [4.0792446799999995, 13.683271868, 8.881258274], [6.964216728, 16.757455764, 11.860836246], [9.286639571999999, 20.12156104, 14.704100305999999], [9.815110297999999, 20.651049034000003, 15.233079666000002], [7.279061174, 17.460387952, 12.369724563], [3.83001402, 11.058720428, 7.4443672240000005], [0.04679432800000003, 5.682967682, 2.864881005], [-1.9017825259999999, 3.1113141779999993, 0.6047658259999997]]",0.0,0.0,59339953.00256479,547.4186798531925,465.7687513247807,29.0,2840.08160578163,743.2005866212509,15.776403793955609,0.6798673306138149,49.02497100830078,-124.1868133544922,59.33995300256479
08HB041,1973,4.900000095367432,9.0,0.15600000321865082,1.0,74.19999694824219,62.20000076293945,8.072206852157437,"[[-1.9572236319999998, 3.467866612, 0.75532149], [-1.46486592, 5.074132784000001, 1.8046334320000001], [-1.3402505900000001, 6.251620494, 2.455684952], [0.6235852839999999, 8.868542424, 4.746063854], [4.0792446799999995, 13.683271868, 8.881258274], [6.964216728, 16.757455764, 11.860836246], [9.286639571999999, 20.12156104, 14.704100305999999], [9.815110297999999, 20.651049034000003, 15.233079666000002], [7.279061174, 17.460387952, 12.369724563], [3.83001402, 11.058720428, 7.4443672240000005], [0.04679432800000003, 5.682967682, 2.864881005], [-1.9017825259999999, 3.1113141779999993, 0.6047658259999997]]",0.0,0.0,59339953.00256479,547.4186798531925,465.7687513247807,29.0,2840.08160578163,743.2005866212509,15.776403793955609,0.6798673306138149,49.02497100830078,-124.1868133544922,59.33995300256479
08HB041,1974,6.920000076293945,11.0,0.09600000083446504,1.0,109.0,62.20000076293945,8.072206852157437,"[[-1.9572236319999998, 3.467866612, 0.75532149], [-1.46486592, 5.074132784000001, 1.8046334320000001], [-1.3402505900000001, 6.251620494, 2.455684952], [0.6235852839999999, 8.868542424, 4.746063854], [4.0792446799999995, 13.683271868, 8.881258274], [6.964216728, 16.757455764, 11.860836246], [9.286639571999999, 20.12156104, 14.704100305999999], [9.815110297999999, 20.651049034000003, 15.233079666000002], [7.279061174, 17.460387952, 12.369724563], [3.83001402, 11.058720428, 7.4443672240000005], [0.04679432800000003, 5.682967682, 2.864881005], [-1.9017825259999999, 3.1113141779999993, 0.6047658259999997]]",0.0,0.0,59339953.00256479,547.4186798531925,465.7687513247807,29.0,2840.08160578163,743.2005866212509,15.776403793955609,0.6798673306138149,49.02497100830078,-124.1868133544922,59.33995300256479
08HB041,1975,5.929999828338622,9.0,0.2409999966621399,11.0,51.5,62.20000076293945,8.072206852157437,"[[-1.9572236319999998, 3.467866612, 0.75532149], [-1.46486592, 5.074132784000001, 1.8046334320000001], [-1.3402505900000001, 6.251620494, 2.455684952], [0.6235852839999999, 8.868542424, 4.746063854], [4.0792446799999995, 13.683271868, 8.881258274], [6.964216728, 16.757455764, 11.860836246], [9.286639571999999, 20.12156104, 14.704100305999999], [9.815110297999999, 20.651049034000003, 15.233079666000002], [7.279061174, 17.460387952, 12.369724563], [3.83001402, 11.058720428, 7.4443672240000005], [0.04679432800000003, 5.682967682, 2.864881005], [-1.9017825259999999, 3.1113141779999993, 0.6047658259999997]]",0.0,0.0,59339953.00256479,547.4186798531925,465.7687513247807,29.0,2840.08160578163,743.2005866212509,15.776403793955609,0.6798673306138149,49.02497100830078,-124.1868133544922,59.33995300256479
08HB041,1976,3.880000114440918,4.0,0.38199999928474426,5.0,12.600000381469727,62.20000076293945,8.072206852157437,"[[-1.9572236319999998, 3.467866612, 0.75532149], [-1.46486592, 5.074132784000001, 1.8046334320000001], [-1.3402505900000001, 6.251620494, 2.455684952], [0.6235852839999999, 8.868542424, 4.746063854], [4.0792446799999995, 13.683271868, 8.881258274], [6.964216728, 16.757455764, 11.860836246], [9.286639571999999, 20.12156104, 14.704100305999999], [9.815110297999999, 20.651049034000003, 15.233079666000002], [7.279061174, 17.460387952, 12.369724563], [3.83001402, 11.058720428, 7.4443672240000005], [0.04679432800000003, 5.682967682, 2.864881005], [-1.9017825259999999, 3.1113141779999993, 0.6047658259999997]]",0.0,0.0,59339953.00256479,547.4186798531925,465.7687513247807,29.0,2840.08160578163,743.2005866212509,15.776403793955609,0.6798673306138149,49.02497100830078,-124.1868133544922,59.33995300256479
08HB041,1977,4.25,7.0,0.4020000100135803,12.0,47.9000015258789,62.20000076293945,8.072206852157437,"[[-1.9572236319999998, 3.467866612, 0.75532149], [-1.46486592, 5.074132784000001, 1.8046334320000001], [-1.3402505900000001, 6.251620494, 2.455684952], [0.6235852839999999, 8.868542424, 4.746063854], [4.0792446799999995, 13.683271868, 8.881258274], [6.964216728, 16.757455764, 11.860836246], [9.286639571999999, 20.12156104, 14.704100305999999], [9.815110297999999, 20.651049034000003, 15.233079666000002], [7.279061174, 17.460387952, 12.369724563], [3.83001402, 11.058720428, 7.4443672240000005], [0.04679432800000003, 5.682967682, 2.864881005], [-1.9017825259999999, 3.1113141779999993, 0.6047658259999997]]",0.0,0.0,59339953.00256479,547.4186798531925,465.7687513247807,29.0,2840.08160578163,743.2005866212509,15.776403793955609,0.6798673306138149,49.02497100830078,-124.1868133544922,59.33995300256479
08HB041,1978,3.130000114440918,7.0,0.4979999959468842,2.0,27.10000038146973,62.20000076293945,8.072206852157437,"[[-1.9572236319999998, 3.467866612, 0.75532149], [-1.46486592, 5.074132784000001, 1.8046334320000001], [-1.3402505900000001, 6.251620494, 2.455684952], [0.6235852839999999, 8.868542424, 4.746063854], [4.0792446799999995, 13.683271868, 8.881258274], [6.964216728, 16.757455764, 11.860836246], [9.286639571999999, 20.12156104, 14.704100305999999], [9.815110297999999, 20.651049034000003, 15.233079666000002], [7.279061174, 17.460387952, 12.369724563], [3.83001402, 11.058720428, 7.4443672240000005], [0.04679432800000003, 5.682967682, 2.864881005], [-1.9017825259999999, 3.1113141779999993, 0.6047658259999997]]",0.0,0.0,59339953.00256479,547.4186798531925,465.7687513247807,29.0,2840.08160578163,743.2005866212509,15.776403793955609,0.6798673306138149,49.02497100830078,-124.1868133544922,59.33995300256479
08HB041,1979,4.630000114440918,6.0,0.9760000109672546,12.0,66.59999847412111,62.20000076293945,8.072206852157437,"[[-1.9572236319999998, 3.467866612, 0.75532149], [-1.46486592, 5.074132784000001, 1.8046334320000001], [-1.3402505900000001, 6.251620494, 2.455684952], [0.6235852839999999, 8.868542424, 4.746063854], [4.0792446799999995, 13.683271868, 8.881258274], [6.964216728, 16.757455764, 11.860836246], [9.286639571999999, 20.12156104, 14.704100305999999], [9.815110297999999, 20.651049034000003, 15.233079666000002], [7.279061174, 17.460387952, 12.369724563], [3.83001402, 11.058720428, 7.4443672240000005], [0.04679432800000003, 5.682967682, 2.864881005], [-1.9017825259999999, 3.1113141779999993, 0.6047658259999997]]",0.0,0.0,59339953.00256479,547.4186798531925,465.7687513247807,29.0,2840.08160578163,743.2005866212509,15.776403793955609,0.6798673306138149,49.02497100830078,-124.1868133544922,59.33995300256479
08HB041,1980,5.03000020980835,7.0,1.100000023841858,12.0,81.5,62.20000076293945,8.072206852157437,"[[-1.9572236319999998, 3.467866612, 0.75532149], [-1.46486592, 5.074132784000001, 1.8046334320000001], [-1.3402505900000001, 6.251620494, 2.455684952], [0.6235852839999999, 8.868542424, 4.746063854], [4.0792446799999995, 13.683271868, 8.881258274], [6.964216728, 16.757455764, 11.860836246], [9.286639571999999, 20.12156104, 14.704100305999999], [9.815110297999999, 20.651049034000003, 15.233079666000002], [7.279061174, 17.460387952, 12.369724563], [3.83001402, 11.058720428, 7.4443672240000005], [0.04679432800000003, 5.682967682, 2.864881005], [-1.9017825259999999, 3.1113141779999993, 0.6047658259999997]]",0.0,0.0,59339953.00256479,547.4186798531925,465.7687513247807,29.0,2840.08160578163,743.2005866212509,15.776403793955609,0.6798673306138149,49.02497100830078,-124.1868133544922,59.33995300256479
08HB041,1981,5.559999942779541,8.0,0.9229999780654908,10.0,61.20000076293945,62.20000076293945,8.072206852157437,"[[-1.9572236319999998, 3.467866612, 0.75532149], [-1.46486592, 5.074132784000001, 1.8046334320000001], [-1.3402505900000001, 6.251620494, 2.455684952], [0.6235852839999999, 8.868542424, 4.746063854], [4.0792446799999995, 13.683271868, 8.881258274], [6.964216728, 16.757455764, 11.860836246], [9.286639571999999, 20.12156104, 14.704100305999999], [9.815110297999999, 20.651049034000003, 15.233079666000002], [7.279061174, 17.460387952, 12.369724563], [3.83001402, 11.058720428, 7.4443672240000005], [0.04679432800000003, 5.682967682, 2.864881005], [-1.9017825259999999, 3.1113141779999993, 0.6047658259999997]]",0.0,0.0,59339953.00256479,547.4186798531925,465.7687513247807,29.0,2840.08160578163,743.2005866212509,15.776403793955609,0.6798673306138149,49.02497100830078,-124.1868133544922,59.33995300256479
08HB041,1982,5.139999866485597,9.0,0.5860000252723694,10.0,42.70000076293945,62.20000076293945,8.072206852157437,"[[-1.9572236319999998, 3.467866612, 0.75532149], [-1.46486592, 5.074132784000001, 1.8046334320000001], [-1.3402505900000001, 6.251620494, 2.455684952], [0.6235852839999999, 8.868542424, 4.746063854], [4.0792446799999995, 13.683271868, 8.881258274], [6.964216728, 16.757455764, 11.860836246], [9.286639571999999, 20.12156104, 14.704100305999999], [9.815110297999999, 20.651049034000003, 15.233079666000002], [7.279061174, 17.460387952, 12.369724563], [3.83001402, 11.058720428, 7.4443672240000005], [0.04679432800000003, 5.682967682, 2.864881005], [-1.9017825259999999, 3.1113141779999993, 0.6047658259999997]]",0.0,0.0,59339953.00256479,547.4186798531925,465.7687513247807,29.0,2840.08160578163,743.2005866212509,15.776403793955609,0.6798673306138149,49.02497100830078,-124.1868133544922,59.33995300256479
08HB041,1983,5.579999923706055,8.0,0.753000020980835,11.0,69.19999694824219,62.20000076293945,8.072206852157437,"[[-1.9572236319999998, 3.467866612, 0.75532149], [-1.46486592, 5.074132784000001, 1.8046334320000001], [-1.3402505900000001, 6.251620494, 2.455684952], [0.6235852839999999, 8.868542424, 4.746063854], [4.0792446799999995, 13.683271868, 8.881258274], [6.964216728, 16.757455764, 11.860836246], [9.286639571999999, 20.12156104, 14.704100305999999], [9.815110297999999, 20.651049034000003, 15.233079666000002], [7.279061174, 17.460387952, 12.369724563], [3.83001402, 11.058720428, 7.4443672240000005], [0.04679432800000003, 5.682967682, 2.864881005], [-1.9017825259999999, 3.1113141779999993, 0.6047658259999997]]",0.0,0.0,59339953.00256479,547.4186798531925,465.7687513247807,29.0,2840.08160578163,743.2005866212509,15.776403793955609,0.6798673306138149,49.02497100830078,-124.1868133544922,59.33995300256479
08HB041,1984,5.110000133514403,9.0,0.718999981880188,1.0,48.099998474121094,62.20000076293945,8.072206852157437,"[[-1.9572236319999998, 3.467866612, 0.75532149], [-1.46486592, 5.074132784000001, 1.8046334320000001], [-1.3402505900000001, 6.251620494, 2.455684952], [0.6235852839999999, 8.868542424, 4.746063854], [4.0792446799999995, 13.683271868, 8.881258274], [6.964216728, 16.757455764, 11.860836246], [9.286639571999999, 20.12156104, 14.704100305999999], [9.815110297999999, 20.651049034000003, 15.233079666000002], [7.279061174, 17.460387952, 12.369724563], [3.83001402, 11.058720428, 7.4443672240000005], [0.04679432800000003, 5.682967682, 2.864881005], [-1.9017825259999999, 3.1113141779999993, 0.6047658259999997]]",0.0,0.0,59339953.00256479,547.4186798531925,465.7687513247807,29.0,2840.08160578163,743.2005866212509,15.776403793955609,0.6798673306138149,49.02497100830078,-124.1868133544922,59.33995300256479
08HB041,1985,2.7100000381469727,7.0,0.7039999961853027,4.0,13.600000381469727,62.20000076293945,8.072206852157437,"[[-1.9572236319999998, 3.467866612, 0.75532149], [-1.46486592, 5.074132784000001, 1.8046334320000001], [-1.3402505900000001, 6.251620494, 2.455684952], [0.6235852839999999, 8.868542424, 4.746063854], [4.0792446799999995, 13.683271868, 8.881258274], [6.964216728, 16.757455764, 11.860836246], [9.286639571999999, 20.12156104, 14.704100305999999], [9.815110297999999, 20.651049034000003, 15.233079666000002], [7.279061174, 17.460387952, 12.369724563], [3.83001402, 11.058720428, 7.4443672240000005], [0.04679432800000003, 5.682967682, 2.864881005], [-1.9017825259999999, 3.1113141779999993, 0.6047658259999997]]",0.0,0.0,59339953.00256479,547.4186798531925,465.7687513247807,29.0,2840.08160578163,743.2005866212509,15.776403793955609,0.6798673306138149,49.02497100830078,-124.1868133544922,59.33995300256479
08HB041,1986,4.389999866485597,9.0,0.4370000064373016,2.0,58.5,62.20000076293945,8.072206852157437,"[[-1.9572236319999998, 3.467866612, 0.75532149], [-1.46486592, 5.074132784000001, 1.8046334320000001], [-1.3402505900000001, 6.251620494, 2.455684952], [0.6235852839999999, 8.868542424, 4.746063854], [4.0792446799999995, 13.683271868, 8.881258274], [6.964216728, 16.757455764, 11.860836246], [9.286639571999999, 20.12156104, 14.704100305999999], [9.815110297999999, 20.651049034000003, 15.233079666000002], [7.279061174, 17.460387952, 12.369724563], [3.83001402, 11.058720428, 7.4443672240000005], [0.04679432800000003, 5.682967682, 2.864881005], [-1.9017825259999999, 3.1113141779999993, 0.6047658259999997]]",0.0,0.0,59339953.00256479,547.4186798531925,465.7687513247807,29.0,2840.08160578163,743.2005866212509,15.776403793955609,0.6798673306138149,49.02497100830078,-124.1868133544922,59.33995300256479
08HB041,1987,4.3400001525878915,11.0,0.5109999775886536,3.0,51.20000076293945,62.20000076293945,8.072206852157437,"[[-1.9572236319999998, 3.467866612, 0.75532149], [-1.46486592, 5.074132784000001, 1.8046334320000001], [-1.3402505900000001, 6.251620494, 2.455684952], [0.6235852839999999, 8.868542424, 4.746063854], [4.0792446799999995, 13.683271868, 8.881258274], [6.964216728, 16.757455764, 11.860836246], [9.286639571999999, 20.12156104, 14.704100305999999], [9.815110297999999, 20.651049034000003, 15.233079666000002], [7.279061174, 17.460387952, 12.369724563], [3.83001402, 11.058720428, 7.4443672240000005], [0.04679432800000003, 5.682967682, 2.864881005], [-1.9017825259999999, 3.1113141779999993, 0.6047658259999997]]",0.0,0.0,59339953.00256479,547.4186798531925,465.7687513247807,29.0,2840.08160578163,743.2005866212509,15.776403793955609,0.6798673306138149,49.02497100830078,-124.1868133544922,59.33995300256479
08HB041,1988,4.119999885559082,7.0,0.3350000083446503,11.0,34.400001525878906,62.20000076293945,8.072206852157437,"[[-1.9572236319999998, 3.467866612, 0.75532149], [-1.46486592, 5.074132784000001, 1.8046334320000001], [-1.3402505900000001, 6.251620494, 2.455684952], [0.6235852839999999, 8.868542424, 4.746063854], [4.0792446799999995, 13.683271868, 8.881258274], [6.964216728, 16.757455764, 11.860836246], [9.286639571999999, 20.12156104, 14.704100305999999], [9.815110297999999, 20.651049034000003, 15.233079666000002], [7.279061174, 17.460387952, 12.369724563], [3.83001402, 11.058720428, 7.4443672240000005], [0.04679432800000003, 5.682967682, 2.864881005], [-1.9017825259999999, 3.1113141779999993, 0.6047658259999997]]",0.0,0.0,59339953.00256479,547.4186798531925,465.7687513247807,29.0,2840.08160578163,743.2005866212509,15.776403793955609,0.6798673306138149,49.02497100830078,-124.1868133544922,59.33995300256479
08HB041,1989,4.199999809265137,6.0,0.4810000061988831,12.0,40.0,62.20000076293945,8.072206852157437,"[[-1.9572236319999998, 3.467866612, 0.75532149], [-1.46486592, 5.074132784000001, 1.8046334320000001], [-1.3402505900000001, 6.251620494, 2.455684952], [0.6235852839999999, 8.868542424, 4.746063854], [4.0792446799999995, 13.683271868, 8.881258274], [6.964216728, 16.757455764, 11.860836246], [9.286639571999999, 20.12156104, 14.704100305999999], [9.815110297999999, 20.651049034000003, 15.233079666000002], [7.279061174, 17.460387952, 12.369724563], [3.83001402, 11.058720428, 7.4443672240000005], [0.04679432800000003, 5.682967682, 2.864881005], [-1.9017825259999999, 3.1113141779999993, 0.6047658259999997]]",0.0,0.0,59339953.00256479,547.4186798531925,465.7687513247807,29.0,2840.08160578163,743.2005866212509,15.776403793955609,0.6798673306138149,49.02497100830078,-124.1868133544922,59.33995300256479
08HB041,1990,5.050000190734863,7.0,0.75,11.0,68.0,62.20000076293945,8.072206852157437,"[[-1.9572236319999998, 3.467866612, 0.75532149], [-1.46486592, 5.074132784000001, 1.8046334320000001], [-1.3402505900000001, 6.251620494, 2.455684952], [0.6235852839999999, 8.868542424, 4.746063854], [4.0792446799999995, 13.683271868, 8.881258274], [6.964216728, 16.757455764, 11.860836246], [9.286639571999999, 20.12156104, 14.704100305999999], [9.815110297999999, 20.651049034000003, 15.233079666000002], [7.279061174, 17.460387952, 12.369724563], [3.83001402, 11.058720428, 7.4443672240000005], [0.04679432800000003, 5.682967682, 2.864881005], [-1.9017825259999999, 3.1113141779999993, 0.6047658259999997]]",0.0,0.0,59339953.00256479,547.4186798531925,465.7687513247807,29.0,2840.08160578163,743.2005866212509,15.776403793955609,0.6798673306138149,49.02497100830078,-124.1868133544922,59.33995300256479
08HB041,1991,4.1599998474121085,7.0,0.5429999828338623,8.0,67.69999694824219,62.20000076293945,8.072206852157437,"[[-1.9572236319999998, 3.467866612, 0.75532149], [-1.46486592, 5.074132784000001, 1.8046334320000001], [-1.3402505900000001, 6.251620494, 2.455684952], [0.6235852839999999, 8.868542424, 4.746063854], [4.0792446799999995, 13.683271868, 8.881258274], [6.964216728, 16.757455764, 11.860836246], [9.286639571999999, 20.12156104, 14.704100305999999], [9.815110297999999, 20.651049034000003, 15.233079666000002], [7.279061174, 17.460387952, 12.369724563], [3.83001402, 11.058720428, 7.4443672240000005], [0.04679432800000003, 5.682967682, 2.864881005], [-1.9017825259999999, 3.1113141779999993, 0.6047658259999997]]",0.0,0.0,59339953.00256479,547.4186798531925,465.7687513247807,29.0,2840.08160578163,743.2005866212509,15.776403793955609,0.6798673306138149,49.02497100830078,-124.1868133544922,59.33995300256479
08HB041,1992,3.880000114440918,7.0,0.17499999701976776,1.0,69.5,62.20000076293945,8.072206852157437,"[[-1.9572236319999998, 3.467866612, 0.75532149], [-1.46486592, 5.074132784000001, 1.8046334320000001], [-1.3402505900000001, 6.251620494, 2.455684952], [0.6235852839999999, 8.868542424, 4.746063854], [4.0792446799999995, 13.683271868, 8.881258274], [6.964216728, 16.757455764, 11.860836246], [9.286639571999999, 20.12156104, 14.704100305999999], [9.815110297999999, 20.651049034000003, 15.233079666000002], [7.279061174, 17.460387952, 12.369724563], [3.83001402, 11.058720428, 7.4443672240000005], [0.04679432800000003, 5.682967682, 2.864881005], [-1.9017825259999999, 3.1113141779999993, 0.6047658259999997]]",0.0,0.0,59339953.00256479,547.4186798531925,465.7687513247807,29.0,2840.08160578163,743.2005866212509,15.776403793955609,0.6798673306138149,49.02497100830078,-124.1868133544922,59.33995300256479
08HB041,1993,3.559999942779541,8.0,0.5429999828338623,12.0,62.29999923706055,62.20000076293945,8.072206852157437,"[[-1.9572236319999998, 3.467866612, 0.75532149], [-1.46486592, 5.074132784000001, 1.8046334320000001], [-1.3402505900000001, 6.251620494, 2.455684952], [0.6235852839999999, 8.868542424, 4.746063854], [4.0792446799999995, 13.683271868, 8.881258274], [6.964216728, 16.757455764, 11.860836246], [9.286639571999999, 20.12156104, 14.704100305999999], [9.815110297999999, 20.651049034000003, 15.233079666000002], [7.279061174, 17.460387952, 12.369724563], [3.83001402, 11.058720428, 7.4443672240000005], [0.04679432800000003, 5.682967682, 2.864881005], [-1.9017825259999999, 3.1113141779999993, 0.6047658259999997]]",0.0,0.0,59339953.00256479,547.4186798531925,465.7687513247807,29.0,2840.08160578163,743.2005866212509,15.776403793955609,0.6798673306138149,49.02497100830078,-124.1868133544922,59.33995300256479
08HB041,1994,4.420000076293945,7.0,0.7580000162124634,3.0,100.0,62.20000076293945,8.072206852157437,"[[-1.9572236319999998, 3.467866612, 0.75532149], [-1.46486592, 5.074132784000001, 1.8046334320000001], [-1.3402505900000001, 6.251620494, 2.455684952], [0.6235852839999999, 8.868542424, 4.746063854], [4.0792446799999995, 13.683271868, 8.881258274], [6.964216728, 16.757455764, 11.860836246], [9.286639571999999, 20.12156104, 14.704100305999999], [9.815110297999999, 20.651049034000003, 15.233079666000002], [7.279061174, 17.460387952, 12.369724563], [3.83001402, 11.058720428, 7.4443672240000005], [0.04679432800000003, 5.682967682, 2.864881005], [-1.9017825259999999, 3.1113141779999993, 0.6047658259999997]]",0.0,0.0,59339953.00256479,547.4186798531925,465.7687513247807,29.0,2840.08160578163,743.2005866212509,15.776403793955609,0.6798673306138149,49.02497100830078,-124.1868133544922,59.33995300256479
08HB041,1995,6.28000020980835,7.0,0.5799999833106995,11.0,53.9000015258789,62.20000076293945,8.072206852157437,"[[-1.9572236319999998, 3.467866612, 0.75532149], [-1.46486592, 5.074132784000001, 1.8046334320000001], [-1.3402505900000001, 6.251620494, 2.455684952], [0.6235852839999999, 8.868542424, 4.746063854], [4.0792446799999995, 13.683271868, 8.881258274], [6.964216728, 16.757455764, 11.860836246], [9.286639571999999, 20.12156104, 14.704100305999999], [9.815110297999999, 20.651049034000003, 15.233079666000002], [7.279061174, 17.460387952, 12.369724563], [3.83001402, 11.058720428, 7.4443672240000005], [0.04679432800000003, 5.682967682, 2.864881005], [-1.9017825259999999, 3.1113141779999993, 0.6047658259999997]]",0.0,0.0,59339953.00256479,547.4186798531925,465.7687513247807,29.0,2840.08160578163,743.2005866212509,15.776403793955609,0.6798673306138149,49.02497100830078,-124.1868133544922,59.33995300256479
08HB041,1996,4.420000076293945,7.0,0.5960000157356262,1.0,40.70000076293945,62.20000076293945,8.072206852157437,"[[-1.9572236319999998, 3.467866612, 0.75532149], [-1.46486592, 5.074132784000001, 1.8046334320000001], [-1.3402505900000001, 6.251620494, 2.455684952], [0.6235852839999999, 8.868542424, 4.746063854], [4.0792446799999995, 13.683271868, 8.881258274], [6.964216728, 16.757455764, 11.860836246], [9.286639571999999, 20.12156104, 14.704100305999999], [9.815110297999999, 20.651049034000003, 15.233079666000002], [7.279061174, 17.460387952, 12.369724563], [3.83001402, 11.058720428, 7.4443672240000005], [0.04679432800000003, 5.682967682, 2.864881005], [-1.9017825259999999, 3.1113141779999993, 0.6047658259999997]]",0.0,0.0,59339953.00256479,547.4186798531925,465.7687513247807,29.0,2840.08160578163,743.2005866212509,15.776403793955609,0.6798673306138149,49.02497100830078,-124.1868133544922,59.33995300256479
08HB041,1997,7.070000171661378,7.0,0.5960000157356262,3.0,91.0,62.20000076293945,8.072206852157437,"[[-1.9572236319999998, 3.467866612, 0.75532149], [-1.46486592, 5.074132784000001, 1.8046334320000001], [-1.3402505900000001, 6.251620494, 2.455684952], [0.6235852839999999, 8.868542424, 4.746063854], [4.0792446799999995, 13.683271868, 8.881258274], [6.964216728, 16.757455764, 11.860836246], [9.286639571999999, 20.12156104, 14.704100305999999], [9.815110297999999, 20.651049034000003, 15.233079666000002], [7.279061174, 17.460387952, 12.369724563], [3.83001402, 11.058720428, 7.4443672240000005], [0.04679432800000003, 5.682967682, 2.864881005], [-1.9017825259999999, 3.1113141779999993, 0.6047658259999997]]",0.0,0.0,59339953.00256479,547.4186798531925,465.7687513247807,29.0,2840.08160578163,743.2005866212509,15.776403793955609,0.6798673306138149,49.02497100830078,-124.1868133544922,59.33995300256479
08HB041,1998,5.300000190734863,4.0,0.4280000030994415,12.0,70.0,62.20000076293945,8.072206852157437,"[[-1.9572236319999998, 3.467866612, 0.75532149], [-1.46486592, 5.074132784000001, 1.8046334320000001], [-1.3402505900000001, 6.251620494, 2.455684952], [0.6235852839999999, 8.868542424, 4.746063854], [4.0792446799999995, 13.683271868, 8.881258274], [6.964216728, 16.757455764, 11.860836246], [9.286639571999999, 20.12156104, 14.704100305999999], [9.815110297999999, 20.651049034000003, 15.233079666000002], [7.279061174, 17.460387952, 12.369724563], [3.83001402, 11.058720428, 7.4443672240000005], [0.04679432800000003, 5.682967682, 2.864881005], [-1.9017825259999999, 3.1113141779999993, 0.6047658259999997]]",0.0,0.0,59339953.00256479,547.4186798531925,465.7687513247807,29.0,2840.08160578163,743.2005866212509,15.776403793955609,0.6798673306138149,49.02497100830078,-124.1868133544922,59.33995300256479
08HB041,1999,6.360000133514403,9.0,1.3200000524520874,1.0,44.0,62.20000076293945,8.072206852157437,"[[-1.9572236319999998, 3.467866612, 0.75532149], [-1.46486592, 5.074132784000001, 1.8046334320000001], [-1.3402505900000001, 6.251620494, 2.455684952], [0.6235852839999999, 8.868542424, 4.746063854], [4.0792446799999995, 13.683271868, 8.881258274], [6.964216728, 16.757455764, 11.860836246], [9.286639571999999, 20.12156104, 14.704100305999999], [9.815110297999999, 20.651049034000003, 15.233079666000002], [7.279061174, 17.460387952, 12.369724563], [3.83001402, 11.058720428, 7.4443672240000005], [0.04679432800000003, 5.682967682, 2.864881005], [-1.9017825259999999, 3.1113141779999993, 0.6047658259999997]]",0.0,0.0,59339953.00256479,547.4186798531925,465.7687513247807,29.0,2840.08160578163,743.2005866212509,15.776403793955609,0.6798673306138149,49.02497100830078,-124.1868133544922,59.33995300256479
08HB041,2000,3.2000000476837163,7.0,0.9629999995231628,6.0,13.800000190734865,62.20000076293945,8.072206852157437,"[[-1.9572236319999998, 3.467866612, 0.75532149], [-1.46486592, 5.074132784000001, 1.8046334320000001], [-1.3402505900000001, 6.251620494, 2.455684952], [0.6235852839999999, 8.868542424, 4.746063854], [4.0792446799999995, 13.683271868, 8.881258274], [6.964216728, 16.757455764, 11.860836246], [9.286639571999999, 20.12156104, 14.704100305999999], [9.815110297999999, 20.651049034000003, 15.233079666000002], [7.279061174, 17.460387952, 12.369724563], [3.83001402, 11.058720428, 7.4443672240000005], [0.04679432800000003, 5.682967682, 2.864881005], [-1.9017825259999999, 3.1113141779999993, 0.6047658259999997]]",0.0,0.0,59339953.00256479,547.4186798531925,465.7687513247807,29.0,2840.08160578163,743.2005866212509,15.776403793955609,0.6798673306138149,49.02497100830078,-124.1868133544922,59.33995300256479
08HB041,2003,5.300000190734863,7.0,0.3700000047683716,3.0,81.80000305175781,62.20000076293945,8.072206852157437,"[[-1.9572236319999998, 3.467866612, 0.75532149], [-1.46486592, 5.074132784000001, 1.8046334320000001], [-1.3402505900000001, 6.251620494, 2.455684952], [0.6235852839999999, 8.868542424, 4.746063854], [4.0792446799999995, 13.683271868, 8.881258274], [6.964216728, 16.757455764, 11.860836246], [9.286639571999999, 20.12156104, 14.704100305999999], [9.815110297999999, 20.651049034000003, 15.233079666000002], [7.279061174, 17.460387952, 12.369724563], [3.83001402, 11.058720428, 7.4443672240000005], [0.04679432800000003, 5.682967682, 2.864881005], [-1.9017825259999999, 3.1113141779999993, 0.6047658259999997]]",0.0,0.0,59339953.00256479,547.4186798531925,465.7687513247807,29.0,2840.08160578163,743.2005866212509,15.776403793955609,0.6798673306138149,49.02497100830078,-124.1868133544922,59.33995300256479
08HB041,2004,4.079999923706056,6.0,0.44999998807907104,1.0,41.0,62.20000076293945,8.072206852157437,"[[-1.9572236319999998, 3.467866612, 0.75532149], [-1.46486592, 5.074132784000001, 1.8046334320000001], [-1.3402505900000001, 6.251620494, 2.455684952], [0.6235852839999999, 8.868542424, 4.746063854], [4.0792446799999995, 13.683271868, 8.881258274], [6.964216728, 16.757455764, 11.860836246], [9.286639571999999, 20.12156104, 14.704100305999999], [9.815110297999999, 20.651049034000003, 15.233079666000002], [7.279061174, 17.460387952, 12.369724563], [3.83001402, 11.058720428, 7.4443672240000005], [0.04679432800000003, 5.682967682, 2.864881005], [-1.9017825259999999, 3.1113141779999993, 0.6047658259999997]]",0.0,0.0,59339953.00256479,547.4186798531925,465.7687513247807,29.0,2840.08160578163,743.2005866212509,15.776403793955609,0.6798673306138149,49.02497100830078,-124.1868133544922,59.33995300256479
08HB041,2005,4.400000095367432,3.0,0.3219999969005585,1.0,65.30000305175781,62.20000076293945,8.072206852157437,"[[-1.9572236319999998, 3.467866612, 0.75532149], [-1.46486592, 5.074132784000001, 1.8046334320000001], [-1.3402505900000001, 6.251620494, 2.455684952], [0.6235852839999999, 8.868542424, 4.746063854], [4.0792446799999995, 13.683271868, 8.881258274], [6.964216728, 16.757455764, 11.860836246], [9.286639571999999, 20.12156104, 14.704100305999999], [9.815110297999999, 20.651049034000003, 15.233079666000002], [7.279061174, 17.460387952, 12.369724563], [3.83001402, 11.058720428, 7.4443672240000005], [0.04679432800000003, 5.682967682, 2.864881005], [-1.9017825259999999, 3.1113141779999993, 0.6047658259999997]]",0.0,0.0,59339953.00256479,547.4186798531925,465.7687513247807,29.0,2840.08160578163,743.2005866212509,15.776403793955609,0.6798673306138149,49.02497100830078,-124.1868133544922,59.33995300256479
08HB041,2006,5.8499999046325675,10.0,0.3350000083446503,11.0,63.70000076293945,62.20000076293945,8.072206852157437,"[[-1.9572236319999998, 3.467866612, 0.75532149], [-1.46486592, 5.074132784000001, 1.8046334320000001], [-1.3402505900000001, 6.251620494, 2.455684952], [0.6235852839999999, 8.868542424, 4.746063854], [4.0792446799999995, 13.683271868, 8.881258274], [6.964216728, 16.757455764, 11.860836246], [9.286639571999999, 20.12156104, 14.704100305999999], [9.815110297999999, 20.651049034000003, 15.233079666000002], [7.279061174, 17.460387952, 12.369724563], [3.83001402, 11.058720428, 7.4443672240000005], [0.04679432800000003, 5.682967682, 2.864881005], [-1.9017825259999999, 3.1113141779999993, 0.6047658259999997]]",0.0,0.0,59339953.00256479,547.4186798531925,465.7687513247807,29.0,2840.08160578163,743.2005866212509,15.776403793955609,0.6798673306138149,49.02497100830078,-124.1868133544922,59.33995300256479
08HB041,2007,5.9099998474121085,7.0,0.5839999914169312,12.0,96.0,62.20000076293945,8.072206852157437,"[[-1.9572236319999998, 3.467866612, 0.75532149], [-1.46486592, 5.074132784000001, 1.8046334320000001], [-1.3402505900000001, 6.251620494, 2.455684952], [0.6235852839999999, 8.868542424, 4.746063854], [4.0792446799999995, 13.683271868, 8.881258274], [6.964216728, 16.757455764, 11.860836246], [9.286639571999999, 20.12156104, 14.704100305999999], [9.815110297999999, 20.651049034000003, 15.233079666000002], [7.279061174, 17.460387952, 12.369724563], [3.83001402, 11.058720428, 7.4443672240000005], [0.04679432800000003, 5.682967682, 2.864881005], [-1.9017825259999999, 3.1113141779999993, 0.6047658259999997]]",0.0,0.0,59339953.00256479,547.4186798531925,465.7687513247807,29.0,2840.08160578163,743.2005866212509,15.776403793955609,0.6798673306138149,49.02497100830078,-124.1868133544922,59.33995300256479
08HB041,2008,3.380000114440918,7.0,0.6309999823570251,5.0,23.10000038146973,62.20000076293945,8.072206852157437,"[[-1.9572236319999998, 3.467866612, 0.75532149], [-1.46486592, 5.074132784000001, 1.8046334320000001], [-1.3402505900000001, 6.251620494, 2.455684952], [0.6235852839999999, 8.868542424, 4.746063854], [4.0792446799999995, 13.683271868, 8.881258274], [6.964216728, 16.757455764, 11.860836246], [9.286639571999999, 20.12156104, 14.704100305999999], [9.815110297999999, 20.651049034000003, 15.233079666000002], [7.279061174, 17.460387952, 12.369724563], [3.83001402, 11.058720428, 7.4443672240000005], [0.04679432800000003, 5.682967682, 2.864881005], [-1.9017825259999999, 3.1113141779999993, 0.6047658259999997]]",0.0,0.0,59339953.00256479,547.4186798531925,465.7687513247807,29.0,2840.08160578163,743.2005866212509,15.776403793955609,0.6798673306138149,49.02497100830078,-124.1868133544922,59.33995300256479
08HB041,2009,4.070000171661377,7.0,0.5049999952316284,11.0,77.5999984741211,62.20000076293945,8.072206852157437,"[[-1.9572236319999998, 3.467866612, 0.75532149], [-1.46486592, 5.074132784000001, 1.8046334320000001], [-1.3402505900000001, 6.251620494, 2.455684952], [0.6235852839999999, 8.868542424, 4.746063854], [4.0792446799999995, 13.683271868, 8.881258274], [6.964216728, 16.757455764, 11.860836246], [9.286639571999999, 20.12156104, 14.704100305999999], [9.815110297999999, 20.651049034000003, 15.233079666000002], [7.279061174, 17.460387952, 12.369724563], [3.83001402, 11.058720428, 7.4443672240000005], [0.04679432800000003, 5.682967682, 2.864881005], [-1.9017825259999999, 3.1113141779999993, 0.6047658259999997]]",0.0,0.0,59339953.00256479,547.4186798531925,465.7687513247807,29.0,2840.08160578163,743.2005866212509,15.776403793955609,0.6798673306138149,49.02497100830078,-124.1868133544922,59.33995300256479
08HB041,2010,5.739999771118164,7.0,0.593999981880188,1.0,56.5,62.20000076293945,8.072206852157437,"[[-1.9572236319999998, 3.467866612, 0.75532149], [-1.46486592, 5.074132784000001, 1.8046334320000001], [-1.3402505900000001, 6.251620494, 2.455684952], [0.6235852839999999, 8.868542424, 4.746063854], [4.0792446799999995, 13.683271868, 8.881258274], [6.964216728, 16.757455764, 11.860836246], [9.286639571999999, 20.12156104, 14.704100305999999], [9.815110297999999, 20.651049034000003, 15.233079666000002], [7.279061174, 17.460387952, 12.369724563], [3.83001402, 11.058720428, 7.4443672240000005], [0.04679432800000003, 5.682967682, 2.864881005], [-1.9017825259999999, 3.1113141779999993, 0.6047658259999997]]",0.0,0.0,59339953.00256479,547.4186798531925,465.7687513247807,29.0,2840.08160578163,743.2005866212509,15.776403793955609,0.6798673306138149,49.02497100830078,-124.1868133544922,59.33995300256479
08HB041,2011,4.940000057220459,8.0,0.8140000104904175,11.0,37.70000076293945,62.20000076293945,8.072206852157437,"[[-1.9572236319999998, 3.467866612, 0.75532149], [-1.46486592, 5.074132784000001, 1.8046334320000001], [-1.3402505900000001, 6.251620494, 2.455684952], [0.6235852839999999, 8.868542424, 4.746063854], [4.0792446799999995, 13.683271868, 8.881258274], [6.964216728, 16.757455764, 11.860836246], [9.286639571999999, 20.12156104, 14.704100305999999], [9.815110297999999, 20.651049034000003, 15.233079666000002], [7.279061174, 17.460387952, 12.369724563], [3.83001402, 11.058720428, 7.4443672240000005], [0.04679432800000003, 5.682967682, 2.864881005], [-1.9017825259999999, 3.1113141779999993, 0.6047658259999997]]",0.0,0.0,59339953.00256479,547.4186798531925,465.7687513247807,29.0,2840.08160578163,743.2005866212509,15.776403793955609,0.6798673306138149,49.02497100830078,-124.1868133544922,59.33995300256479
08HB041,2012,4.75,9.0,0.8320000171661377,1.0,51.5,62.20000076293945,8.072206852157437,"[[-1.9572236319999998, 3.467866612, 0.75532149], [-1.46486592, 5.074132784000001, 1.8046334320000001], [-1.3402505900000001, 6.251620494, 2.455684952], [0.6235852839999999, 8.868542424, 4.746063854], [4.0792446799999995, 13.683271868, 8.881258274], [6.964216728, 16.757455764, 11.860836246], [9.286639571999999, 20.12156104, 14.704100305999999], [9.815110297999999, 20.651049034000003, 15.233079666000002], [7.279061174, 17.460387952, 12.369724563], [3.83001402, 11.058720428, 7.4443672240000005], [0.04679432800000003, 5.682967682, 2.864881005], [-1.9017825259999999, 3.1113141779999993, 0.6047658259999997]]",0.0,0.0,59339953.00256479,547.4186798531925,465.7687513247807,29.0,2840.08160578163,743.2005866212509,15.776403793955609,0.6798673306138149,49.02497100830078,-124.1868133544922,59.33995300256479
08HB041,2013,3.309999942779541,7.0,0.4350000023841858,9.0,40.400001525878906,62.20000076293945,8.072206852157437,"[[-1.9572236319999998, 3.467866612, 0.75532149], [-1.46486592, 5.074132784000001, 1.8046334320000001], [-1.3402505900000001, 6.251620494, 2.455684952], [0.6235852839999999, 8.868542424, 4.746063854], [4.0792446799999995, 13.683271868, 8.881258274], [6.964216728, 16.757455764, 11.860836246], [9.286639571999999, 20.12156104, 14.704100305999999], [9.815110297999999, 20.651049034000003, 15.233079666000002], [7.279061174, 17.460387952, 12.369724563], [3.83001402, 11.058720428, 7.4443672240000005], [0.04679432800000003, 5.682967682, 2.864881005], [-1.9017825259999999, 3.1113141779999993, 0.6047658259999997]]",0.0,0.0,59339953.00256479,547.4186798531925,465.7687513247807,29.0,2840.08160578163,743.2005866212509,15.776403793955609,0.6798673306138149,49.02497100830078,-124.1868133544922,59.33995300256479
08HB041,2014,4.670000076293945,9.0,0.3319999873638153,12.0,56.70000076293945,62.20000076293945,8.072206852157437,"[[-1.9572236319999998, 3.467866612, 0.75532149], [-1.46486592, 5.074132784000001, 1.8046334320000001], [-1.3402505900000001, 6.251620494, 2.455684952], [0.6235852839999999, 8.868542424, 4.746063854], [4.0792446799999995, 13.683271868, 8.881258274], [6.964216728, 16.757455764, 11.860836246], [9.286639571999999, 20.12156104, 14.704100305999999], [9.815110297999999, 20.651049034000003, 15.233079666000002], [7.279061174, 17.460387952, 12.369724563], [3.83001402, 11.058720428, 7.4443672240000005], [0.04679432800000003, 5.682967682, 2.864881005], [-1.9017825259999999, 3.1113141779999993, 0.6047658259999997]]",0.0,0.0,59339953.00256479,547.4186798531925,465.7687513247807,29.0,2840.08160578163,743.2005866212509,15.776403793955609,0.6798673306138149,49.02497100830078,-124.1868133544922,59.33995300256479
08HB041,2015,4.460000038146973,6.0,0.3720000088214874,2.0,65.59999847412111,62.20000076293945,8.072206852157437,"[[-1.9572236319999998, 3.467866612, 0.75532149], [-1.46486592, 5.074132784000001, 1.8046334320000001], [-1.3402505900000001, 6.251620494, 2.455684952], [0.6235852839999999, 8.868542424, 4.746063854], [4.0792446799999995, 13.683271868, 8.881258274], [6.964216728, 16.757455764, 11.860836246], [9.286639571999999, 20.12156104, 14.704100305999999], [9.815110297999999, 20.651049034000003, 15.233079666000002], [7.279061174, 17.460387952, 12.369724563], [3.83001402, 11.058720428, 7.4443672240000005], [0.04679432800000003, 5.682967682, 2.864881005], [-1.9017825259999999, 3.1113141779999993, 0.6047658259999997]]",0.0,0.0,59339953.00256479,547.4186798531925,465.7687513247807,29.0,2840.08160578163,743.2005866212509,15.776403793955609,0.6798673306138149,49.02497100830078,-124.1868133544922,59.33995300256479
08HB041,2016,5.230000019073486,5.0,0.2930000126361847,1.0,54.29999923706055,62.20000076293945,8.072206852157437,"[[-1.9572236319999998, 3.467866612, 0.75532149], [-1.46486592, 5.074132784000001, 1.8046334320000001], [-1.3402505900000001, 6.251620494, 2.455684952], [0.6235852839999999, 8.868542424, 4.746063854], [4.0792446799999995, 13.683271868, 8.881258274], [6.964216728, 16.757455764, 11.860836246], [9.286639571999999, 20.12156104, 14.704100305999999], [9.815110297999999, 20.651049034000003, 15.233079666000002], [7.279061174, 17.460387952, 12.369724563], [3.83001402, 11.058720428, 7.4443672240000005], [0.04679432800000003, 5.682967682, 2.864881005], [-1.9017825259999999, 3.1113141779999993, 0.6047658259999997]]",0.0,0.0,59339953.00256479,547.4186798531925,465.7687513247807,29.0,2840.08160578163,743.2005866212509,15.776403793955609,0.6798673306138149,49.02497100830078,-124.1868133544922,59.33995300256479
08HB041,2017,5.25,10.0,0.7360000014305115,11.0,56.5,62.20000076293945,8.072206852157437,"[[-1.9572236319999998, 3.467866612, 0.75532149], [-1.46486592, 5.074132784000001, 1.8046334320000001], [-1.3402505900000001, 6.251620494, 2.455684952], [0.6235852839999999, 8.868542424, 4.746063854], [4.0792446799999995, 13.683271868, 8.881258274], [6.964216728, 16.757455764, 11.860836246], [9.286639571999999, 20.12156104, 14.704100305999999], [9.815110297999999, 20.651049034000003, 15.233079666000002], [7.279061174, 17.460387952, 12.369724563], [3.83001402, 11.058720428, 7.4443672240000005], [0.04679432800000003, 5.682967682, 2.864881005], [-1.9017825259999999, 3.1113141779999993, 0.6047658259999997]]",0.0,0.0,59339953.00256479,547.4186798531925,465.7687513247807,29.0,2840.08160578163,743.2005866212509,15.776403793955609,0.6798673306138149,49.02497100830078,-124.1868133544922,59.33995300256479
08HB041,2018,5.199999809265137,7.0,0.5,1.0,65.19999694824219,62.20000076293945,8.072206852157437,"[[-1.9572236319999998, 3.467866612, 0.75532149], [-1.46486592, 5.074132784000001, 1.8046334320000001], [-1.3402505900000001, 6.251620494, 2.455684952], [0.6235852839999999, 8.868542424, 4.746063854], [4.0792446799999995, 13.683271868, 8.881258274], [6.964216728, 16.757455764, 11.860836246], [9.286639571999999, 20.12156104, 14.704100305999999], [9.815110297999999, 20.651049034000003, 15.233079666000002], [7.279061174, 17.460387952, 12.369724563], [3.83001402, 11.058720428, 7.4443672240000005], [0.04679432800000003, 5.682967682, 2.864881005], [-1.9017825259999999, 3.1113141779999993, 0.6047658259999997]]",0.0,0.0,59339953.00256479,547.4186798531925,465.7687513247807,29.0,2840.08160578163,743.2005866212509,15.776403793955609,0.6798673306138149,49.02497100830078,-124.1868133544922,59.33995300256479
08HB048,2011,0.22300000488758087,9.0,0.05000000074505806,1.0,0.7289999723434448,10.300000190734863,18.848933604771187,"[[0.7730219532, 6.1655596212, 3.4692907872], [1.1319141036000002, 7.850155429199999, 4.491034766399999], [1.3913174436, 9.3925371708, 5.3919273072000005], [3.0148771716000002, 11.782099702799998, 7.398488437199999], [6.1649492604, 15.6127240836, 10.888836672], [8.832225956399999, 17.9241604332, 13.3781931948], [10.6144794924, 20.395511312400004, 15.504995402400002], [11.058211793999998, 20.9912234532, 16.024717623599997], [8.8737304908, 18.891582301200003, 13.882656396000002], [6.0306698844, 13.555808187600002, 9.793239036000001], [2.7872125931999996, 8.6729217876, 5.7300671904], [0.9201189060000001, 6.0068658132, 3.4634923596]]",0.0,0.0,10151192.578681476,608.6733109123082,534.774429770987,29.0,3436.4064453125,317.1742112482853,315.46676008772585,0.6831769199572751,48.91556167602539,-124.9977798461914,10.151192578681476
08HB048,2012,0.22699999809265134,10.0,0.04199999943375588,1.0,0.6589999794960022,10.300000190734863,18.848933604771187,"[[0.7730219532, 6.1655596212, 3.4692907872], [1.1319141036000002, 7.850155429199999, 4.491034766399999], [1.3913174436, 9.3925371708, 5.3919273072000005], [3.0148771716000002, 11.782099702799998, 7.398488437199999], [6.1649492604, 15.6127240836, 10.888836672], [8.832225956399999, 17.9241604332, 13.3781931948], [10.6144794924, 20.395511312400004, 15.504995402400002], [11.058211793999998, 20.9912234532, 16.024717623599997], [8.8737304908, 18.891582301200003, 13.882656396000002], [6.0306698844, 13.555808187600002, 9.793239036000001], [2.7872125931999996, 8.6729217876, 5.7300671904], [0.9201189060000001, 6.0068658132, 3.4634923596]]",0.0,0.0,10151192.578681476,608.6733109123082,534.774429770987,29.0,3436.4064453125,317.1742112482853,315.46676008772585,0.6831769199572751,48.91556167602539,-124.9977798461914,10.151192578681476
08HB048,2013,0.20000000298023224,7.0,0.04600000008940697,3.0,0.8130000233650208,10.300000190734863,18.848933604771187,"[[0.7730219532, 6.1655596212, 3.4692907872], [1.1319141036000002, 7.850155429199999, 4.491034766399999], [1.3913174436, 9.3925371708, 5.3919273072000005], [3.0148771716000002, 11.782099702799998, 7.398488437199999], [6.1649492604, 15.6127240836, 10.888836672], [8.832225956399999, 17.9241604332, 13.3781931948], [10.6144794924, 20.395511312400004, 15.504995402400002], [11.058211793999998, 20.9912234532, 16.024717623599997], [8.8737304908, 18.891582301200003, 13.882656396000002], [6.0306698844, 13.555808187600002, 9.793239036000001], [2.7872125931999996, 8.6729217876, 5.7300671904], [0.9201189060000001, 6.0068658132, 3.4634923596]]",0.0,0.0,10151192.578681476,608.6733109123082,534.774429770987,29.0,3436.4064453125,317.1742112482853,315.46676008772585,0.6831769199572751,48.91556167602539,-124.9977798461914,10.151192578681476
08HB048,2014,0.2039999961853028,8.0,0.04100000113248825,12.0,0.7680000066757202,10.300000190734863,18.848933604771187,"[[0.7730219532, 6.1655596212, 3.4692907872], [1.1319141036000002, 7.850155429199999, 4.491034766399999], [1.3913174436, 9.3925371708, 5.3919273072000005], [3.0148771716000002, 11.782099702799998, 7.398488437199999], [6.1649492604, 15.6127240836, 10.888836672], [8.832225956399999, 17.9241604332, 13.3781931948], [10.6144794924, 20.395511312400004, 15.504995402400002], [11.058211793999998, 20.9912234532, 16.024717623599997], [8.8737304908, 18.891582301200003, 13.882656396000002], [6.0306698844, 13.555808187600002, 9.793239036000001], [2.7872125931999996, 8.6729217876, 5.7300671904], [0.9201189060000001, 6.0068658132, 3.4634923596]]",0.0,0.0,10151192.578681476,608.6733109123082,534.774429770987,29.0,3436.4064453125,317.1742112482853,315.46676008772585,0.6831769199572751,48.91556167602539,-124.9977798461914,10.151192578681476
08HB048,2015,0.2029999941587448,7.0,0.039000000804662704,1.0,0.7889999747276306,10.300000190734863,18.848933604771187,"[[0.7730219532, 6.1655596212, 3.4692907872], [1.1319141036000002, 7.850155429199999, 4.491034766399999], [1.3913174436, 9.3925371708, 5.3919273072000005], [3.0148771716000002, 11.782099702799998, 7.398488437199999], [6.1649492604, 15.6127240836, 10.888836672], [8.832225956399999, 17.9241604332, 13.3781931948], [10.6144794924, 20.395511312400004, 15.504995402400002], [11.058211793999998, 20.9912234532, 16.024717623599997], [8.8737304908, 18.891582301200003, 13.882656396000002], [6.0306698844, 13.555808187600002, 9.793239036000001], [2.7872125931999996, 8.6729217876, 5.7300671904], [0.9201189060000001, 6.0068658132, 3.4634923596]]",0.0,0.0,10151192.578681476,608.6733109123082,534.774429770987,29.0,3436.4064453125,317.1742112482853,315.46676008772585,0.6831769199572751,48.91556167602539,-124.9977798461914,10.151192578681476
08HB048,2016,0.20900000631809235,8.0,0.037000000476837165,11.0,0.6919999718666077,10.300000190734863,18.848933604771187,"[[0.7730219532, 6.1655596212, 3.4692907872], [1.1319141036000002, 7.850155429199999, 4.491034766399999], [1.3913174436, 9.3925371708, 5.3919273072000005], [3.0148771716000002, 11.782099702799998, 7.398488437199999], [6.1649492604, 15.6127240836, 10.888836672], [8.832225956399999, 17.9241604332, 13.3781931948], [10.6144794924, 20.395511312400004, 15.504995402400002], [11.058211793999998, 20.9912234532, 16.024717623599997], [8.8737304908, 18.891582301200003, 13.882656396000002], [6.0306698844, 13.555808187600002, 9.793239036000001], [2.7872125931999996, 8.6729217876, 5.7300671904], [0.9201189060000001, 6.0068658132, 3.4634923596]]",0.0,0.0,10151192.578681476,608.6733109123082,534.774429770987,29.0,3436.4064453125,317.1742112482853,315.46676008772585,0.6831769199572751,48.91556167602539,-124.9977798461914,10.151192578681476
08HB048,2017,0.1940000057220459,9.0,0.035999998450279236,11.0,0.6819999814033508,10.300000190734863,18.848933604771187,"[[0.7730219532, 6.1655596212, 3.4692907872], [1.1319141036000002, 7.850155429199999, 4.491034766399999], [1.3913174436, 9.3925371708, 5.3919273072000005], [3.0148771716000002, 11.782099702799998, 7.398488437199999], [6.1649492604, 15.6127240836, 10.888836672], [8.832225956399999, 17.9241604332, 13.3781931948], [10.6144794924, 20.395511312400004, 15.504995402400002], [11.058211793999998, 20.9912234532, 16.024717623599997], [8.8737304908, 18.891582301200003, 13.882656396000002], [6.0306698844, 13.555808187600002, 9.793239036000001], [2.7872125931999996, 8.6729217876, 5.7300671904], [0.9201189060000001, 6.0068658132, 3.4634923596]]",0.0,0.0,10151192.578681476,608.6733109123082,534.774429770987,29.0,3436.4064453125,317.1742112482853,315.46676008772585,0.6831769199572751,48.91556167602539,-124.9977798461914,10.151192578681476
08HB048,1973,0.8489999771118164,9.0,0.012000000104308128,1.0,11.0,10.300000190734863,18.848933604771187,"[[0.7730219532, 6.1655596212, 3.4692907872], [1.1319141036000002, 7.850155429199999, 4.491034766399999], [1.3913174436, 9.3925371708, 5.3919273072000005], [3.0148771716000002, 11.782099702799998, 7.398488437199999], [6.1649492604, 15.6127240836, 10.888836672], [8.832225956399999, 17.9241604332, 13.3781931948], [10.6144794924, 20.395511312400004, 15.504995402400002], [11.058211793999998, 20.9912234532, 16.024717623599997], [8.8737304908, 18.891582301200003, 13.882656396000002], [6.0306698844, 13.555808187600002, 9.793239036000001], [2.7872125931999996, 8.6729217876, 5.7300671904], [0.9201189060000001, 6.0068658132, 3.4634923596]]",0.0,0.0,10151192.578681476,608.6733109123082,534.774429770987,29.0,3436.4064453125,317.1742112482853,315.46676008772585,0.6831769199572751,48.91556167602539,-124.9977798461914,10.151192578681476
08HB048,1974,1.1100000143051147,9.0,0.05400000140070915,11.0,13.399999618530273,10.300000190734863,18.848933604771187,"[[0.7730219532, 6.1655596212, 3.4692907872], [1.1319141036000002, 7.850155429199999, 4.491034766399999], [1.3913174436, 9.3925371708, 5.3919273072000005], [3.0148771716000002, 11.782099702799998, 7.398488437199999], [6.1649492604, 15.6127240836, 10.888836672], [8.832225956399999, 17.9241604332, 13.3781931948], [10.6144794924, 20.395511312400004, 15.504995402400002], [11.058211793999998, 20.9912234532, 16.024717623599997], [8.8737304908, 18.891582301200003, 13.882656396000002], [6.0306698844, 13.555808187600002, 9.793239036000001], [2.7872125931999996, 8.6729217876, 5.7300671904], [0.9201189060000001, 6.0068658132, 3.4634923596]]",0.0,0.0,10151192.578681476,608.6733109123082,534.774429770987,29.0,3436.4064453125,317.1742112482853,315.46676008772585,0.6831769199572751,48.91556167602539,-124.9977798461914,10.151192578681476
08HB048,1975,1.0499999523162842,7.0,0.090999998152256,11.0,13.899999618530273,10.300000190734863,18.848933604771187,"[[0.7730219532, 6.1655596212, 3.4692907872], [1.1319141036000002, 7.850155429199999, 4.491034766399999], [1.3913174436, 9.3925371708, 5.3919273072000005], [3.0148771716000002, 11.782099702799998, 7.398488437199999], [6.1649492604, 15.6127240836, 10.888836672], [8.832225956399999, 17.9241604332, 13.3781931948], [10.6144794924, 20.395511312400004, 15.504995402400002], [11.058211793999998, 20.9912234532, 16.024717623599997], [8.8737304908, 18.891582301200003, 13.882656396000002], [6.0306698844, 13.555808187600002, 9.793239036000001], [2.7872125931999996, 8.6729217876, 5.7300671904], [0.9201189060000001, 6.0068658132, 3.4634923596]]",0.0,0.0,10151192.578681476,608.6733109123082,534.774429770987,29.0,3436.4064453125,317.1742112482853,315.46676008772585,0.6831769199572751,48.91556167602539,-124.9977798461914,10.151192578681476
08HB048,1976,0.7459999918937683,8.0,0.04199999943375588,2.0,9.34000015258789,10.300000190734863,18.848933604771187,"[[0.7730219532, 6.1655596212, 3.4692907872], [1.1319141036000002, 7.850155429199999, 4.491034766399999], [1.3913174436, 9.3925371708, 5.3919273072000005], [3.0148771716000002, 11.782099702799998, 7.398488437199999], [6.1649492604, 15.6127240836, 10.888836672], [8.832225956399999, 17.9241604332, 13.3781931948], [10.6144794924, 20.395511312400004, 15.504995402400002], [11.058211793999998, 20.9912234532, 16.024717623599997], [8.8737304908, 18.891582301200003, 13.882656396000002], [6.0306698844, 13.555808187600002, 9.793239036000001], [2.7872125931999996, 8.6729217876, 5.7300671904], [0.9201189060000001, 6.0068658132, 3.4634923596]]",0.0,0.0,10151192.578681476,608.6733109123082,534.774429770987,29.0,3436.4064453125,317.1742112482853,315.46676008772585,0.6831769199572751,48.91556167602539,-124.9977798461914,10.151192578681476
08HB048,1977,0.7260000109672546,8.0,0.03400000184774399,2.0,13.100000381469727,10.300000190734863,18.848933604771187,"[[0.7730219532, 6.1655596212, 3.4692907872], [1.1319141036000002, 7.850155429199999, 4.491034766399999], [1.3913174436, 9.3925371708, 5.3919273072000005], [3.0148771716000002, 11.782099702799998, 7.398488437199999], [6.1649492604, 15.6127240836, 10.888836672], [8.832225956399999, 17.9241604332, 13.3781931948], [10.6144794924, 20.395511312400004, 15.504995402400002], [11.058211793999998, 20.9912234532, 16.024717623599997], [8.8737304908, 18.891582301200003, 13.882656396000002], [6.0306698844, 13.555808187600002, 9.793239036000001], [2.7872125931999996, 8.6729217876, 5.7300671904], [0.9201189060000001, 6.0068658132, 3.4634923596]]",0.0,0.0,10151192.578681476,608.6733109123082,534.774429770987,29.0,3436.4064453125,317.1742112482853,315.46676008772585,0.6831769199572751,48.91556167602539,-124.9977798461914,10.151192578681476
08HB048,1978,0.5529999732971191,8.0,0.037000000476837165,11.0,11.399999618530273,10.300000190734863,18.848933604771187,"[[0.7730219532, 6.1655596212, 3.4692907872], [1.1319141036000002, 7.850155429199999, 4.491034766399999], [1.3913174436, 9.3925371708, 5.3919273072000005], [3.0148771716000002, 11.782099702799998, 7.398488437199999], [6.1649492604, 15.6127240836, 10.888836672], [8.832225956399999, 17.9241604332, 13.3781931948], [10.6144794924, 20.395511312400004, 15.504995402400002], [11.058211793999998, 20.9912234532, 16.024717623599997], [8.8737304908, 18.891582301200003, 13.882656396000002], [6.0306698844, 13.555808187600002, 9.793239036000001], [2.7872125931999996, 8.6729217876, 5.7300671904], [0.9201189060000001, 6.0068658132, 3.4634923596]]",0.0,0.0,10151192.578681476,608.6733109123082,534.774429770987,29.0,3436.4064453125,317.1742112482853,315.46676008772585,0.6831769199572751,48.91556167602539,-124.9977798461914,10.151192578681476
08HB048,1979,0.6690000295639038,8.0,0.03500000014901161,12.0,13.5,10.300000190734863,18.848933604771187,"[[0.7730219532, 6.1655596212, 3.4692907872], [1.1319141036000002, 7.850155429199999, 4.491034766399999], [1.3913174436, 9.3925371708, 5.3919273072000005], [3.0148771716000002, 11.782099702799998, 7.398488437199999], [6.1649492604, 15.6127240836, 10.888836672], [8.832225956399999, 17.9241604332, 13.3781931948], [10.6144794924, 20.395511312400004, 15.504995402400002], [11.058211793999998, 20.9912234532, 16.024717623599997], [8.8737304908, 18.891582301200003, 13.882656396000002], [6.0306698844, 13.555808187600002, 9.793239036000001], [2.7872125931999996, 8.6729217876, 5.7300671904], [0.9201189060000001, 6.0068658132, 3.4634923596]]",0.0,0.0,10151192.578681476,608.6733109123082,534.774429770987,29.0,3436.4064453125,317.1742112482853,315.46676008772585,0.6831769199572751,48.91556167602539,-124.9977798461914,10.151192578681476
08HB048,1980,0.8460000157356262,8.0,0.06700000166893005,12.0,21.600000381469727,10.300000190734863,18.848933604771187,"[[0.7730219532, 6.1655596212, 3.4692907872], [1.1319141036000002, 7.850155429199999, 4.491034766399999], [1.3913174436, 9.3925371708, 5.3919273072000005], [3.0148771716000002, 11.782099702799998, 7.398488437199999], [6.1649492604, 15.6127240836, 10.888836672], [8.832225956399999, 17.9241604332, 13.3781931948], [10.6144794924, 20.395511312400004, 15.504995402400002], [11.058211793999998, 20.9912234532, 16.024717623599997], [8.8737304908, 18.891582301200003, 13.882656396000002], [6.0306698844, 13.555808187600002, 9.793239036000001], [2.7872125931999996, 8.6729217876, 5.7300671904], [0.9201189060000001, 6.0068658132, 3.4634923596]]",0.0,0.0,10151192.578681476,608.6733109123082,534.774429770987,29.0,3436.4064453125,317.1742112482853,315.46676008772585,0.6831769199572751,48.91556167602539,-124.9977798461914,10.151192578681476
08HB048,1981,0.8339999914169312,8.0,0.05700000002980232,10.0,11.0,10.300000190734863,18.848933604771187,"[[0.7730219532, 6.1655596212, 3.4692907872], [1.1319141036000002, 7.850155429199999, 4.491034766399999], [1.3913174436, 9.3925371708, 5.3919273072000005], [3.0148771716000002, 11.782099702799998, 7.398488437199999], [6.1649492604, 15.6127240836, 10.888836672], [8.832225956399999, 17.9241604332, 13.3781931948], [10.6144794924, 20.395511312400004, 15.504995402400002], [11.058211793999998, 20.9912234532, 16.024717623599997], [8.8737304908, 18.891582301200003, 13.882656396000002], [6.0306698844, 13.555808187600002, 9.793239036000001], [2.7872125931999996, 8.6729217876, 5.7300671904], [0.9201189060000001, 6.0068658132, 3.4634923596]]",0.0,0.0,10151192.578681476,608.6733109123082,534.774429770987,29.0,3436.4064453125,317.1742112482853,315.46676008772585,0.6831769199572751,48.91556167602539,-124.9977798461914,10.151192578681476
08HB048,1982,0.878000020980835,9.0,0.004999999888241291,1.0,13.699999809265135,10.300000190734863,18.848933604771187,"[[0.7730219532, 6.1655596212, 3.4692907872], [1.1319141036000002, 7.850155429199999, 4.491034766399999], [1.3913174436, 9.3925371708, 5.3919273072000005], [3.0148771716000002, 11.782099702799998, 7.398488437199999], [6.1649492604, 15.6127240836, 10.888836672], [8.832225956399999, 17.9241604332, 13.3781931948], [10.6144794924, 20.395511312400004, 15.504995402400002], [11.058211793999998, 20.9912234532, 16.024717623599997], [8.8737304908, 18.891582301200003, 13.882656396000002], [6.0306698844, 13.555808187600002, 9.793239036000001], [2.7872125931999996, 8.6729217876, 5.7300671904], [0.9201189060000001, 6.0068658132, 3.4634923596]]",0.0,0.0,10151192.578681476,608.6733109123082,534.774429770987,29.0,3436.4064453125,317.1742112482853,315.46676008772585,0.6831769199572751,48.91556167602539,-124.9977798461914,10.151192578681476
08HB048,1983,0.9750000238418579,10.0,0.0130000002682209,2.0,20.0,10.300000190734863,18.848933604771187,"[[0.7730219532, 6.1655596212, 3.4692907872], [1.1319141036000002, 7.850155429199999, 4.491034766399999], [1.3913174436, 9.3925371708, 5.3919273072000005], [3.0148771716000002, 11.782099702799998, 7.398488437199999], [6.1649492604, 15.6127240836, 10.888836672], [8.832225956399999, 17.9241604332, 13.3781931948], [10.6144794924, 20.395511312400004, 15.504995402400002], [11.058211793999998, 20.9912234532, 16.024717623599997], [8.8737304908, 18.891582301200003, 13.882656396000002], [6.0306698844, 13.555808187600002, 9.793239036000001], [2.7872125931999996, 8.6729217876, 5.7300671904], [0.9201189060000001, 6.0068658132, 3.4634923596]]",0.0,0.0,10151192.578681476,608.6733109123082,534.774429770987,29.0,3436.4064453125,317.1742112482853,315.46676008772585,0.6831769199572751,48.91556167602539,-124.9977798461914,10.151192578681476
08HB048,1984,0.9660000205039978,8.0,0.020999999716877937,1.0,20.0,10.300000190734863,18.848933604771187,"[[0.7730219532, 6.1655596212, 3.4692907872], [1.1319141036000002, 7.850155429199999, 4.491034766399999], [1.3913174436, 9.3925371708, 5.3919273072000005], [3.0148771716000002, 11.782099702799998, 7.398488437199999], [6.1649492604, 15.6127240836, 10.888836672], [8.832225956399999, 17.9241604332, 13.3781931948], [10.6144794924, 20.395511312400004, 15.504995402400002], [11.058211793999998, 20.9912234532, 16.024717623599997], [8.8737304908, 18.891582301200003, 13.882656396000002], [6.0306698844, 13.555808187600002, 9.793239036000001], [2.7872125931999996, 8.6729217876, 5.7300671904], [0.9201189060000001, 6.0068658132, 3.4634923596]]",0.0,0.0,10151192.578681476,608.6733109123082,534.774429770987,29.0,3436.4064453125,317.1742112482853,315.46676008772585,0.6831769199572751,48.91556167602539,-124.9977798461914,10.151192578681476
08HB048,1985,0.4300000071525574,8.0,0.003000000026077032,11.0,4.989999771118164,10.300000190734863,18.848933604771187,"[[0.7730219532, 6.1655596212, 3.4692907872], [1.1319141036000002, 7.850155429199999, 4.491034766399999], [1.3913174436, 9.3925371708, 5.3919273072000005], [3.0148771716000002, 11.782099702799998, 7.398488437199999], [6.1649492604, 15.6127240836, 10.888836672], [8.832225956399999, 17.9241604332, 13.3781931948], [10.6144794924, 20.395511312400004, 15.504995402400002], [11.058211793999998, 20.9912234532, 16.024717623599997], [8.8737304908, 18.891582301200003, 13.882656396000002], [6.0306698844, 13.555808187600002, 9.793239036000001], [2.7872125931999996, 8.6729217876, 5.7300671904], [0.9201189060000001, 6.0068658132, 3.4634923596]]",0.0,0.0,10151192.578681476,608.6733109123082,534.774429770987,29.0,3436.4064453125,317.1742112482853,315.46676008772585,0.6831769199572751,48.91556167602539,-124.9977798461914,10.151192578681476
08HB048,1986,0.8999999761581421,9.0,0.0130000002682209,2.0,23.20000076293945,10.300000190734863,18.848933604771187,"[[0.7730219532, 6.1655596212, 3.4692907872], [1.1319141036000002, 7.850155429199999, 4.491034766399999], [1.3913174436, 9.3925371708, 5.3919273072000005], [3.0148771716000002, 11.782099702799998, 7.398488437199999], [6.1649492604, 15.6127240836, 10.888836672], [8.832225956399999, 17.9241604332, 13.3781931948], [10.6144794924, 20.395511312400004, 15.504995402400002], [11.058211793999998, 20.9912234532, 16.024717623599997], [8.8737304908, 18.891582301200003, 13.882656396000002], [6.0306698844, 13.555808187600002, 9.793239036000001], [2.7872125931999996, 8.6729217876, 5.7300671904], [0.9201189060000001, 6.0068658132, 3.4634923596]]",0.0,0.0,10151192.578681476,608.6733109123082,534.774429770987,29.0,3436.4064453125,317.1742112482853,315.46676008772585,0.6831769199572751,48.91556167602539,-124.9977798461914,10.151192578681476
08HB048,1987,0.7609999775886536,10.0,0.006000000052154064,3.0,10.600000381469727,10.300000190734863,18.848933604771187,"[[0.7730219532, 6.1655596212, 3.4692907872], [1.1319141036000002, 7.850155429199999, 4.491034766399999], [1.3913174436, 9.3925371708, 5.3919273072000005], [3.0148771716000002, 11.782099702799998, 7.398488437199999], [6.1649492604, 15.6127240836, 10.888836672], [8.832225956399999, 17.9241604332, 13.3781931948], [10.6144794924, 20.395511312400004, 15.504995402400002], [11.058211793999998, 20.9912234532, 16.024717623599997], [8.8737304908, 18.891582301200003, 13.882656396000002], [6.0306698844, 13.555808187600002, 9.793239036000001], [2.7872125931999996, 8.6729217876, 5.7300671904], [0.9201189060000001, 6.0068658132, 3.4634923596]]",0.0,0.0,10151192.578681476,608.6733109123082,534.774429770987,29.0,3436.4064453125,317.1742112482853,315.46676008772585,0.6831769199572751,48.91556167602539,-124.9977798461914,10.151192578681476
08HB048,1988,0.6899999976158142,8.0,0.017000000923871994,11.0,9.0,10.300000190734863,18.848933604771187,"[[0.7730219532, 6.1655596212, 3.4692907872], [1.1319141036000002, 7.850155429199999, 4.491034766399999], [1.3913174436, 9.3925371708, 5.3919273072000005], [3.0148771716000002, 11.782099702799998, 7.398488437199999], [6.1649492604, 15.6127240836, 10.888836672], [8.832225956399999, 17.9241604332, 13.3781931948], [10.6144794924, 20.395511312400004, 15.504995402400002], [11.058211793999998, 20.9912234532, 16.024717623599997], [8.8737304908, 18.891582301200003, 13.882656396000002], [6.0306698844, 13.555808187600002, 9.793239036000001], [2.7872125931999996, 8.6729217876, 5.7300671904], [0.9201189060000001, 6.0068658132, 3.4634923596]]",0.0,0.0,10151192.578681476,608.6733109123082,534.774429770987,29.0,3436.4064453125,317.1742112482853,315.46676008772585,0.6831769199572751,48.91556167602539,-124.9977798461914,10.151192578681476
08HB048,1989,0.7149999737739563,9.0,0.01899999938905239,11.0,24.70000076293945,10.300000190734863,18.848933604771187,"[[0.7730219532, 6.1655596212, 3.4692907872], [1.1319141036000002, 7.850155429199999, 4.491034766399999], [1.3913174436, 9.3925371708, 5.3919273072000005], [3.0148771716000002, 11.782099702799998, 7.398488437199999], [6.1649492604, 15.6127240836, 10.888836672], [8.832225956399999, 17.9241604332, 13.3781931948], [10.6144794924, 20.395511312400004, 15.504995402400002], [11.058211793999998, 20.9912234532, 16.024717623599997], [8.8737304908, 18.891582301200003, 13.882656396000002], [6.0306698844, 13.555808187600002, 9.793239036000001], [2.7872125931999996, 8.6729217876, 5.7300671904], [0.9201189060000001, 6.0068658132, 3.4634923596]]",0.0,0.0,10151192.578681476,608.6733109123082,534.774429770987,29.0,3436.4064453125,317.1742112482853,315.46676008772585,0.6831769199572751,48.91556167602539,-124.9977798461914,10.151192578681476
08HB048,1990,1.1299999952316284,8.0,0.01899999938905239,11.0,24.399999618530284,10.300000190734863,18.848933604771187,"[[0.7730219532, 6.1655596212, 3.4692907872], [1.1319141036000002, 7.850155429199999, 4.491034766399999], [1.3913174436, 9.3925371708, 5.3919273072000005], [3.0148771716000002, 11.782099702799998, 7.398488437199999], [6.1649492604, 15.6127240836, 10.888836672], [8.832225956399999, 17.9241604332, 13.3781931948], [10.6144794924, 20.395511312400004, 15.504995402400002], [11.058211793999998, 20.9912234532, 16.024717623599997], [8.8737304908, 18.891582301200003, 13.882656396000002], [6.0306698844, 13.555808187600002, 9.793239036000001], [2.7872125931999996, 8.6729217876, 5.7300671904], [0.9201189060000001, 6.0068658132, 3.4634923596]]",0.0,0.0,10151192.578681476,608.6733109123082,534.774429770987,29.0,3436.4064453125,317.1742112482853,315.46676008772585,0.6831769199572751,48.91556167602539,-124.9977798461914,10.151192578681476
08HB048,1991,0.912999987602234,10.0,0.010999999940395357,2.0,16.899999618530273,10.300000190734863,18.848933604771187,"[[0.7730219532, 6.1655596212, 3.4692907872], [1.1319141036000002, 7.850155429199999, 4.491034766399999], [1.3913174436, 9.3925371708, 5.3919273072000005], [3.0148771716000002, 11.782099702799998, 7.398488437199999], [6.1649492604, 15.6127240836, 10.888836672], [8.832225956399999, 17.9241604332, 13.3781931948], [10.6144794924, 20.395511312400004, 15.504995402400002], [11.058211793999998, 20.9912234532, 16.024717623599997], [8.8737304908, 18.891582301200003, 13.882656396000002], [6.0306698844, 13.555808187600002, 9.793239036000001], [2.7872125931999996, 8.6729217876, 5.7300671904], [0.9201189060000001, 6.0068658132, 3.4634923596]]",0.0,0.0,10151192.578681476,608.6733109123082,534.774429770987,29.0,3436.4064453125,317.1742112482853,315.46676008772585,0.6831769199572751,48.91556167602539,-124.9977798461914,10.151192578681476
08HB048,1992,0.7689999938011169,8.0,0.0130000002682209,1.0,19.0,10.300000190734863,18.848933604771187,"[[0.7730219532, 6.1655596212, 3.4692907872], [1.1319141036000002, 7.850155429199999, 4.491034766399999], [1.3913174436, 9.3925371708, 5.3919273072000005], [3.0148771716000002, 11.782099702799998, 7.398488437199999], [6.1649492604, 15.6127240836, 10.888836672], [8.832225956399999, 17.9241604332, 13.3781931948], [10.6144794924, 20.395511312400004, 15.504995402400002], [11.058211793999998, 20.9912234532, 16.024717623599997], [8.8737304908, 18.891582301200003, 13.882656396000002], [6.0306698844, 13.555808187600002, 9.793239036000001], [2.7872125931999996, 8.6729217876, 5.7300671904], [0.9201189060000001, 6.0068658132, 3.4634923596]]",0.0,0.0,10151192.578681476,608.6733109123082,534.774429770987,29.0,3436.4064453125,317.1742112482853,315.46676008772585,0.6831769199572751,48.91556167602539,-124.9977798461914,10.151192578681476
08HB048,1993,0.6480000019073486,9.0,0.004999999888241291,1.0,14.100000381469727,10.300000190734863,18.848933604771187,"[[0.7730219532, 6.1655596212, 3.4692907872], [1.1319141036000002, 7.850155429199999, 4.491034766399999], [1.3913174436, 9.3925371708, 5.3919273072000005], [3.0148771716000002, 11.782099702799998, 7.398488437199999], [6.1649492604, 15.6127240836, 10.888836672], [8.832225956399999, 17.9241604332, 13.3781931948], [10.6144794924, 20.395511312400004, 15.504995402400002], [11.058211793999998, 20.9912234532, 16.024717623599997], [8.8737304908, 18.891582301200003, 13.882656396000002], [6.0306698844, 13.555808187600002, 9.793239036000001], [2.7872125931999996, 8.6729217876, 5.7300671904], [0.9201189060000001, 6.0068658132, 3.4634923596]]",0.0,0.0,10151192.578681476,608.6733109123082,534.774429770987,29.0,3436.4064453125,317.1742112482853,315.46676008772585,0.6831769199572751,48.91556167602539,-124.9977798461914,10.151192578681476
08HB048,1994,0.7630000114440918,8.0,0.004000000189989804,12.0,14.800000190734865,10.300000190734863,18.848933604771187,"[[0.7730219532, 6.1655596212, 3.4692907872], [1.1319141036000002, 7.850155429199999, 4.491034766399999], [1.3913174436, 9.3925371708, 5.3919273072000005], [3.0148771716000002, 11.782099702799998, 7.398488437199999], [6.1649492604, 15.6127240836, 10.888836672], [8.832225956399999, 17.9241604332, 13.3781931948], [10.6144794924, 20.395511312400004, 15.504995402400002], [11.058211793999998, 20.9912234532, 16.024717623599997], [8.8737304908, 18.891582301200003, 13.882656396000002], [6.0306698844, 13.555808187600002, 9.793239036000001], [2.7872125931999996, 8.6729217876, 5.7300671904], [0.9201189060000001, 6.0068658132, 3.4634923596]]",0.0,0.0,10151192.578681476,608.6733109123082,534.774429770987,29.0,3436.4064453125,317.1742112482853,315.46676008772585,0.6831769199572751,48.91556167602539,-124.9977798461914,10.151192578681476
08HB048,1995,1.0199999809265137,7.0,0.010999999940395357,11.0,20.700000762939453,10.300000190734863,18.848933604771187,"[[0.7730219532, 6.1655596212, 3.4692907872], [1.1319141036000002, 7.850155429199999, 4.491034766399999], [1.3913174436, 9.3925371708, 5.3919273072000005], [3.0148771716000002, 11.782099702799998, 7.398488437199999], [6.1649492604, 15.6127240836, 10.888836672], [8.832225956399999, 17.9241604332, 13.3781931948], [10.6144794924, 20.395511312400004, 15.504995402400002], [11.058211793999998, 20.9912234532, 16.024717623599997], [8.8737304908, 18.891582301200003, 13.882656396000002], [6.0306698844, 13.555808187600002, 9.793239036000001], [2.7872125931999996, 8.6729217876, 5.7300671904], [0.9201189060000001, 6.0068658132, 3.4634923596]]",0.0,0.0,10151192.578681476,608.6733109123082,534.774429770987,29.0,3436.4064453125,317.1742112482853,315.46676008772585,0.6831769199572751,48.91556167602539,-124.9977798461914,10.151192578681476
08HB048,1996,0.6499999761581421,8.0,0.004000000189989804,11.0,8.229999542236326,10.300000190734863,18.848933604771187,"[[0.7730219532, 6.1655596212, 3.4692907872], [1.1319141036000002, 7.850155429199999, 4.491034766399999], [1.3913174436, 9.3925371708, 5.3919273072000005], [3.0148771716000002, 11.782099702799998, 7.398488437199999], [6.1649492604, 15.6127240836, 10.888836672], [8.832225956399999, 17.9241604332, 13.3781931948], [10.6144794924, 20.395511312400004, 15.504995402400002], [11.058211793999998, 20.9912234532, 16.024717623599997], [8.8737304908, 18.891582301200003, 13.882656396000002], [6.0306698844, 13.555808187600002, 9.793239036000001], [2.7872125931999996, 8.6729217876, 5.7300671904], [0.9201189060000001, 6.0068658132, 3.4634923596]]",0.0,0.0,10151192.578681476,608.6733109123082,534.774429770987,29.0,3436.4064453125,317.1742112482853,315.46676008772585,0.6831769199572751,48.91556167602539,-124.9977798461914,10.151192578681476
08HB048,1997,1.1100000143051147,8.0,0.06599999964237213,3.0,12.800000190734865,10.300000190734863,18.848933604771187,"[[0.7730219532, 6.1655596212, 3.4692907872], [1.1319141036000002, 7.850155429199999, 4.491034766399999], [1.3913174436, 9.3925371708, 5.3919273072000005], [3.0148771716000002, 11.782099702799998, 7.398488437199999], [6.1649492604, 15.6127240836, 10.888836672], [8.832225956399999, 17.9241604332, 13.3781931948], [10.6144794924, 20.395511312400004, 15.504995402400002], [11.058211793999998, 20.9912234532, 16.024717623599997], [8.8737304908, 18.891582301200003, 13.882656396000002], [6.0306698844, 13.555808187600002, 9.793239036000001], [2.7872125931999996, 8.6729217876, 5.7300671904], [0.9201189060000001, 6.0068658132, 3.4634923596]]",0.0,0.0,10151192.578681476,608.6733109123082,534.774429770987,29.0,3436.4064453125,317.1742112482853,315.46676008772585,0.6831769199572751,48.91556167602539,-124.9977798461914,10.151192578681476
08HB048,1998,0.8069999814033508,9.0,0.0130000002682209,1.0,11.300000190734865,10.300000190734863,18.848933604771187,"[[0.7730219532, 6.1655596212, 3.4692907872], [1.1319141036000002, 7.850155429199999, 4.491034766399999], [1.3913174436, 9.3925371708, 5.3919273072000005], [3.0148771716000002, 11.782099702799998, 7.398488437199999], [6.1649492604, 15.6127240836, 10.888836672], [8.832225956399999, 17.9241604332, 13.3781931948], [10.6144794924, 20.395511312400004, 15.504995402400002], [11.058211793999998, 20.9912234532, 16.024717623599997], [8.8737304908, 18.891582301200003, 13.882656396000002], [6.0306698844, 13.555808187600002, 9.793239036000001], [2.7872125931999996, 8.6729217876, 5.7300671904], [0.9201189060000001, 6.0068658132, 3.4634923596]]",0.0,0.0,10151192.578681476,608.6733109123082,534.774429770987,29.0,3436.4064453125,317.1742112482853,315.46676008772585,0.6831769199572751,48.91556167602539,-124.9977798461914,10.151192578681476
08HB048,1999,0.99099999666214,8.0,0.01899999938905239,11.0,13.100000381469727,10.300000190734863,18.848933604771187,"[[0.7730219532, 6.1655596212, 3.4692907872], [1.1319141036000002, 7.850155429199999, 4.491034766399999], [1.3913174436, 9.3925371708, 5.3919273072000005], [3.0148771716000002, 11.782099702799998, 7.398488437199999], [6.1649492604, 15.6127240836, 10.888836672], [8.832225956399999, 17.9241604332, 13.3781931948], [10.6144794924, 20.395511312400004, 15.504995402400002], [11.058211793999998, 20.9912234532, 16.024717623599997], [8.8737304908, 18.891582301200003, 13.882656396000002], [6.0306698844, 13.555808187600002, 9.793239036000001], [2.7872125931999996, 8.6729217876, 5.7300671904], [0.9201189060000001, 6.0068658132, 3.4634923596]]",0.0,0.0,10151192.578681476,608.6733109123082,534.774429770987,29.0,3436.4064453125,317.1742112482853,315.46676008772585,0.6831769199572751,48.91556167602539,-124.9977798461914,10.151192578681476
08HB048,2000,0.6050000190734863,7.0,0.010999999940395357,10.0,6.679999828338622,10.300000190734863,18.848933604771187,"[[0.7730219532, 6.1655596212, 3.4692907872], [1.1319141036000002, 7.850155429199999, 4.491034766399999], [1.3913174436, 9.3925371708, 5.3919273072000005], [3.0148771716000002, 11.782099702799998, 7.398488437199999], [6.1649492604, 15.6127240836, 10.888836672], [8.832225956399999, 17.9241604332, 13.3781931948], [10.6144794924, 20.395511312400004, 15.504995402400002], [11.058211793999998, 20.9912234532, 16.024717623599997], [8.8737304908, 18.891582301200003, 13.882656396000002], [6.0306698844, 13.555808187600002, 9.793239036000001], [2.7872125931999996, 8.6729217876, 5.7300671904], [0.9201189060000001, 6.0068658132, 3.4634923596]]",0.0,0.0,10151192.578681476,608.6733109123082,534.774429770987,29.0,3436.4064453125,317.1742112482853,315.46676008772585,0.6831769199572751,48.91556167602539,-124.9977798461914,10.151192578681476
08HB048,2001,0.7250000238418579,7.0,0.03500000014901161,12.0,9.59000015258789,10.300000190734863,18.848933604771187,"[[0.7730219532, 6.1655596212, 3.4692907872], [1.1319141036000002, 7.850155429199999, 4.491034766399999], [1.3913174436, 9.3925371708, 5.3919273072000005], [3.0148771716000002, 11.782099702799998, 7.398488437199999], [6.1649492604, 15.6127240836, 10.888836672], [8.832225956399999, 17.9241604332, 13.3781931948], [10.6144794924, 20.395511312400004, 15.504995402400002], [11.058211793999998, 20.9912234532, 16.024717623599997], [8.8737304908, 18.891582301200003, 13.882656396000002], [6.0306698844, 13.555808187600002, 9.793239036000001], [2.7872125931999996, 8.6729217876, 5.7300671904], [0.9201189060000001, 6.0068658132, 3.4634923596]]",0.0,0.0,10151192.578681476,608.6733109123082,534.774429770987,29.0,3436.4064453125,317.1742112482853,315.46676008772585,0.6831769199572751,48.91556167602539,-124.9977798461914,10.151192578681476
08HB048,2002,0.7549999952316284,8.0,0.017000000923871994,11.0,17.899999618530273,10.300000190734863,18.848933604771187,"[[0.7730219532, 6.1655596212, 3.4692907872], [1.1319141036000002, 7.850155429199999, 4.491034766399999], [1.3913174436, 9.3925371708, 5.3919273072000005], [3.0148771716000002, 11.782099702799998, 7.398488437199999], [6.1649492604, 15.6127240836, 10.888836672], [8.832225956399999, 17.9241604332, 13.3781931948], [10.6144794924, 20.395511312400004, 15.504995402400002], [11.058211793999998, 20.9912234532, 16.024717623599997], [8.8737304908, 18.891582301200003, 13.882656396000002], [6.0306698844, 13.555808187600002, 9.793239036000001], [2.7872125931999996, 8.6729217876, 5.7300671904], [0.9201189060000001, 6.0068658132, 3.4634923596]]",0.0,0.0,10151192.578681476,608.6733109123082,534.774429770987,29.0,3436.4064453125,317.1742112482853,315.46676008772585,0.6831769199572751,48.91556167602539,-124.9977798461914,10.151192578681476
08HB048,2003,0.8339999914169312,8.0,0.010999999940395357,10.0,14.800000190734865,10.300000190734863,18.848933604771187,"[[0.7730219532, 6.1655596212, 3.4692907872], [1.1319141036000002, 7.850155429199999, 4.491034766399999], [1.3913174436, 9.3925371708, 5.3919273072000005], [3.0148771716000002, 11.782099702799998, 7.398488437199999], [6.1649492604, 15.6127240836, 10.888836672], [8.832225956399999, 17.9241604332, 13.3781931948], [10.6144794924, 20.395511312400004, 15.504995402400002], [11.058211793999998, 20.9912234532, 16.024717623599997], [8.8737304908, 18.891582301200003, 13.882656396000002], [6.0306698844, 13.555808187600002, 9.793239036000001], [2.7872125931999996, 8.6729217876, 5.7300671904], [0.9201189060000001, 6.0068658132, 3.4634923596]]",0.0,0.0,10151192.578681476,608.6733109123082,534.774429770987,29.0,3436.4064453125,317.1742112482853,315.46676008772585,0.6831769199572751,48.91556167602539,-124.9977798461914,10.151192578681476
08HB048,2004,0.6029999852180481,8.0,0.019999999552965164,11.0,14.199999809265135,10.300000190734863,18.848933604771187,"[[0.7730219532, 6.1655596212, 3.4692907872], [1.1319141036000002, 7.850155429199999, 4.491034766399999], [1.3913174436, 9.3925371708, 5.3919273072000005], [3.0148771716000002, 11.782099702799998, 7.398488437199999], [6.1649492604, 15.6127240836, 10.888836672], [8.832225956399999, 17.9241604332, 13.3781931948], [10.6144794924, 20.395511312400004, 15.504995402400002], [11.058211793999998, 20.9912234532, 16.024717623599997], [8.8737304908, 18.891582301200003, 13.882656396000002], [6.0306698844, 13.555808187600002, 9.793239036000001], [2.7872125931999996, 8.6729217876, 5.7300671904], [0.9201189060000001, 6.0068658132, 3.4634923596]]",0.0,0.0,10151192.578681476,608.6733109123082,534.774429770987,29.0,3436.4064453125,317.1742112482853,315.46676008772585,0.6831769199572751,48.91556167602539,-124.9977798461914,10.151192578681476
08HB048,2005,0.8399999737739563,8.0,0.0130000002682209,1.0,13.5,10.300000190734863,18.848933604771187,"[[0.7730219532, 6.1655596212, 3.4692907872], [1.1319141036000002, 7.850155429199999, 4.491034766399999], [1.3913174436, 9.3925371708, 5.3919273072000005], [3.0148771716000002, 11.782099702799998, 7.398488437199999], [6.1649492604, 15.6127240836, 10.888836672], [8.832225956399999, 17.9241604332, 13.3781931948], [10.6144794924, 20.395511312400004, 15.504995402400002], [11.058211793999998, 20.9912234532, 16.024717623599997], [8.8737304908, 18.891582301200003, 13.882656396000002], [6.0306698844, 13.555808187600002, 9.793239036000001], [2.7872125931999996, 8.6729217876, 5.7300671904], [0.9201189060000001, 6.0068658132, 3.4634923596]]",0.0,0.0,10151192.578681476,608.6733109123082,534.774429770987,29.0,3436.4064453125,317.1742112482853,315.46676008772585,0.6831769199572751,48.91556167602539,-124.9977798461914,10.151192578681476
08HB048,2006,0.7910000085830688,8.0,0.0130000002682209,11.0,11.300000190734865,10.300000190734863,18.848933604771187,"[[0.7730219532, 6.1655596212, 3.4692907872], [1.1319141036000002, 7.850155429199999, 4.491034766399999], [1.3913174436, 9.3925371708, 5.3919273072000005], [3.0148771716000002, 11.782099702799998, 7.398488437199999], [6.1649492604, 15.6127240836, 10.888836672], [8.832225956399999, 17.9241604332, 13.3781931948], [10.6144794924, 20.395511312400004, 15.504995402400002], [11.058211793999998, 20.9912234532, 16.024717623599997], [8.8737304908, 18.891582301200003, 13.882656396000002], [6.0306698844, 13.555808187600002, 9.793239036000001], [2.7872125931999996, 8.6729217876, 5.7300671904], [0.9201189060000001, 6.0068658132, 3.4634923596]]",0.0,0.0,10151192.578681476,608.6733109123082,534.774429770987,29.0,3436.4064453125,317.1742112482853,315.46676008772585,0.6831769199572751,48.91556167602539,-124.9977798461914,10.151192578681476
08HB048,2007,1.0299999713897705,9.0,0.03500000014901161,10.0,12.800000190734865,10.300000190734863,18.848933604771187,"[[0.7730219532, 6.1655596212, 3.4692907872], [1.1319141036000002, 7.850155429199999, 4.491034766399999], [1.3913174436, 9.3925371708, 5.3919273072000005], [3.0148771716000002, 11.782099702799998, 7.398488437199999], [6.1649492604, 15.6127240836, 10.888836672], [8.832225956399999, 17.9241604332, 13.3781931948], [10.6144794924, 20.395511312400004, 15.504995402400002], [11.058211793999998, 20.9912234532, 16.024717623599997], [8.8737304908, 18.891582301200003, 13.882656396000002], [6.0306698844, 13.555808187600002, 9.793239036000001], [2.7872125931999996, 8.6729217876, 5.7300671904], [0.9201189060000001, 6.0068658132, 3.4634923596]]",0.0,0.0,10151192.578681476,608.6733109123082,534.774429770987,29.0,3436.4064453125,317.1742112482853,315.46676008772585,0.6831769199572751,48.91556167602539,-124.9977798461914,10.151192578681476
08HB048,2008,0.5989999771118164,7.0,0.014000000432133676,11.0,7.809999942779541,10.300000190734863,18.848933604771187,"[[0.7730219532, 6.1655596212, 3.4692907872], [1.1319141036000002, 7.850155429199999, 4.491034766399999], [1.3913174436, 9.3925371708, 5.3919273072000005], [3.0148771716000002, 11.782099702799998, 7.398488437199999], [6.1649492604, 15.6127240836, 10.888836672], [8.832225956399999, 17.9241604332, 13.3781931948], [10.6144794924, 20.395511312400004, 15.504995402400002], [11.058211793999998, 20.9912234532, 16.024717623599997], [8.8737304908, 18.891582301200003, 13.882656396000002], [6.0306698844, 13.555808187600002, 9.793239036000001], [2.7872125931999996, 8.6729217876, 5.7300671904], [0.9201189060000001, 6.0068658132, 3.4634923596]]",0.0,0.0,10151192.578681476,608.6733109123082,534.774429770987,29.0,3436.4064453125,317.1742112482853,315.46676008772585,0.6831769199572751,48.91556167602539,-124.9977798461914,10.151192578681476
08HB048,2009,0.7099999785423279,12.0,0.008000000379979609,1.0,11.0,10.300000190734863,18.848933604771187,"[[0.7730219532, 6.1655596212, 3.4692907872], [1.1319141036000002, 7.850155429199999, 4.491034766399999], [1.3913174436, 9.3925371708, 5.3919273072000005], [3.0148771716000002, 11.782099702799998, 7.398488437199999], [6.1649492604, 15.6127240836, 10.888836672], [8.832225956399999, 17.9241604332, 13.3781931948], [10.6144794924, 20.395511312400004, 15.504995402400002], [11.058211793999998, 20.9912234532, 16.024717623599997], [8.8737304908, 18.891582301200003, 13.882656396000002], [6.0306698844, 13.555808187600002, 9.793239036000001], [2.7872125931999996, 8.6729217876, 5.7300671904], [0.9201189060000001, 6.0068658132, 3.4634923596]]",0.0,0.0,10151192.578681476,608.6733109123082,534.774429770987,29.0,3436.4064453125,317.1742112482853,315.46676008772585,0.6831769199572751,48.91556167602539,-124.9977798461914,10.151192578681476
08HB048,2010,0.9559999704360962,7.0,0.0130000002682209,12.0,11.300000190734865,10.300000190734863,18.848933604771187,"[[0.7730219532, 6.1655596212, 3.4692907872], [1.1319141036000002, 7.850155429199999, 4.491034766399999], [1.3913174436, 9.3925371708, 5.3919273072000005], [3.0148771716000002, 11.782099702799998, 7.398488437199999], [6.1649492604, 15.6127240836, 10.888836672], [8.832225956399999, 17.9241604332, 13.3781931948], [10.6144794924, 20.395511312400004, 15.504995402400002], [11.058211793999998, 20.9912234532, 16.024717623599997], [8.8737304908, 18.891582301200003, 13.882656396000002], [6.0306698844, 13.555808187600002, 9.793239036000001], [2.7872125931999996, 8.6729217876, 5.7300671904], [0.9201189060000001, 6.0068658132, 3.4634923596]]",0.0,0.0,10151192.578681476,608.6733109123082,534.774429770987,29.0,3436.4064453125,317.1742112482853,315.46676008772585,0.6831769199572751,48.91556167602539,-124.9977798461914,10.151192578681476
08HB048,2011,0.7829999923706055,9.0,0.016000000759959217,1.0,10.199999809265137,10.300000190734863,18.848933604771187,"[[0.7730219532, 6.1655596212, 3.4692907872], [1.1319141036000002, 7.850155429199999, 4.491034766399999], [1.3913174436, 9.3925371708, 5.3919273072000005], [3.0148771716000002, 11.782099702799998, 7.398488437199999], [6.1649492604, 15.6127240836, 10.888836672], [8.832225956399999, 17.9241604332, 13.3781931948], [10.6144794924, 20.395511312400004, 15.504995402400002], [11.058211793999998, 20.9912234532, 16.024717623599997], [8.8737304908, 18.891582301200003, 13.882656396000002], [6.0306698844, 13.555808187600002, 9.793239036000001], [2.7872125931999996, 8.6729217876, 5.7300671904], [0.9201189060000001, 6.0068658132, 3.4634923596]]",0.0,0.0,10151192.578681476,608.6733109123082,534.774429770987,29.0,3436.4064453125,317.1742112482853,315.46676008772585,0.6831769199572751,48.91556167602539,-124.9977798461914,10.151192578681476
08HB048,2012,0.7580000162124634,10.0,0.004000000189989804,1.0,7.380000114440918,10.300000190734863,18.848933604771187,"[[0.7730219532, 6.1655596212, 3.4692907872], [1.1319141036000002, 7.850155429199999, 4.491034766399999], [1.3913174436, 9.3925371708, 5.3919273072000005], [3.0148771716000002, 11.782099702799998, 7.398488437199999], [6.1649492604, 15.6127240836, 10.888836672], [8.832225956399999, 17.9241604332, 13.3781931948], [10.6144794924, 20.395511312400004, 15.504995402400002], [11.058211793999998, 20.9912234532, 16.024717623599997], [8.8737304908, 18.891582301200003, 13.882656396000002], [6.0306698844, 13.555808187600002, 9.793239036000001], [2.7872125931999996, 8.6729217876, 5.7300671904], [0.9201189060000001, 6.0068658132, 3.4634923596]]",0.0,0.0,10151192.578681476,608.6733109123082,534.774429770987,29.0,3436.4064453125,317.1742112482853,315.46676008772585,0.6831769199572751,48.91556167602539,-124.9977798461914,10.151192578681476
08HB048,2013,0.5870000123977661,7.0,0.017999999225139618,3.0,14.699999809265135,10.300000190734863,18.848933604771187,"[[0.7730219532, 6.1655596212, 3.4692907872], [1.1319141036000002, 7.850155429199999, 4.491034766399999], [1.3913174436, 9.3925371708, 5.3919273072000005], [3.0148771716000002, 11.782099702799998, 7.398488437199999], [6.1649492604, 15.6127240836, 10.888836672], [8.832225956399999, 17.9241604332, 13.3781931948], [10.6144794924, 20.395511312400004, 15.504995402400002], [11.058211793999998, 20.9912234532, 16.024717623599997], [8.8737304908, 18.891582301200003, 13.882656396000002], [6.0306698844, 13.555808187600002, 9.793239036000001], [2.7872125931999996, 8.6729217876, 5.7300671904], [0.9201189060000001, 6.0068658132, 3.4634923596]]",0.0,0.0,10151192.578681476,608.6733109123082,534.774429770987,29.0,3436.4064453125,317.1742112482853,315.46676008772585,0.6831769199572751,48.91556167602539,-124.9977798461914,10.151192578681476
08HB048,2014,0.6850000023841858,8.0,0.008999999612569809,12.0,10.199999809265137,10.300000190734863,18.848933604771187,"[[0.7730219532, 6.1655596212, 3.4692907872], [1.1319141036000002, 7.850155429199999, 4.491034766399999], [1.3913174436, 9.3925371708, 5.3919273072000005], [3.0148771716000002, 11.782099702799998, 7.398488437199999], [6.1649492604, 15.6127240836, 10.888836672], [8.832225956399999, 17.9241604332, 13.3781931948], [10.6144794924, 20.395511312400004, 15.504995402400002], [11.058211793999998, 20.9912234532, 16.024717623599997], [8.8737304908, 18.891582301200003, 13.882656396000002], [6.0306698844, 13.555808187600002, 9.793239036000001], [2.7872125931999996, 8.6729217876, 5.7300671904], [0.9201189060000001, 6.0068658132, 3.4634923596]]",0.0,0.0,10151192.578681476,608.6733109123082,534.774429770987,29.0,3436.4064453125,317.1742112482853,315.46676008772585,0.6831769199572751,48.91556167602539,-124.9977798461914,10.151192578681476
08HB048,2015,0.8560000061988831,7.0,0.008999999612569809,1.0,12.899999618530273,10.300000190734863,18.848933604771187,"[[0.7730219532, 6.1655596212, 3.4692907872], [1.1319141036000002, 7.850155429199999, 4.491034766399999], [1.3913174436, 9.3925371708, 5.3919273072000005], [3.0148771716000002, 11.782099702799998, 7.398488437199999], [6.1649492604, 15.6127240836, 10.888836672], [8.832225956399999, 17.9241604332, 13.3781931948], [10.6144794924, 20.395511312400004, 15.504995402400002], [11.058211793999998, 20.9912234532, 16.024717623599997], [8.8737304908, 18.891582301200003, 13.882656396000002], [6.0306698844, 13.555808187600002, 9.793239036000001], [2.7872125931999996, 8.6729217876, 5.7300671904], [0.9201189060000001, 6.0068658132, 3.4634923596]]",0.0,0.0,10151192.578681476,608.6733109123082,534.774429770987,29.0,3436.4064453125,317.1742112482853,315.46676008772585,0.6831769199572751,48.91556167602539,-124.9977798461914,10.151192578681476
08HB048,2016,0.9480000138282776,8.0,0.008999999612569809,11.0,10.100000381469727,10.300000190734863,18.848933604771187,"[[0.7730219532, 6.1655596212, 3.4692907872], [1.1319141036000002, 7.850155429199999, 4.491034766399999], [1.3913174436, 9.3925371708, 5.3919273072000005], [3.0148771716000002, 11.782099702799998, 7.398488437199999], [6.1649492604, 15.6127240836, 10.888836672], [8.832225956399999, 17.9241604332, 13.3781931948], [10.6144794924, 20.395511312400004, 15.504995402400002], [11.058211793999998, 20.9912234532, 16.024717623599997], [8.8737304908, 18.891582301200003, 13.882656396000002], [6.0306698844, 13.555808187600002, 9.793239036000001], [2.7872125931999996, 8.6729217876, 5.7300671904], [0.9201189060000001, 6.0068658132, 3.4634923596]]",0.0,0.0,10151192.578681476,608.6733109123082,534.774429770987,29.0,3436.4064453125,317.1742112482853,315.46676008772585,0.6831769199572751,48.91556167602539,-124.9977798461914,10.151192578681476
08HB048,2017,0.8119999766349792,9.0,0.004999999888241291,11.0,10.699999809265137,10.300000190734863,18.848933604771187,"[[0.7730219532, 6.1655596212, 3.4692907872], [1.1319141036000002, 7.850155429199999, 4.491034766399999], [1.3913174436, 9.3925371708, 5.3919273072000005], [3.0148771716000002, 11.782099702799998, 7.398488437199999], [6.1649492604, 15.6127240836, 10.888836672], [8.832225956399999, 17.9241604332, 13.3781931948], [10.6144794924, 20.395511312400004, 15.504995402400002], [11.058211793999998, 20.9912234532, 16.024717623599997], [8.8737304908, 18.891582301200003, 13.882656396000002], [6.0306698844, 13.555808187600002, 9.793239036000001], [2.7872125931999996, 8.6729217876, 5.7300671904], [0.9201189060000001, 6.0068658132, 3.4634923596]]",0.0,0.0,10151192.578681476,608.6733109123082,534.774429770987,29.0,3436.4064453125,317.1742112482853,315.46676008772585,0.6831769199572751,48.91556167602539,-124.9977798461914,10.151192578681476
08HB048,2018,0.8600000143051147,8.0,0.008999999612569809,,,10.300000190734863,18.848933604771187,"[[0.7730219532, 6.1655596212, 3.4692907872], [1.1319141036000002, 7.850155429199999, 4.491034766399999], [1.3913174436, 9.3925371708, 5.3919273072000005], [3.0148771716000002, 11.782099702799998, 7.398488437199999], [6.1649492604, 15.6127240836, 10.888836672], [8.832225956399999, 17.9241604332, 13.3781931948], [10.6144794924, 20.395511312400004, 15.504995402400002], [11.058211793999998, 20.9912234532, 16.024717623599997], [8.8737304908, 18.891582301200003, 13.882656396000002], [6.0306698844, 13.555808187600002, 9.793239036000001], [2.7872125931999996, 8.6729217876, 5.7300671904], [0.9201189060000001, 6.0068658132, 3.4634923596]]",0.0,0.0,10151192.578681476,608.6733109123082,534.774429770987,29.0,3436.4064453125,317.1742112482853,315.46676008772585,0.6831769199572751,48.91556167602539,-124.9977798461914,10.151192578681476
08HB048,1974,8.0,1.0,0.0,9.0,76.0,10.300000190734863,18.848933604771187,"[[0.7730219532, 6.1655596212, 3.4692907872], [1.1319141036000002, 7.850155429199999, 4.491034766399999], [1.3913174436, 9.3925371708, 5.3919273072000005], [3.0148771716000002, 11.782099702799998, 7.398488437199999], [6.1649492604, 15.6127240836, 10.888836672], [8.832225956399999, 17.9241604332, 13.3781931948], [10.6144794924, 20.395511312400004, 15.504995402400002], [11.058211793999998, 20.9912234532, 16.024717623599997], [8.8737304908, 18.891582301200003, 13.882656396000002], [6.0306698844, 13.555808187600002, 9.793239036000001], [2.7872125931999996, 8.6729217876, 5.7300671904], [0.9201189060000001, 6.0068658132, 3.4634923596]]",0.0,0.0,10151192.578681476,608.6733109123082,534.774429770987,29.0,3436.4064453125,317.1742112482853,315.46676008772585,0.6831769199572751,48.91556167602539,-124.9977798461914,10.151192578681476
08HB048,1975,4.0,7.0,1.0,11.0,27.0,10.300000190734863,18.848933604771187,"[[0.7730219532, 6.1655596212, 3.4692907872], [1.1319141036000002, 7.850155429199999, 4.491034766399999], [1.3913174436, 9.3925371708, 5.3919273072000005], [3.0148771716000002, 11.782099702799998, 7.398488437199999], [6.1649492604, 15.6127240836, 10.888836672], [8.832225956399999, 17.9241604332, 13.3781931948], [10.6144794924, 20.395511312400004, 15.504995402400002], [11.058211793999998, 20.9912234532, 16.024717623599997], [8.8737304908, 18.891582301200003, 13.882656396000002], [6.0306698844, 13.555808187600002, 9.793239036000001], [2.7872125931999996, 8.6729217876, 5.7300671904], [0.9201189060000001, 6.0068658132, 3.4634923596]]",0.0,0.0,10151192.578681476,608.6733109123082,534.774429770987,29.0,3436.4064453125,317.1742112482853,315.46676008772585,0.6831769199572751,48.91556167602539,-124.9977798461914,10.151192578681476
08HB048,1976,4.0,1.0,0.0,12.0,17.0,10.300000190734863,18.848933604771187,"[[0.7730219532, 6.1655596212, 3.4692907872], [1.1319141036000002, 7.850155429199999, 4.491034766399999], [1.3913174436, 9.3925371708, 5.3919273072000005], [3.0148771716000002, 11.782099702799998, 7.398488437199999], [6.1649492604, 15.6127240836, 10.888836672], [8.832225956399999, 17.9241604332, 13.3781931948], [10.6144794924, 20.395511312400004, 15.504995402400002], [11.058211793999998, 20.9912234532, 16.024717623599997], [8.8737304908, 18.891582301200003, 13.882656396000002], [6.0306698844, 13.555808187600002, 9.793239036000001], [2.7872125931999996, 8.6729217876, 5.7300671904], [0.9201189060000001, 6.0068658132, 3.4634923596]]",0.0,0.0,10151192.578681476,608.6733109123082,534.774429770987,29.0,3436.4064453125,317.1742112482853,315.46676008772585,0.6831769199572751,48.91556167602539,-124.9977798461914,10.151192578681476
08HB048,1977,3.0,4.0,0.0,2.0,27.0,10.300000190734863,18.848933604771187,"[[0.7730219532, 6.1655596212, 3.4692907872], [1.1319141036000002, 7.850155429199999, 4.491034766399999], [1.3913174436, 9.3925371708, 5.3919273072000005], [3.0148771716000002, 11.782099702799998, 7.398488437199999], [6.1649492604, 15.6127240836, 10.888836672], [8.832225956399999, 17.9241604332, 13.3781931948], [10.6144794924, 20.395511312400004, 15.504995402400002], [11.058211793999998, 20.9912234532, 16.024717623599997], [8.8737304908, 18.891582301200003, 13.882656396000002], [6.0306698844, 13.555808187600002, 9.793239036000001], [2.7872125931999996, 8.6729217876, 5.7300671904], [0.9201189060000001, 6.0068658132, 3.4634923596]]",0.0,0.0,10151192.578681476,608.6733109123082,534.774429770987,29.0,3436.4064453125,317.1742112482853,315.46676008772585,0.6831769199572751,48.91556167602539,-124.9977798461914,10.151192578681476
08HB048,1978,4.0,1.0,0.0,11.0,99.0,10.300000190734863,18.848933604771187,"[[0.7730219532, 6.1655596212, 3.4692907872], [1.1319141036000002, 7.850155429199999, 4.491034766399999], [1.3913174436, 9.3925371708, 5.3919273072000005], [3.0148771716000002, 11.782099702799998, 7.398488437199999], [6.1649492604, 15.6127240836, 10.888836672], [8.832225956399999, 17.9241604332, 13.3781931948], [10.6144794924, 20.395511312400004, 15.504995402400002], [11.058211793999998, 20.9912234532, 16.024717623599997], [8.8737304908, 18.891582301200003, 13.882656396000002], [6.0306698844, 13.555808187600002, 9.793239036000001], [2.7872125931999996, 8.6729217876, 5.7300671904], [0.9201189060000001, 6.0068658132, 3.4634923596]]",0.0,0.0,10151192.578681476,608.6733109123082,534.774429770987,29.0,3436.4064453125,317.1742112482853,315.46676008772585,0.6831769199572751,48.91556167602539,-124.9977798461914,10.151192578681476
08HB048,1979,2.0,1.0,0.0,12.0,41.0,10.300000190734863,18.848933604771187,"[[0.7730219532, 6.1655596212, 3.4692907872], [1.1319141036000002, 7.850155429199999, 4.491034766399999], [1.3913174436, 9.3925371708, 5.3919273072000005], [3.0148771716000002, 11.782099702799998, 7.398488437199999], [6.1649492604, 15.6127240836, 10.888836672], [8.832225956399999, 17.9241604332, 13.3781931948], [10.6144794924, 20.395511312400004, 15.504995402400002], [11.058211793999998, 20.9912234532, 16.024717623599997], [8.8737304908, 18.891582301200003, 13.882656396000002], [6.0306698844, 13.555808187600002, 9.793239036000001], [2.7872125931999996, 8.6729217876, 5.7300671904], [0.9201189060000001, 6.0068658132, 3.4634923596]]",0.0,0.0,10151192.578681476,608.6733109123082,534.774429770987,29.0,3436.4064453125,317.1742112482853,315.46676008772585,0.6831769199572751,48.91556167602539,-124.9977798461914,10.151192578681476
08HB048,1980,3.0,11.0,0.0,12.0,38.0,10.300000190734863,18.848933604771187,"[[0.7730219532, 6.1655596212, 3.4692907872], [1.1319141036000002, 7.850155429199999, 4.491034766399999], [1.3913174436, 9.3925371708, 5.3919273072000005], [3.0148771716000002, 11.782099702799998, 7.398488437199999], [6.1649492604, 15.6127240836, 10.888836672], [8.832225956399999, 17.9241604332, 13.3781931948], [10.6144794924, 20.395511312400004, 15.504995402400002], [11.058211793999998, 20.9912234532, 16.024717623599997], [8.8737304908, 18.891582301200003, 13.882656396000002], [6.0306698844, 13.555808187600002, 9.793239036000001], [2.7872125931999996, 8.6729217876, 5.7300671904], [0.9201189060000001, 6.0068658132, 3.4634923596]]",0.0,0.0,10151192.578681476,608.6733109123082,534.774429770987,29.0,3436.4064453125,317.1742112482853,315.46676008772585,0.6831769199572751,48.91556167602539,-124.9977798461914,10.151192578681476
08HB048,1981,2.0,2.0,0.0,2.0,17.0,10.300000190734863,18.848933604771187,"[[0.7730219532, 6.1655596212, 3.4692907872], [1.1319141036000002, 7.850155429199999, 4.491034766399999], [1.3913174436, 9.3925371708, 5.3919273072000005], [3.0148771716000002, 11.782099702799998, 7.398488437199999], [6.1649492604, 15.6127240836, 10.888836672], [8.832225956399999, 17.9241604332, 13.3781931948], [10.6144794924, 20.395511312400004, 15.504995402400002], [11.058211793999998, 20.9912234532, 16.024717623599997], [8.8737304908, 18.891582301200003, 13.882656396000002], [6.0306698844, 13.555808187600002, 9.793239036000001], [2.7872125931999996, 8.6729217876, 5.7300671904], [0.9201189060000001, 6.0068658132, 3.4634923596]]",0.0,0.0,10151192.578681476,608.6733109123082,534.774429770987,29.0,3436.4064453125,317.1742112482853,315.46676008772585,0.6831769199572751,48.91556167602539,-124.9977798461914,10.151192578681476
08HB048,1982,3.0,1.0,0.0,10.0,45.0,10.300000190734863,18.848933604771187,"[[0.7730219532, 6.1655596212, 3.4692907872], [1.1319141036000002, 7.850155429199999, 4.491034766399999], [1.3913174436, 9.3925371708, 5.3919273072000005], [3.0148771716000002, 11.782099702799998, 7.398488437199999], [6.1649492604, 15.6127240836, 10.888836672], [8.832225956399999, 17.9241604332, 13.3781931948], [10.6144794924, 20.395511312400004, 15.504995402400002], [11.058211793999998, 20.9912234532, 16.024717623599997], [8.8737304908, 18.891582301200003, 13.882656396000002], [6.0306698844, 13.555808187600002, 9.793239036000001], [2.7872125931999996, 8.6729217876, 5.7300671904], [0.9201189060000001, 6.0068658132, 3.4634923596]]",0.0,0.0,10151192.578681476,608.6733109123082,534.774429770987,29.0,3436.4064453125,317.1742112482853,315.46676008772585,0.6831769199572751,48.91556167602539,-124.9977798461914,10.151192578681476
08HB048,1983,2.0,1.0,0.0,2.0,49.0,10.300000190734863,18.848933604771187,"[[0.7730219532, 6.1655596212, 3.4692907872], [1.1319141036000002, 7.850155429199999, 4.491034766399999], [1.3913174436, 9.3925371708, 5.3919273072000005], [3.0148771716000002, 11.782099702799998, 7.398488437199999], [6.1649492604, 15.6127240836, 10.888836672], [8.832225956399999, 17.9241604332, 13.3781931948], [10.6144794924, 20.395511312400004, 15.504995402400002], [11.058211793999998, 20.9912234532, 16.024717623599997], [8.8737304908, 18.891582301200003, 13.882656396000002], [6.0306698844, 13.555808187600002, 9.793239036000001], [2.7872125931999996, 8.6729217876, 5.7300671904], [0.9201189060000001, 6.0068658132, 3.4634923596]]",0.0,0.0,10151192.578681476,608.6733109123082,534.774429770987,29.0,3436.4064453125,317.1742112482853,315.46676008772585,0.6831769199572751,48.91556167602539,-124.9977798461914,10.151192578681476
08HB048,1984,3.0,5.0,0.0,1.0,88.0,10.300000190734863,18.848933604771187,"[[0.7730219532, 6.1655596212, 3.4692907872], [1.1319141036000002, 7.850155429199999, 4.491034766399999], [1.3913174436, 9.3925371708, 5.3919273072000005], [3.0148771716000002, 11.782099702799998, 7.398488437199999], [6.1649492604, 15.6127240836, 10.888836672], [8.832225956399999, 17.9241604332, 13.3781931948], [10.6144794924, 20.395511312400004, 15.504995402400002], [11.058211793999998, 20.9912234532, 16.024717623599997], [8.8737304908, 18.891582301200003, 13.882656396000002], [6.0306698844, 13.555808187600002, 9.793239036000001], [2.7872125931999996, 8.6729217876, 5.7300671904], [0.9201189060000001, 6.0068658132, 3.4634923596]]",0.0,0.0,10151192.578681476,608.6733109123082,534.774429770987,29.0,3436.4064453125,317.1742112482853,315.46676008772585,0.6831769199572751,48.91556167602539,-124.9977798461914,10.151192578681476
08HB048,1985,2.0,1.0,0.0,2.0,16.0,10.300000190734863,18.848933604771187,"[[0.7730219532, 6.1655596212, 3.4692907872], [1.1319141036000002, 7.850155429199999, 4.491034766399999], [1.3913174436, 9.3925371708, 5.3919273072000005], [3.0148771716000002, 11.782099702799998, 7.398488437199999], [6.1649492604, 15.6127240836, 10.888836672], [8.832225956399999, 17.9241604332, 13.3781931948], [10.6144794924, 20.395511312400004, 15.504995402400002], [11.058211793999998, 20.9912234532, 16.024717623599997], [8.8737304908, 18.891582301200003, 13.882656396000002], [6.0306698844, 13.555808187600002, 9.793239036000001], [2.7872125931999996, 8.6729217876, 5.7300671904], [0.9201189060000001, 6.0068658132, 3.4634923596]]",0.0,0.0,10151192.578681476,608.6733109123082,534.774429770987,29.0,3436.4064453125,317.1742112482853,315.46676008772585,0.6831769199572751,48.91556167602539,-124.9977798461914,10.151192578681476
08HB048,1974,0.7599999904632568,1.0,0.0,11.0,30.10000038146973,10.300000190734863,18.848933604771187,"[[0.7730219532, 6.1655596212, 3.4692907872], [1.1319141036000002, 7.850155429199999, 4.491034766399999], [1.3913174436, 9.3925371708, 5.3919273072000005], [3.0148771716000002, 11.782099702799998, 7.398488437199999], [6.1649492604, 15.6127240836, 10.888836672], [8.832225956399999, 17.9241604332, 13.3781931948], [10.6144794924, 20.395511312400004, 15.504995402400002], [11.058211793999998, 20.9912234532, 16.024717623599997], [8.8737304908, 18.891582301200003, 13.882656396000002], [6.0306698844, 13.555808187600002, 9.793239036000001], [2.7872125931999996, 8.6729217876, 5.7300671904], [0.9201189060000001, 6.0068658132, 3.4634923596]]",0.0,0.0,10151192.578681476,608.6733109123082,534.774429770987,29.0,3436.4064453125,317.1742112482853,315.46676008772585,0.6831769199572751,48.91556167602539,-124.9977798461914,10.151192578681476
08HB048,1975,0.7699999809265137,7.0,0.009999999776482582,11.0,32.400001525878906,10.300000190734863,18.848933604771187,"[[0.7730219532, 6.1655596212, 3.4692907872], [1.1319141036000002, 7.850155429199999, 4.491034766399999], [1.3913174436, 9.3925371708, 5.3919273072000005], [3.0148771716000002, 11.782099702799998, 7.398488437199999], [6.1649492604, 15.6127240836, 10.888836672], [8.832225956399999, 17.9241604332, 13.3781931948], [10.6144794924, 20.395511312400004, 15.504995402400002], [11.058211793999998, 20.9912234532, 16.024717623599997], [8.8737304908, 18.891582301200003, 13.882656396000002], [6.0306698844, 13.555808187600002, 9.793239036000001], [2.7872125931999996, 8.6729217876, 5.7300671904], [0.9201189060000001, 6.0068658132, 3.4634923596]]",0.0,0.0,10151192.578681476,608.6733109123082,534.774429770987,29.0,3436.4064453125,317.1742112482853,315.46676008772585,0.6831769199572751,48.91556167602539,-124.9977798461914,10.151192578681476
08HB048,1976,0.3199999928474426,1.0,0.0,12.0,12.600000381469727,10.300000190734863,18.848933604771187,"[[0.7730219532, 6.1655596212, 3.4692907872], [1.1319141036000002, 7.850155429199999, 4.491034766399999], [1.3913174436, 9.3925371708, 5.3919273072000005], [3.0148771716000002, 11.782099702799998, 7.398488437199999], [6.1649492604, 15.6127240836, 10.888836672], [8.832225956399999, 17.9241604332, 13.3781931948], [10.6144794924, 20.395511312400004, 15.504995402400002], [11.058211793999998, 20.9912234532, 16.024717623599997], [8.8737304908, 18.891582301200003, 13.882656396000002], [6.0306698844, 13.555808187600002, 9.793239036000001], [2.7872125931999996, 8.6729217876, 5.7300671904], [0.9201189060000001, 6.0068658132, 3.4634923596]]",0.0,0.0,10151192.578681476,608.6733109123082,534.774429770987,29.0,3436.4064453125,317.1742112482853,315.46676008772585,0.6831769199572751,48.91556167602539,-124.9977798461914,10.151192578681476
08HB048,1977,0.4000000059604645,4.0,0.0,2.0,30.60000038146973,10.300000190734863,18.848933604771187,"[[0.7730219532, 6.1655596212, 3.4692907872], [1.1319141036000002, 7.850155429199999, 4.491034766399999], [1.3913174436, 9.3925371708, 5.3919273072000005], [3.0148771716000002, 11.782099702799998, 7.398488437199999], [6.1649492604, 15.6127240836, 10.888836672], [8.832225956399999, 17.9241604332, 13.3781931948], [10.6144794924, 20.395511312400004, 15.504995402400002], [11.058211793999998, 20.9912234532, 16.024717623599997], [8.8737304908, 18.891582301200003, 13.882656396000002], [6.0306698844, 13.555808187600002, 9.793239036000001], [2.7872125931999996, 8.6729217876, 5.7300671904], [0.9201189060000001, 6.0068658132, 3.4634923596]]",0.0,0.0,10151192.578681476,608.6733109123082,534.774429770987,29.0,3436.4064453125,317.1742112482853,315.46676008772585,0.6831769199572751,48.91556167602539,-124.9977798461914,10.151192578681476
08HB048,1978,0.5899999737739563,1.0,0.0,11.0,97.5,10.300000190734863,18.848933604771187,"[[0.7730219532, 6.1655596212, 3.4692907872], [1.1319141036000002, 7.850155429199999, 4.491034766399999], [1.3913174436, 9.3925371708, 5.3919273072000005], [3.0148771716000002, 11.782099702799998, 7.398488437199999], [6.1649492604, 15.6127240836, 10.888836672], [8.832225956399999, 17.9241604332, 13.3781931948], [10.6144794924, 20.395511312400004, 15.504995402400002], [11.058211793999998, 20.9912234532, 16.024717623599997], [8.8737304908, 18.891582301200003, 13.882656396000002], [6.0306698844, 13.555808187600002, 9.793239036000001], [2.7872125931999996, 8.6729217876, 5.7300671904], [0.9201189060000001, 6.0068658132, 3.4634923596]]",0.0,0.0,10151192.578681476,608.6733109123082,534.774429770987,29.0,3436.4064453125,317.1742112482853,315.46676008772585,0.6831769199572751,48.91556167602539,-124.9977798461914,10.151192578681476
08HB048,1979,0.5400000214576721,1.0,0.0,12.0,47.79999923706055,10.300000190734863,18.848933604771187,"[[0.7730219532, 6.1655596212, 3.4692907872], [1.1319141036000002, 7.850155429199999, 4.491034766399999], [1.3913174436, 9.3925371708, 5.3919273072000005], [3.0148771716000002, 11.782099702799998, 7.398488437199999], [6.1649492604, 15.6127240836, 10.888836672], [8.832225956399999, 17.9241604332, 13.3781931948], [10.6144794924, 20.395511312400004, 15.504995402400002], [11.058211793999998, 20.9912234532, 16.024717623599997], [8.8737304908, 18.891582301200003, 13.882656396000002], [6.0306698844, 13.555808187600002, 9.793239036000001], [2.7872125931999996, 8.6729217876, 5.7300671904], [0.9201189060000001, 6.0068658132, 3.4634923596]]",0.0,0.0,10151192.578681476,608.6733109123082,534.774429770987,29.0,3436.4064453125,317.1742112482853,315.46676008772585,0.6831769199572751,48.91556167602539,-124.9977798461914,10.151192578681476
08HB048,1980,0.75,11.0,0.0,12.0,70.9000015258789,10.300000190734863,18.848933604771187,"[[0.7730219532, 6.1655596212, 3.4692907872], [1.1319141036000002, 7.850155429199999, 4.491034766399999], [1.3913174436, 9.3925371708, 5.3919273072000005], [3.0148771716000002, 11.782099702799998, 7.398488437199999], [6.1649492604, 15.6127240836, 10.888836672], [8.832225956399999, 17.9241604332, 13.3781931948], [10.6144794924, 20.395511312400004, 15.504995402400002], [11.058211793999998, 20.9912234532, 16.024717623599997], [8.8737304908, 18.891582301200003, 13.882656396000002], [6.0306698844, 13.555808187600002, 9.793239036000001], [2.7872125931999996, 8.6729217876, 5.7300671904], [0.9201189060000001, 6.0068658132, 3.4634923596]]",0.0,0.0,10151192.578681476,608.6733109123082,534.774429770987,29.0,3436.4064453125,317.1742112482853,315.46676008772585,0.6831769199572751,48.91556167602539,-124.9977798461914,10.151192578681476
08HB048,1981,0.3400000035762787,2.0,0.0,10.0,14.300000190734865,10.300000190734863,18.848933604771187,"[[0.7730219532, 6.1655596212, 3.4692907872], [1.1319141036000002, 7.850155429199999, 4.491034766399999], [1.3913174436, 9.3925371708, 5.3919273072000005], [3.0148771716000002, 11.782099702799998, 7.398488437199999], [6.1649492604, 15.6127240836, 10.888836672], [8.832225956399999, 17.9241604332, 13.3781931948], [10.6144794924, 20.395511312400004, 15.504995402400002], [11.058211793999998, 20.9912234532, 16.024717623599997], [8.8737304908, 18.891582301200003, 13.882656396000002], [6.0306698844, 13.555808187600002, 9.793239036000001], [2.7872125931999996, 8.6729217876, 5.7300671904], [0.9201189060000001, 6.0068658132, 3.4634923596]]",0.0,0.0,10151192.578681476,608.6733109123082,534.774429770987,29.0,3436.4064453125,317.1742112482853,315.46676008772585,0.6831769199572751,48.91556167602539,-124.9977798461914,10.151192578681476
08HB048,1982,0.6800000071525574,1.0,0.0,1.0,52.099998474121094,10.300000190734863,18.848933604771187,"[[0.7730219532, 6.1655596212, 3.4692907872], [1.1319141036000002, 7.850155429199999, 4.491034766399999], [1.3913174436, 9.3925371708, 5.3919273072000005], [3.0148771716000002, 11.782099702799998, 7.398488437199999], [6.1649492604, 15.6127240836, 10.888836672], [8.832225956399999, 17.9241604332, 13.3781931948], [10.6144794924, 20.395511312400004, 15.504995402400002], [11.058211793999998, 20.9912234532, 16.024717623599997], [8.8737304908, 18.891582301200003, 13.882656396000002], [6.0306698844, 13.555808187600002, 9.793239036000001], [2.7872125931999996, 8.6729217876, 5.7300671904], [0.9201189060000001, 6.0068658132, 3.4634923596]]",0.0,0.0,10151192.578681476,608.6733109123082,534.774429770987,29.0,3436.4064453125,317.1742112482853,315.46676008772585,0.6831769199572751,48.91556167602539,-124.9977798461914,10.151192578681476
08HB048,1983,0.6499999761581421,1.0,0.0,2.0,84.69999694824219,10.300000190734863,18.848933604771187,"[[0.7730219532, 6.1655596212, 3.4692907872], [1.1319141036000002, 7.850155429199999, 4.491034766399999], [1.3913174436, 9.3925371708, 5.3919273072000005], [3.0148771716000002, 11.782099702799998, 7.398488437199999], [6.1649492604, 15.6127240836, 10.888836672], [8.832225956399999, 17.9241604332, 13.3781931948], [10.6144794924, 20.395511312400004, 15.504995402400002], [11.058211793999998, 20.9912234532, 16.024717623599997], [8.8737304908, 18.891582301200003, 13.882656396000002], [6.0306698844, 13.555808187600002, 9.793239036000001], [2.7872125931999996, 8.6729217876, 5.7300671904], [0.9201189060000001, 6.0068658132, 3.4634923596]]",0.0,0.0,10151192.578681476,608.6733109123082,534.774429770987,29.0,3436.4064453125,317.1742112482853,315.46676008772585,0.6831769199572751,48.91556167602539,-124.9977798461914,10.151192578681476
08HB048,1984,0.8399999737739563,5.0,0.0,1.0,152.0,10.300000190734863,18.848933604771187,"[[0.7730219532, 6.1655596212, 3.4692907872], [1.1319141036000002, 7.850155429199999, 4.491034766399999], [1.3913174436, 9.3925371708, 5.3919273072000005], [3.0148771716000002, 11.782099702799998, 7.398488437199999], [6.1649492604, 15.6127240836, 10.888836672], [8.832225956399999, 17.9241604332, 13.3781931948], [10.6144794924, 20.395511312400004, 15.504995402400002], [11.058211793999998, 20.9912234532, 16.024717623599997], [8.8737304908, 18.891582301200003, 13.882656396000002], [6.0306698844, 13.555808187600002, 9.793239036000001], [2.7872125931999996, 8.6729217876, 5.7300671904], [0.9201189060000001, 6.0068658132, 3.4634923596]]",0.0,0.0,10151192.578681476,608.6733109123082,534.774429770987,29.0,3436.4064453125,317.1742112482853,315.46676008772585,0.6831769199572751,48.91556167602539,-124.9977798461914,10.151192578681476
08HB048,1985,0.20999999344348907,1.0,0.0,2.0,6.050000190734862,10.300000190734863,18.848933604771187,"[[0.7730219532, 6.1655596212, 3.4692907872], [1.1319141036000002, 7.850155429199999, 4.491034766399999], [1.3913174436, 9.3925371708, 5.3919273072000005], [3.0148771716000002, 11.782099702799998, 7.398488437199999], [6.1649492604, 15.6127240836, 10.888836672], [8.832225956399999, 17.9241604332, 13.3781931948], [10.6144794924, 20.395511312400004, 15.504995402400002], [11.058211793999998, 20.9912234532, 16.024717623599997], [8.8737304908, 18.891582301200003, 13.882656396000002], [6.0306698844, 13.555808187600002, 9.793239036000001], [2.7872125931999996, 8.6729217876, 5.7300671904], [0.9201189060000001, 6.0068658132, 3.4634923596]]",0.0,0.0,10151192.578681476,608.6733109123082,534.774429770987,29.0,3436.4064453125,317.1742112482853,315.46676008772585,0.6831769199572751,48.91556167602539,-124.9977798461914,10.151192578681476
08HB062,1978,0.12300000339746475,6.0,0.0,3.0,2.5299999713897705,3.890000104904175,2.8443874073362543,"[[-0.36926828399999995, 4.8905159099999995, 2.2606238129999996], [0.10986494400000002, 7.251086303999999, 3.6804756239999996], [0.674448684, 9.919888902, 5.297168793], [2.726786874, 13.224992634, 7.975889754], [6.21805065, 18.065153778000003, 12.141602214000002], [9.326313024, 21.074232522000003, 15.200272773000002], [11.123825579999998, 24.324403782, 17.724114681], [11.410695156, 24.707405184000002, 18.05905017], [8.601509574, 20.990307912, 14.795908742999998], [5.551231476, 14.018461674, 9.784846575], [2.114900172, 7.91943138, 5.017165776], [0.03204394200000002, 4.695200454, 2.363622198]]",0.0,0.0,3061801.4126541456,626.5006917636962,548.8512049057651,29.0,2207.7852376302103,32.06546275395033,201.77996628951226,0.6518907895183753,49.27082824707031,-124.83361053466795,3.061801412654145
08HB062,1979,0.16699999570846558,5.0,0.0,12.0,3.109999895095825,3.890000104904175,2.8443874073362543,"[[-0.36926828399999995, 4.8905159099999995, 2.2606238129999996], [0.10986494400000002, 7.251086303999999, 3.6804756239999996], [0.674448684, 9.919888902, 5.297168793], [2.726786874, 13.224992634, 7.975889754], [6.21805065, 18.065153778000003, 12.141602214000002], [9.326313024, 21.074232522000003, 15.200272773000002], [11.123825579999998, 24.324403782, 17.724114681], [11.410695156, 24.707405184000002, 18.05905017], [8.601509574, 20.990307912, 14.795908742999998], [5.551231476, 14.018461674, 9.784846575], [2.114900172, 7.91943138, 5.017165776], [0.03204394200000002, 4.695200454, 2.363622198]]",0.0,0.0,3061801.4126541456,626.5006917636962,548.8512049057651,29.0,2207.7852376302103,32.06546275395033,201.77996628951226,0.6518907895183753,49.27082824707031,-124.83361053466795,3.061801412654145
08HB069,1981,0.2540000081062317,8.0,0.017000000923871994,10.0,4.119999885559082,2.5299999713897705,30.647074962982376,"[[0.29449908599999997, 5.711451186, 3.002975136], [0.6698709780000001, 7.493704722, 4.08178785], [0.939955632, 9.14015298, 5.040054306], [2.633706852, 11.671624397999999, 7.152665624999999], [5.860989582, 15.736627325999999, 10.798808454], [8.604561378, 18.211640369999998, 13.408100873999999], [10.452428699999999, 20.897227890000003, 15.674828295000001], [10.888836672, 21.472492944000003, 16.180664808000003], [8.604561378, 19.099715334000003, 13.852138356000001], [5.685510852, 13.398945462, 9.542228157], [2.360570394, 8.259707526, 5.31013896], [0.45471879600000004, 5.519187534, 2.986953165]]",0.0,0.0,2942259.9995705974,604.3625061958261,528.0131614280723,29.0,3656.34794921875,526.0458860759494,308.49117785007684,0.7849121310149931,48.92889022827149,-124.94110870361328,2.9422599995705974
08HB069,1982,0.2680000066757202,6.0,0.012000000104308128,10.0,5.0,2.5299999713897705,30.647074962982376,"[[0.29449908599999997, 5.711451186, 3.002975136], [0.6698709780000001, 7.493704722, 4.08178785], [0.939955632, 9.14015298, 5.040054306], [2.633706852, 11.671624397999999, 7.152665624999999], [5.860989582, 15.736627325999999, 10.798808454], [8.604561378, 18.211640369999998, 13.408100873999999], [10.452428699999999, 20.897227890000003, 15.674828295000001], [10.888836672, 21.472492944000003, 16.180664808000003], [8.604561378, 19.099715334000003, 13.852138356000001], [5.685510852, 13.398945462, 9.542228157], [2.360570394, 8.259707526, 5.31013896], [0.45471879600000004, 5.519187534, 2.986953165]]",0.0,0.0,2942259.9995705974,604.3625061958261,528.0131614280723,29.0,3656.34794921875,526.0458860759494,308.49117785007684,0.7849121310149931,48.92889022827149,-124.94110870361328,2.9422599995705974
08HB069,1983,0.3190000057220459,10.0,0.014000000432133676,2.0,6.630000114440918,2.5299999713897705,30.647074962982376,"[[0.29449908599999997, 5.711451186, 3.002975136], [0.6698709780000001, 7.493704722, 4.08178785], [0.939955632, 9.14015298, 5.040054306], [2.633706852, 11.671624397999999, 7.152665624999999], [5.860989582, 15.736627325999999, 10.798808454], [8.604561378, 18.211640369999998, 13.408100873999999], [10.452428699999999, 20.897227890000003, 15.674828295000001], [10.888836672, 21.472492944000003, 16.180664808000003], [8.604561378, 19.099715334000003, 13.852138356000001], [5.685510852, 13.398945462, 9.542228157], [2.360570394, 8.259707526, 5.31013896], [0.45471879600000004, 5.519187534, 2.986953165]]",0.0,0.0,2942259.9995705974,604.3625061958261,528.0131614280723,29.0,3656.34794921875,526.0458860759494,308.49117785007684,0.7849121310149931,48.92889022827149,-124.94110870361328,2.9422599995705974
08HB069,1984,0.3689999878406525,8.0,0.0130000002682209,1.0,9.18000030517578,2.5299999713897705,30.647074962982376,"[[0.29449908599999997, 5.711451186, 3.002975136], [0.6698709780000001, 7.493704722, 4.08178785], [0.939955632, 9.14015298, 5.040054306], [2.633706852, 11.671624397999999, 7.152665624999999], [5.860989582, 15.736627325999999, 10.798808454], [8.604561378, 18.211640369999998, 13.408100873999999], [10.452428699999999, 20.897227890000003, 15.674828295000001], [10.888836672, 21.472492944000003, 16.180664808000003], [8.604561378, 19.099715334000003, 13.852138356000001], [5.685510852, 13.398945462, 9.542228157], [2.360570394, 8.259707526, 5.31013896], [0.45471879600000004, 5.519187534, 2.986953165]]",0.0,0.0,2942259.9995705974,604.3625061958261,528.0131614280723,29.0,3656.34794921875,526.0458860759494,308.49117785007684,0.7849121310149931,48.92889022827149,-124.94110870361328,2.9422599995705974
08HB069,1985,0.1449999958276749,8.0,0.006000000052154064,11.0,1.830000042915344,2.5299999713897705,30.647074962982376,"[[0.29449908599999997, 5.711451186, 3.002975136], [0.6698709780000001, 7.493704722, 4.08178785], [0.939955632, 9.14015298, 5.040054306], [2.633706852, 11.671624397999999, 7.152665624999999], [5.860989582, 15.736627325999999, 10.798808454], [8.604561378, 18.211640369999998, 13.408100873999999], [10.452428699999999, 20.897227890000003, 15.674828295000001], [10.888836672, 21.472492944000003, 16.180664808000003], [8.604561378, 19.099715334000003, 13.852138356000001], [5.685510852, 13.398945462, 9.542228157], [2.360570394, 8.259707526, 5.31013896], [0.45471879600000004, 5.519187534, 2.986953165]]",0.0,0.0,2942259.9995705974,604.3625061958261,528.0131614280723,29.0,3656.34794921875,526.0458860759494,308.49117785007684,0.7849121310149931,48.92889022827149,-124.94110870361328,2.9422599995705974
08HB069,1987,0.20200000703334808,10.0,0.004000000189989804,3.0,3.5699999332427983,2.5299999713897705,30.647074962982376,"[[0.29449908599999997, 5.711451186, 3.002975136], [0.6698709780000001, 7.493704722, 4.08178785], [0.939955632, 9.14015298, 5.040054306], [2.633706852, 11.671624397999999, 7.152665624999999], [5.860989582, 15.736627325999999, 10.798808454], [8.604561378, 18.211640369999998, 13.408100873999999], [10.452428699999999, 20.897227890000003, 15.674828295000001], [10.888836672, 21.472492944000003, 16.180664808000003], [8.604561378, 19.099715334000003, 13.852138356000001], [5.685510852, 13.398945462, 9.542228157], [2.360570394, 8.259707526, 5.31013896], [0.45471879600000004, 5.519187534, 2.986953165]]",0.0,0.0,2942259.9995705974,604.3625061958261,528.0131614280723,29.0,3656.34794921875,526.0458860759494,308.49117785007684,0.7849121310149931,48.92889022827149,-124.94110870361328,2.9422599995705974
08HB069,1988,0.21299999952316284,9.0,0.008999999612569809,11.0,3.440000057220459,2.5299999713897705,30.647074962982376,"[[0.29449908599999997, 5.711451186, 3.002975136], [0.6698709780000001, 7.493704722, 4.08178785], [0.939955632, 9.14015298, 5.040054306], [2.633706852, 11.671624397999999, 7.152665624999999], [5.860989582, 15.736627325999999, 10.798808454], [8.604561378, 18.211640369999998, 13.408100873999999], [10.452428699999999, 20.897227890000003, 15.674828295000001], [10.888836672, 21.472492944000003, 16.180664808000003], [8.604561378, 19.099715334000003, 13.852138356000001], [5.685510852, 13.398945462, 9.542228157], [2.360570394, 8.259707526, 5.31013896], [0.45471879600000004, 5.519187534, 2.986953165]]",0.0,0.0,2942259.9995705974,604.3625061958261,528.0131614280723,29.0,3656.34794921875,526.0458860759494,308.49117785007684,0.7849121310149931,48.92889022827149,-124.94110870361328,2.9422599995705974
08HB069,1989,0.20999999344348907,10.0,0.008000000379979609,11.0,7.4099998474121085,2.5299999713897705,30.647074962982376,"[[0.29449908599999997, 5.711451186, 3.002975136], [0.6698709780000001, 7.493704722, 4.08178785], [0.939955632, 9.14015298, 5.040054306], [2.633706852, 11.671624397999999, 7.152665624999999], [5.860989582, 15.736627325999999, 10.798808454], [8.604561378, 18.211640369999998, 13.408100873999999], [10.452428699999999, 20.897227890000003, 15.674828295000001], [10.888836672, 21.472492944000003, 16.180664808000003], [8.604561378, 19.099715334000003, 13.852138356000001], [5.685510852, 13.398945462, 9.542228157], [2.360570394, 8.259707526, 5.31013896], [0.45471879600000004, 5.519187534, 2.986953165]]",0.0,0.0,2942259.9995705974,604.3625061958261,528.0131614280723,29.0,3656.34794921875,526.0458860759494,308.49117785007684,0.7849121310149931,48.92889022827149,-124.94110870361328,2.9422599995705974
08HB069,1990,0.19599999487400047,8.0,0.0070000002160668364,11.0,2.1600000858306885,2.5299999713897705,30.647074962982376,"[[0.29449908599999997, 5.711451186, 3.002975136], [0.6698709780000001, 7.493704722, 4.08178785], [0.939955632, 9.14015298, 5.040054306], [2.633706852, 11.671624397999999, 7.152665624999999], [5.860989582, 15.736627325999999, 10.798808454], [8.604561378, 18.211640369999998, 13.408100873999999], [10.452428699999999, 20.897227890000003, 15.674828295000001], [10.888836672, 21.472492944000003, 16.180664808000003], [8.604561378, 19.099715334000003, 13.852138356000001], [5.685510852, 13.398945462, 9.542228157], [2.360570394, 8.259707526, 5.31013896], [0.45471879600000004, 5.519187534, 2.986953165]]",0.0,0.0,2942259.9995705974,604.3625061958261,528.0131614280723,29.0,3656.34794921875,526.0458860759494,308.49117785007684,0.7849121310149931,48.92889022827149,-124.94110870361328,2.9422599995705974
08HB069,1991,0.15700000524520874,10.0,0.008999999612569809,2.0,1.3400000333786009,2.5299999713897705,30.647074962982376,"[[0.29449908599999997, 5.711451186, 3.002975136], [0.6698709780000001, 7.493704722, 4.08178785], [0.939955632, 9.14015298, 5.040054306], [2.633706852, 11.671624397999999, 7.152665624999999], [5.860989582, 15.736627325999999, 10.798808454], [8.604561378, 18.211640369999998, 13.408100873999999], [10.452428699999999, 20.897227890000003, 15.674828295000001], [10.888836672, 21.472492944000003, 16.180664808000003], [8.604561378, 19.099715334000003, 13.852138356000001], [5.685510852, 13.398945462, 9.542228157], [2.360570394, 8.259707526, 5.31013896], [0.45471879600000004, 5.519187534, 2.986953165]]",0.0,0.0,2942259.9995705974,604.3625061958261,528.0131614280723,29.0,3656.34794921875,526.0458860759494,308.49117785007684,0.7849121310149931,48.92889022827149,-124.94110870361328,2.9422599995705974
08HB069,1992,0.15700000524520874,7.0,0.012000000104308128,1.0,1.350000023841858,2.5299999713897705,30.647074962982376,"[[0.29449908599999997, 5.711451186, 3.002975136], [0.6698709780000001, 7.493704722, 4.08178785], [0.939955632, 9.14015298, 5.040054306], [2.633706852, 11.671624397999999, 7.152665624999999], [5.860989582, 15.736627325999999, 10.798808454], [8.604561378, 18.211640369999998, 13.408100873999999], [10.452428699999999, 20.897227890000003, 15.674828295000001], [10.888836672, 21.472492944000003, 16.180664808000003], [8.604561378, 19.099715334000003, 13.852138356000001], [5.685510852, 13.398945462, 9.542228157], [2.360570394, 8.259707526, 5.31013896], [0.45471879600000004, 5.519187534, 2.986953165]]",0.0,0.0,2942259.9995705974,604.3625061958261,528.0131614280723,29.0,3656.34794921875,526.0458860759494,308.49117785007684,0.7849121310149931,48.92889022827149,-124.94110870361328,2.9422599995705974
08HB069,1993,0.14800000190734866,10.0,0.008999999612569809,1.0,1.6699999570846558,2.5299999713897705,30.647074962982376,"[[0.29449908599999997, 5.711451186, 3.002975136], [0.6698709780000001, 7.493704722, 4.08178785], [0.939955632, 9.14015298, 5.040054306], [2.633706852, 11.671624397999999, 7.152665624999999], [5.860989582, 15.736627325999999, 10.798808454], [8.604561378, 18.211640369999998, 13.408100873999999], [10.452428699999999, 20.897227890000003, 15.674828295000001], [10.888836672, 21.472492944000003, 16.180664808000003], [8.604561378, 19.099715334000003, 13.852138356000001], [5.685510852, 13.398945462, 9.542228157], [2.360570394, 8.259707526, 5.31013896], [0.45471879600000004, 5.519187534, 2.986953165]]",0.0,0.0,2942259.9995705974,604.3625061958261,528.0131614280723,29.0,3656.34794921875,526.0458860759494,308.49117785007684,0.7849121310149931,48.92889022827149,-124.94110870361328,2.9422599995705974
08HB069,1994,0.16899999976158142,8.0,0.008999999612569809,12.0,1.8799999952316284,2.5299999713897705,30.647074962982376,"[[0.29449908599999997, 5.711451186, 3.002975136], [0.6698709780000001, 7.493704722, 4.08178785], [0.939955632, 9.14015298, 5.040054306], [2.633706852, 11.671624397999999, 7.152665624999999], [5.860989582, 15.736627325999999, 10.798808454], [8.604561378, 18.211640369999998, 13.408100873999999], [10.452428699999999, 20.897227890000003, 15.674828295000001], [10.888836672, 21.472492944000003, 16.180664808000003], [8.604561378, 19.099715334000003, 13.852138356000001], [5.685510852, 13.398945462, 9.542228157], [2.360570394, 8.259707526, 5.31013896], [0.45471879600000004, 5.519187534, 2.986953165]]",0.0,0.0,2942259.9995705974,604.3625061958261,528.0131614280723,29.0,3656.34794921875,526.0458860759494,308.49117785007684,0.7849121310149931,48.92889022827149,-124.94110870361328,2.9422599995705974
08HB069,1995,0.22100000083446505,7.0,0.008999999612569809,11.0,2.759999990463257,2.5299999713897705,30.647074962982376,"[[0.29449908599999997, 5.711451186, 3.002975136], [0.6698709780000001, 7.493704722, 4.08178785], [0.939955632, 9.14015298, 5.040054306], [2.633706852, 11.671624397999999, 7.152665624999999], [5.860989582, 15.736627325999999, 10.798808454], [8.604561378, 18.211640369999998, 13.408100873999999], [10.452428699999999, 20.897227890000003, 15.674828295000001], [10.888836672, 21.472492944000003, 16.180664808000003], [8.604561378, 19.099715334000003, 13.852138356000001], [5.685510852, 13.398945462, 9.542228157], [2.360570394, 8.259707526, 5.31013896], [0.45471879600000004, 5.519187534, 2.986953165]]",0.0,0.0,2942259.9995705974,604.3625061958261,528.0131614280723,29.0,3656.34794921875,526.0458860759494,308.49117785007684,0.7849121310149931,48.92889022827149,-124.94110870361328,2.9422599995705974
08HB069,1996,0.1899999976158142,7.0,0.004999999888241291,11.0,1.5,2.5299999713897705,30.647074962982376,"[[0.29449908599999997, 5.711451186, 3.002975136], [0.6698709780000001, 7.493704722, 4.08178785], [0.939955632, 9.14015298, 5.040054306], [2.633706852, 11.671624397999999, 7.152665624999999], [5.860989582, 15.736627325999999, 10.798808454], [8.604561378, 18.211640369999998, 13.408100873999999], [10.452428699999999, 20.897227890000003, 15.674828295000001], [10.888836672, 21.472492944000003, 16.180664808000003], [8.604561378, 19.099715334000003, 13.852138356000001], [5.685510852, 13.398945462, 9.542228157], [2.360570394, 8.259707526, 5.31013896], [0.45471879600000004, 5.519187534, 2.986953165]]",0.0,0.0,2942259.9995705974,604.3625061958261,528.0131614280723,29.0,3656.34794921875,526.0458860759494,308.49117785007684,0.7849121310149931,48.92889022827149,-124.94110870361328,2.9422599995705974
08HB069,1997,0.2489999979734421,8.0,0.009999999776482582,3.0,2.559999942779541,2.5299999713897705,30.647074962982376,"[[0.29449908599999997, 5.711451186, 3.002975136], [0.6698709780000001, 7.493704722, 4.08178785], [0.939955632, 9.14015298, 5.040054306], [2.633706852, 11.671624397999999, 7.152665624999999], [5.860989582, 15.736627325999999, 10.798808454], [8.604561378, 18.211640369999998, 13.408100873999999], [10.452428699999999, 20.897227890000003, 15.674828295000001], [10.888836672, 21.472492944000003, 16.180664808000003], [8.604561378, 19.099715334000003, 13.852138356000001], [5.685510852, 13.398945462, 9.542228157], [2.360570394, 8.259707526, 5.31013896], [0.45471879600000004, 5.519187534, 2.986953165]]",0.0,0.0,2942259.9995705974,604.3625061958261,528.0131614280723,29.0,3656.34794921875,526.0458860759494,308.49117785007684,0.7849121310149931,48.92889022827149,-124.94110870361328,2.9422599995705974
08HB069,1998,0.3009999990463257,9.0,0.0070000002160668364,1.0,5.860000133514403,2.5299999713897705,30.647074962982376,"[[0.29449908599999997, 5.711451186, 3.002975136], [0.6698709780000001, 7.493704722, 4.08178785], [0.939955632, 9.14015298, 5.040054306], [2.633706852, 11.671624397999999, 7.152665624999999], [5.860989582, 15.736627325999999, 10.798808454], [8.604561378, 18.211640369999998, 13.408100873999999], [10.452428699999999, 20.897227890000003, 15.674828295000001], [10.888836672, 21.472492944000003, 16.180664808000003], [8.604561378, 19.099715334000003, 13.852138356000001], [5.685510852, 13.398945462, 9.542228157], [2.360570394, 8.259707526, 5.31013896], [0.45471879600000004, 5.519187534, 2.986953165]]",0.0,0.0,2942259.9995705974,604.3625061958261,528.0131614280723,29.0,3656.34794921875,526.0458860759494,308.49117785007684,0.7849121310149931,48.92889022827149,-124.94110870361328,2.9422599995705974
08HB086,2011,1.5310000181198118,9.0,1.1729999780654907,11.0,2.434999942779541,38.599998474121094,2.403513304177601,"[[-1.2075988428, 4.2502474308, 1.521324294], [-0.7321277796, 5.8017845844, 2.5348284024], [-0.6222628356000001, 7.059738193199999, 3.2187376787999997], [1.18257405, 9.552451700399999, 5.367512875199999], [4.4791327308, 13.820094414, 9.1496135724], [7.335621274799999, 16.613105434799998, 11.974363354799998], [9.429769179599997, 19.594107582, 14.511938380799998], [9.9742110132, 20.0952137988, 15.034712406], [7.7079413628, 17.540853850799998, 12.624397606799999], [4.4919503076, 11.661858625199999, 8.076904466399998], [0.8523688571999999, 6.543372956400001, 3.6978709068000004], [-0.9951932844, 4.0640873868, 1.5344470512]]",0.0,0.0,39109487.88569565,564.2927719592957,479.9072468384063,29.0,4681.39110649957,675.9011126782636,192.1275426109704,0.2294293069207671,49.250831604003906,-125.58332824707031,39.10948788569565
08HB086,2012,1.5,10.0,0.9750000238418579,1.0,2.746000051498413,38.599998474121094,2.403513304177601,"[[-1.2075988428, 4.2502474308, 1.521324294], [-0.7321277796, 5.8017845844, 2.5348284024], [-0.6222628356000001, 7.059738193199999, 3.2187376787999997], [1.18257405, 9.552451700399999, 5.367512875199999], [4.4791327308, 13.820094414, 9.1496135724], [7.335621274799999, 16.613105434799998, 11.974363354799998], [9.429769179599997, 19.594107582, 14.511938380799998], [9.9742110132, 20.0952137988, 15.034712406], [7.7079413628, 17.540853850799998, 12.624397606799999], [4.4919503076, 11.661858625199999, 8.076904466399998], [0.8523688571999999, 6.543372956400001, 3.6978709068000004], [-0.9951932844, 4.0640873868, 1.5344470512]]",0.0,0.0,39109487.88569565,564.2927719592957,479.9072468384063,29.0,4681.39110649957,675.9011126782636,192.1275426109704,0.2294293069207671,49.250831604003906,-125.58332824707031,39.10948788569565
08HB086,2013,1.4509999752044678,8.0,1.0579999685287476,3.0,2.296999931335449,38.599998474121094,2.403513304177601,"[[-1.2075988428, 4.2502474308, 1.521324294], [-0.7321277796, 5.8017845844, 2.5348284024], [-0.6222628356000001, 7.059738193199999, 3.2187376787999997], [1.18257405, 9.552451700399999, 5.367512875199999], [4.4791327308, 13.820094414, 9.1496135724], [7.335621274799999, 16.613105434799998, 11.974363354799998], [9.429769179599997, 19.594107582, 14.511938380799998], [9.9742110132, 20.0952137988, 15.034712406], [7.7079413628, 17.540853850799998, 12.624397606799999], [4.4919503076, 11.661858625199999, 8.076904466399998], [0.8523688571999999, 6.543372956400001, 3.6978709068000004], [-0.9951932844, 4.0640873868, 1.5344470512]]",0.0,0.0,39109487.88569565,564.2927719592957,479.9072468384063,29.0,4681.39110649957,675.9011126782636,192.1275426109704,0.2294293069207671,49.250831604003906,-125.58332824707031,39.10948788569565
08HB086,2016,1.4900000095367432,8.0,0.6980000138282776,11.0,2.82699990272522,38.599998474121094,2.403513304177601,"[[-1.2075988428, 4.2502474308, 1.521324294], [-0.7321277796, 5.8017845844, 2.5348284024], [-0.6222628356000001, 7.059738193199999, 3.2187376787999997], [1.18257405, 9.552451700399999, 5.367512875199999], [4.4791327308, 13.820094414, 9.1496135724], [7.335621274799999, 16.613105434799998, 11.974363354799998], [9.429769179599997, 19.594107582, 14.511938380799998], [9.9742110132, 20.0952137988, 15.034712406], [7.7079413628, 17.540853850799998, 12.624397606799999], [4.4919503076, 11.661858625199999, 8.076904466399998], [0.8523688571999999, 6.543372956400001, 3.6978709068000004], [-0.9951932844, 4.0640873868, 1.5344470512]]",0.0,0.0,39109487.88569565,564.2927719592957,479.9072468384063,29.0,4681.39110649957,675.9011126782636,192.1275426109704,0.2294293069207671,49.250831604003906,-125.58332824707031,39.10948788569565
08HB086,2018,1.4249999523162842,9.0,-0.07500000298023224,11.0,2.684000015258789,38.599998474121094,2.403513304177601,"[[-1.2075988428, 4.2502474308, 1.521324294], [-0.7321277796, 5.8017845844, 2.5348284024], [-0.6222628356000001, 7.059738193199999, 3.2187376787999997], [1.18257405, 9.552451700399999, 5.367512875199999], [4.4791327308, 13.820094414, 9.1496135724], [7.335621274799999, 16.613105434799998, 11.974363354799998], [9.429769179599997, 19.594107582, 14.511938380799998], [9.9742110132, 20.0952137988, 15.034712406], [7.7079413628, 17.540853850799998, 12.624397606799999], [4.4919503076, 11.661858625199999, 8.076904466399998], [0.8523688571999999, 6.543372956400001, 3.6978709068000004], [-0.9951932844, 4.0640873868, 1.5344470512]]",0.0,0.0,39109487.88569565,564.2927719592957,479.9072468384063,29.0,4681.39110649957,675.9011126782636,192.1275426109704,0.2294293069207671,49.250831604003906,-125.58332824707031,39.10948788569565
08HB086,1996,5.579999923706055,10.0,0.18000000715255735,1.0,70.80000305175781,38.599998474121094,2.403513304177601,"[[-1.2075988428, 4.2502474308, 1.521324294], [-0.7321277796, 5.8017845844, 2.5348284024], [-0.6222628356000001, 7.059738193199999, 3.2187376787999997], [1.18257405, 9.552451700399999, 5.367512875199999], [4.4791327308, 13.820094414, 9.1496135724], [7.335621274799999, 16.613105434799998, 11.974363354799998], [9.429769179599997, 19.594107582, 14.511938380799998], [9.9742110132, 20.0952137988, 15.034712406], [7.7079413628, 17.540853850799998, 12.624397606799999], [4.4919503076, 11.661858625199999, 8.076904466399998], [0.8523688571999999, 6.543372956400001, 3.6978709068000004], [-0.9951932844, 4.0640873868, 1.5344470512]]",0.0,0.0,39109487.88569565,564.2927719592957,479.9072468384063,29.0,4681.39110649957,675.9011126782636,192.1275426109704,0.2294293069207671,49.250831604003906,-125.58332824707031,39.10948788569565
08HB086,1997,9.90999984741211,8.0,0.0689999982714653,11.0,120.0,38.599998474121094,2.403513304177601,"[[-1.2075988428, 4.2502474308, 1.521324294], [-0.7321277796, 5.8017845844, 2.5348284024], [-0.6222628356000001, 7.059738193199999, 3.2187376787999997], [1.18257405, 9.552451700399999, 5.367512875199999], [4.4791327308, 13.820094414, 9.1496135724], [7.335621274799999, 16.613105434799998, 11.974363354799998], [9.429769179599997, 19.594107582, 14.511938380799998], [9.9742110132, 20.0952137988, 15.034712406], [7.7079413628, 17.540853850799998, 12.624397606799999], [4.4919503076, 11.661858625199999, 8.076904466399998], [0.8523688571999999, 6.543372956400001, 3.6978709068000004], [-0.9951932844, 4.0640873868, 1.5344470512]]",0.0,0.0,39109487.88569565,564.2927719592957,479.9072468384063,29.0,4681.39110649957,675.9011126782636,192.1275426109704,0.2294293069207671,49.250831604003906,-125.58332824707031,39.10948788569565
08HB086,1998,6.190000057220459,9.0,0.020999999716877937,1.0,96.0,38.599998474121094,2.403513304177601,"[[-1.2075988428, 4.2502474308, 1.521324294], [-0.7321277796, 5.8017845844, 2.5348284024], [-0.6222628356000001, 7.059738193199999, 3.2187376787999997], [1.18257405, 9.552451700399999, 5.367512875199999], [4.4791327308, 13.820094414, 9.1496135724], [7.335621274799999, 16.613105434799998, 11.974363354799998], [9.429769179599997, 19.594107582, 14.511938380799998], [9.9742110132, 20.0952137988, 15.034712406], [7.7079413628, 17.540853850799998, 12.624397606799999], [4.4919503076, 11.661858625199999, 8.076904466399998], [0.8523688571999999, 6.543372956400001, 3.6978709068000004], [-0.9951932844, 4.0640873868, 1.5344470512]]",0.0,0.0,39109487.88569565,564.2927719592957,479.9072468384063,29.0,4681.39110649957,675.9011126782636,192.1275426109704,0.2294293069207671,49.250831604003906,-125.58332824707031,39.10948788569565
08HB086,1999,7.389999866485597,10.0,0.4090000092983246,11.0,52.099998474121094,38.599998474121094,2.403513304177601,"[[-1.2075988428, 4.2502474308, 1.521324294], [-0.7321277796, 5.8017845844, 2.5348284024], [-0.6222628356000001, 7.059738193199999, 3.2187376787999997], [1.18257405, 9.552451700399999, 5.367512875199999], [4.4791327308, 13.820094414, 9.1496135724], [7.335621274799999, 16.613105434799998, 11.974363354799998], [9.429769179599997, 19.594107582, 14.511938380799998], [9.9742110132, 20.0952137988, 15.034712406], [7.7079413628, 17.540853850799998, 12.624397606799999], [4.4919503076, 11.661858625199999, 8.076904466399998], [0.8523688571999999, 6.543372956400001, 3.6978709068000004], [-0.9951932844, 4.0640873868, 1.5344470512]]",0.0,0.0,39109487.88569565,564.2927719592957,479.9072468384063,29.0,4681.39110649957,675.9011126782636,192.1275426109704,0.2294293069207671,49.250831604003906,-125.58332824707031,39.10948788569565
08HB086,2000,5.110000133514403,9.0,0.382999986410141,10.0,54.0,38.599998474121094,2.403513304177601,"[[-1.2075988428, 4.2502474308, 1.521324294], [-0.7321277796, 5.8017845844, 2.5348284024], [-0.6222628356000001, 7.059738193199999, 3.2187376787999997], [1.18257405, 9.552451700399999, 5.367512875199999], [4.4791327308, 13.820094414, 9.1496135724], [7.335621274799999, 16.613105434799998, 11.974363354799998], [9.429769179599997, 19.594107582, 14.511938380799998], [9.9742110132, 20.0952137988, 15.034712406], [7.7079413628, 17.540853850799998, 12.624397606799999], [4.4919503076, 11.661858625199999, 8.076904466399998], [0.8523688571999999, 6.543372956400001, 3.6978709068000004], [-0.9951932844, 4.0640873868, 1.5344470512]]",0.0,0.0,39109487.88569565,564.2927719592957,479.9072468384063,29.0,4681.39110649957,675.9011126782636,192.1275426109704,0.2294293069207671,49.250831604003906,-125.58332824707031,39.10948788569565
08HB086,2001,6.300000190734862,9.0,0.3319999873638153,12.0,54.79999923706055,38.599998474121094,2.403513304177601,"[[-1.2075988428, 4.2502474308, 1.521324294], [-0.7321277796, 5.8017845844, 2.5348284024], [-0.6222628356000001, 7.059738193199999, 3.2187376787999997], [1.18257405, 9.552451700399999, 5.367512875199999], [4.4791327308, 13.820094414, 9.1496135724], [7.335621274799999, 16.613105434799998, 11.974363354799998], [9.429769179599997, 19.594107582, 14.511938380799998], [9.9742110132, 20.0952137988, 15.034712406], [7.7079413628, 17.540853850799998, 12.624397606799999], [4.4919503076, 11.661858625199999, 8.076904466399998], [0.8523688571999999, 6.543372956400001, 3.6978709068000004], [-0.9951932844, 4.0640873868, 1.5344470512]]",0.0,0.0,39109487.88569565,564.2927719592957,479.9072468384063,29.0,4681.39110649957,675.9011126782636,192.1275426109704,0.2294293069207671,49.250831604003906,-125.58332824707031,39.10948788569565
08HB086,2002,6.369999885559082,9.0,0.017999999225139618,11.0,105.0,38.599998474121094,2.403513304177601,"[[-1.2075988428, 4.2502474308, 1.521324294], [-0.7321277796, 5.8017845844, 2.5348284024], [-0.6222628356000001, 7.059738193199999, 3.2187376787999997], [1.18257405, 9.552451700399999, 5.367512875199999], [4.4791327308, 13.820094414, 9.1496135724], [7.335621274799999, 16.613105434799998, 11.974363354799998], [9.429769179599997, 19.594107582, 14.511938380799998], [9.9742110132, 20.0952137988, 15.034712406], [7.7079413628, 17.540853850799998, 12.624397606799999], [4.4919503076, 11.661858625199999, 8.076904466399998], [0.8523688571999999, 6.543372956400001, 3.6978709068000004], [-0.9951932844, 4.0640873868, 1.5344470512]]",0.0,0.0,39109487.88569565,564.2927719592957,479.9072468384063,29.0,4681.39110649957,675.9011126782636,192.1275426109704,0.2294293069207671,49.250831604003906,-125.58332824707031,39.10948788569565
08HB086,2003,7.190000057220459,9.0,0.024000000208616257,10.0,122.0,38.599998474121094,2.403513304177601,"[[-1.2075988428, 4.2502474308, 1.521324294], [-0.7321277796, 5.8017845844, 2.5348284024], [-0.6222628356000001, 7.059738193199999, 3.2187376787999997], [1.18257405, 9.552451700399999, 5.367512875199999], [4.4791327308, 13.820094414, 9.1496135724], [7.335621274799999, 16.613105434799998, 11.974363354799998], [9.429769179599997, 19.594107582, 14.511938380799998], [9.9742110132, 20.0952137988, 15.034712406], [7.7079413628, 17.540853850799998, 12.624397606799999], [4.4919503076, 11.661858625199999, 8.076904466399998], [0.8523688571999999, 6.543372956400001, 3.6978709068000004], [-0.9951932844, 4.0640873868, 1.5344470512]]",0.0,0.0,39109487.88569565,564.2927719592957,479.9072468384063,29.0,4681.39110649957,675.9011126782636,192.1275426109704,0.2294293069207671,49.250831604003906,-125.58332824707031,39.10948788569565
08HB086,2004,6.050000190734862,8.0,0.039000000804662704,12.0,74.0,38.599998474121094,2.403513304177601,"[[-1.2075988428, 4.2502474308, 1.521324294], [-0.7321277796, 5.8017845844, 2.5348284024], [-0.6222628356000001, 7.059738193199999, 3.2187376787999997], [1.18257405, 9.552451700399999, 5.367512875199999], [4.4791327308, 13.820094414, 9.1496135724], [7.335621274799999, 16.613105434799998, 11.974363354799998], [9.429769179599997, 19.594107582, 14.511938380799998], [9.9742110132, 20.0952137988, 15.034712406], [7.7079413628, 17.540853850799998, 12.624397606799999], [4.4919503076, 11.661858625199999, 8.076904466399998], [0.8523688571999999, 6.543372956400001, 3.6978709068000004], [-0.9951932844, 4.0640873868, 1.5344470512]]",0.0,0.0,39109487.88569565,564.2927719592957,479.9072468384063,29.0,4681.39110649957,675.9011126782636,192.1275426109704,0.2294293069207671,49.250831604003906,-125.58332824707031,39.10948788569565
08HB086,2005,7.260000228881836,9.0,0.11500000208616255,12.0,81.9000015258789,38.599998474121094,2.403513304177601,"[[-1.2075988428, 4.2502474308, 1.521324294], [-0.7321277796, 5.8017845844, 2.5348284024], [-0.6222628356000001, 7.059738193199999, 3.2187376787999997], [1.18257405, 9.552451700399999, 5.367512875199999], [4.4791327308, 13.820094414, 9.1496135724], [7.335621274799999, 16.613105434799998, 11.974363354799998], [9.429769179599997, 19.594107582, 14.511938380799998], [9.9742110132, 20.0952137988, 15.034712406], [7.7079413628, 17.540853850799998, 12.624397606799999], [4.4919503076, 11.661858625199999, 8.076904466399998], [0.8523688571999999, 6.543372956400001, 3.6978709068000004], [-0.9951932844, 4.0640873868, 1.5344470512]]",0.0,0.0,39109487.88569565,564.2927719592957,479.9072468384063,29.0,4681.39110649957,675.9011126782636,192.1275426109704,0.2294293069207671,49.250831604003906,-125.58332824707031,39.10948788569565
08HB086,2006,6.920000076293945,10.0,0.06700000166893005,11.0,102.0,38.599998474121094,2.403513304177601,"[[-1.2075988428, 4.2502474308, 1.521324294], [-0.7321277796, 5.8017845844, 2.5348284024], [-0.6222628356000001, 7.059738193199999, 3.2187376787999997], [1.18257405, 9.552451700399999, 5.367512875199999], [4.4791327308, 13.820094414, 9.1496135724], [7.335621274799999, 16.613105434799998, 11.974363354799998], [9.429769179599997, 19.594107582, 14.511938380799998], [9.9742110132, 20.0952137988, 15.034712406], [7.7079413628, 17.540853850799998, 12.624397606799999], [4.4919503076, 11.661858625199999, 8.076904466399998], [0.8523688571999999, 6.543372956400001, 3.6978709068000004], [-0.9951932844, 4.0640873868, 1.5344470512]]",0.0,0.0,39109487.88569565,564.2927719592957,479.9072468384063,29.0,4681.39110649957,675.9011126782636,192.1275426109704,0.2294293069207671,49.250831604003906,-125.58332824707031,39.10948788569565
08HB086,2007,8.260000228881836,9.0,0.3199999928474426,10.0,85.0,38.599998474121094,2.403513304177601,"[[-1.2075988428, 4.2502474308, 1.521324294], [-0.7321277796, 5.8017845844, 2.5348284024], [-0.6222628356000001, 7.059738193199999, 3.2187376787999997], [1.18257405, 9.552451700399999, 5.367512875199999], [4.4791327308, 13.820094414, 9.1496135724], [7.335621274799999, 16.613105434799998, 11.974363354799998], [9.429769179599997, 19.594107582, 14.511938380799998], [9.9742110132, 20.0952137988, 15.034712406], [7.7079413628, 17.540853850799998, 12.624397606799999], [4.4919503076, 11.661858625199999, 8.076904466399998], [0.8523688571999999, 6.543372956400001, 3.6978709068000004], [-0.9951932844, 4.0640873868, 1.5344470512]]",0.0,0.0,39109487.88569565,564.2927719592957,479.9072468384063,29.0,4681.39110649957,675.9011126782636,192.1275426109704,0.2294293069207671,49.250831604003906,-125.58332824707031,39.10948788569565
08HB086,2008,5.610000133514403,9.0,0.22599999606609344,10.0,39.20000076293945,38.599998474121094,2.403513304177601,"[[-1.2075988428, 4.2502474308, 1.521324294], [-0.7321277796, 5.8017845844, 2.5348284024], [-0.6222628356000001, 7.059738193199999, 3.2187376787999997], [1.18257405, 9.552451700399999, 5.367512875199999], [4.4791327308, 13.820094414, 9.1496135724], [7.335621274799999, 16.613105434799998, 11.974363354799998], [9.429769179599997, 19.594107582, 14.511938380799998], [9.9742110132, 20.0952137988, 15.034712406], [7.7079413628, 17.540853850799998, 12.624397606799999], [4.4919503076, 11.661858625199999, 8.076904466399998], [0.8523688571999999, 6.543372956400001, 3.6978709068000004], [-0.9951932844, 4.0640873868, 1.5344470512]]",0.0,0.0,39109487.88569565,564.2927719592957,479.9072468384063,29.0,4681.39110649957,675.9011126782636,192.1275426109704,0.2294293069207671,49.250831604003906,-125.58332824707031,39.10948788569565
08HB086,2009,6.460000038146973,9.0,0.02199999988079071,11.0,111.0,38.599998474121094,2.403513304177601,"[[-1.2075988428, 4.2502474308, 1.521324294], [-0.7321277796, 5.8017845844, 2.5348284024], [-0.6222628356000001, 7.059738193199999, 3.2187376787999997], [1.18257405, 9.552451700399999, 5.367512875199999], [4.4791327308, 13.820094414, 9.1496135724], [7.335621274799999, 16.613105434799998, 11.974363354799998], [9.429769179599997, 19.594107582, 14.511938380799998], [9.9742110132, 20.0952137988, 15.034712406], [7.7079413628, 17.540853850799998, 12.624397606799999], [4.4919503076, 11.661858625199999, 8.076904466399998], [0.8523688571999999, 6.543372956400001, 3.6978709068000004], [-0.9951932844, 4.0640873868, 1.5344470512]]",0.0,0.0,39109487.88569565,564.2927719592957,479.9072468384063,29.0,4681.39110649957,675.9011126782636,192.1275426109704,0.2294293069207671,49.250831604003906,-125.58332824707031,39.10948788569565
08HB086,2010,8.079999923706055,8.0,0.009999999776482582,1.0,197.0,38.599998474121094,2.403513304177601,"[[-1.2075988428, 4.2502474308, 1.521324294], [-0.7321277796, 5.8017845844, 2.5348284024], [-0.6222628356000001, 7.059738193199999, 3.2187376787999997], [1.18257405, 9.552451700399999, 5.367512875199999], [4.4791327308, 13.820094414, 9.1496135724], [7.335621274799999, 16.613105434799998, 11.974363354799998], [9.429769179599997, 19.594107582, 14.511938380799998], [9.9742110132, 20.0952137988, 15.034712406], [7.7079413628, 17.540853850799998, 12.624397606799999], [4.4919503076, 11.661858625199999, 8.076904466399998], [0.8523688571999999, 6.543372956400001, 3.6978709068000004], [-0.9951932844, 4.0640873868, 1.5344470512]]",0.0,0.0,39109487.88569565,564.2927719592957,479.9072468384063,29.0,4681.39110649957,675.9011126782636,192.1275426109704,0.2294293069207671,49.250831604003906,-125.58332824707031,39.10948788569565
08HB086,2011,6.980000019073486,9.0,0.3149999976158142,11.0,74.5999984741211,38.599998474121094,2.403513304177601,"[[-1.2075988428, 4.2502474308, 1.521324294], [-0.7321277796, 5.8017845844, 2.5348284024], [-0.6222628356000001, 7.059738193199999, 3.2187376787999997], [1.18257405, 9.552451700399999, 5.367512875199999], [4.4791327308, 13.820094414, 9.1496135724], [7.335621274799999, 16.613105434799998, 11.974363354799998], [9.429769179599997, 19.594107582, 14.511938380799998], [9.9742110132, 20.0952137988, 15.034712406], [7.7079413628, 17.540853850799998, 12.624397606799999], [4.4919503076, 11.661858625199999, 8.076904466399998], [0.8523688571999999, 6.543372956400001, 3.6978709068000004], [-0.9951932844, 4.0640873868, 1.5344470512]]",0.0,0.0,39109487.88569565,564.2927719592957,479.9072468384063,29.0,4681.39110649957,675.9011126782636,192.1275426109704,0.2294293069207671,49.250831604003906,-125.58332824707031,39.10948788569565
08HB086,2012,6.53000020980835,10.0,0.001000000047497451,1.0,150.0,38.599998474121094,2.403513304177601,"[[-1.2075988428, 4.2502474308, 1.521324294], [-0.7321277796, 5.8017845844, 2.5348284024], [-0.6222628356000001, 7.059738193199999, 3.2187376787999997], [1.18257405, 9.552451700399999, 5.367512875199999], [4.4791327308, 13.820094414, 9.1496135724], [7.335621274799999, 16.613105434799998, 11.974363354799998], [9.429769179599997, 19.594107582, 14.511938380799998], [9.9742110132, 20.0952137988, 15.034712406], [7.7079413628, 17.540853850799998, 12.624397606799999], [4.4919503076, 11.661858625199999, 8.076904466399998], [0.8523688571999999, 6.543372956400001, 3.6978709068000004], [-0.9951932844, 4.0640873868, 1.5344470512]]",0.0,0.0,39109487.88569565,564.2927719592957,479.9072468384063,29.0,4681.39110649957,675.9011126782636,192.1275426109704,0.2294293069207671,49.250831604003906,-125.58332824707031,39.10948788569565
08HB086,2013,4.78000020980835,8.0,0.0130000002682209,3.0,59.9000015258789,38.599998474121094,2.403513304177601,"[[-1.2075988428, 4.2502474308, 1.521324294], [-0.7321277796, 5.8017845844, 2.5348284024], [-0.6222628356000001, 7.059738193199999, 3.2187376787999997], [1.18257405, 9.552451700399999, 5.367512875199999], [4.4791327308, 13.820094414, 9.1496135724], [7.335621274799999, 16.613105434799998, 11.974363354799998], [9.429769179599997, 19.594107582, 14.511938380799998], [9.9742110132, 20.0952137988, 15.034712406], [7.7079413628, 17.540853850799998, 12.624397606799999], [4.4919503076, 11.661858625199999, 8.076904466399998], [0.8523688571999999, 6.543372956400001, 3.6978709068000004], [-0.9951932844, 4.0640873868, 1.5344470512]]",0.0,0.0,39109487.88569565,564.2927719592957,479.9072468384063,29.0,4681.39110649957,675.9011126782636,192.1275426109704,0.2294293069207671,49.250831604003906,-125.58332824707031,39.10948788569565
08HB086,2014,6.71999979019165,8.0,0.001000000047497451,12.0,150.0,38.599998474121094,2.403513304177601,"[[-1.2075988428, 4.2502474308, 1.521324294], [-0.7321277796, 5.8017845844, 2.5348284024], [-0.6222628356000001, 7.059738193199999, 3.2187376787999997], [1.18257405, 9.552451700399999, 5.367512875199999], [4.4791327308, 13.820094414, 9.1496135724], [7.335621274799999, 16.613105434799998, 11.974363354799998], [9.429769179599997, 19.594107582, 14.511938380799998], [9.9742110132, 20.0952137988, 15.034712406], [7.7079413628, 17.540853850799998, 12.624397606799999], [4.4919503076, 11.661858625199999, 8.076904466399998], [0.8523688571999999, 6.543372956400001, 3.6978709068000004], [-0.9951932844, 4.0640873868, 1.5344470512]]",0.0,0.0,39109487.88569565,564.2927719592957,479.9072468384063,29.0,4681.39110649957,675.9011126782636,192.1275426109704,0.2294293069207671,49.250831604003906,-125.58332824707031,39.10948788569565
08HB086,2015,6.78000020980835,6.0,0.0,12.0,102.0,38.599998474121094,2.403513304177601,"[[-1.2075988428, 4.2502474308, 1.521324294], [-0.7321277796, 5.8017845844, 2.5348284024], [-0.6222628356000001, 7.059738193199999, 3.2187376787999997], [1.18257405, 9.552451700399999, 5.367512875199999], [4.4791327308, 13.820094414, 9.1496135724], [7.335621274799999, 16.613105434799998, 11.974363354799998], [9.429769179599997, 19.594107582, 14.511938380799998], [9.9742110132, 20.0952137988, 15.034712406], [7.7079413628, 17.540853850799998, 12.624397606799999], [4.4919503076, 11.661858625199999, 8.076904466399998], [0.8523688571999999, 6.543372956400001, 3.6978709068000004], [-0.9951932844, 4.0640873868, 1.5344470512]]",0.0,0.0,39109487.88569565,564.2927719592957,479.9072468384063,29.0,4681.39110649957,675.9011126782636,192.1275426109704,0.2294293069207671,49.250831604003906,-125.58332824707031,39.10948788569565
08HB086,2016,9.239999771118164,8.0,0.0,1.0,189.0,38.599998474121094,2.403513304177601,"[[-1.2075988428, 4.2502474308, 1.521324294], [-0.7321277796, 5.8017845844, 2.5348284024], [-0.6222628356000001, 7.059738193199999, 3.2187376787999997], [1.18257405, 9.552451700399999, 5.367512875199999], [4.4791327308, 13.820094414, 9.1496135724], [7.335621274799999, 16.613105434799998, 11.974363354799998], [9.429769179599997, 19.594107582, 14.511938380799998], [9.9742110132, 20.0952137988, 15.034712406], [7.7079413628, 17.540853850799998, 12.624397606799999], [4.4919503076, 11.661858625199999, 8.076904466399998], [0.8523688571999999, 6.543372956400001, 3.6978709068000004], [-0.9951932844, 4.0640873868, 1.5344470512]]",0.0,0.0,39109487.88569565,564.2927719592957,479.9072468384063,29.0,4681.39110649957,675.9011126782636,192.1275426109704,0.2294293069207671,49.250831604003906,-125.58332824707031,39.10948788569565
08HB086,2017,7.0900001525878915,8.0,0.0,11.0,110.0,38.599998474121094,2.403513304177601,"[[-1.2075988428, 4.2502474308, 1.521324294], [-0.7321277796, 5.8017845844, 2.5348284024], [-0.6222628356000001, 7.059738193199999, 3.2187376787999997], [1.18257405, 9.552451700399999, 5.367512875199999], [4.4791327308, 13.820094414, 9.1496135724], [7.335621274799999, 16.613105434799998, 11.974363354799998], [9.429769179599997, 19.594107582, 14.511938380799998], [9.9742110132, 20.0952137988, 15.034712406], [7.7079413628, 17.540853850799998, 12.624397606799999], [4.4919503076, 11.661858625199999, 8.076904466399998], [0.8523688571999999, 6.543372956400001, 3.6978709068000004], [-0.9951932844, 4.0640873868, 1.5344470512]]",0.0,0.0,39109487.88569565,564.2927719592957,479.9072468384063,29.0,4681.39110649957,675.9011126782636,192.1275426109704,0.2294293069207671,49.250831604003906,-125.58332824707031,39.10948788569565
08HB086,2018,7.809999942779541,8.0,0.0,11.0,126.0,38.599998474121094,2.403513304177601,"[[-1.2075988428, 4.2502474308, 1.521324294], [-0.7321277796, 5.8017845844, 2.5348284024], [-0.6222628356000001, 7.059738193199999, 3.2187376787999997], [1.18257405, 9.552451700399999, 5.367512875199999], [4.4791327308, 13.820094414, 9.1496135724], [7.335621274799999, 16.613105434799998, 11.974363354799998], [9.429769179599997, 19.594107582, 14.511938380799998], [9.9742110132, 20.0952137988, 15.034712406], [7.7079413628, 17.540853850799998, 12.624397606799999], [4.4919503076, 11.661858625199999, 8.076904466399998], [0.8523688571999999, 6.543372956400001, 3.6978709068000004], [-0.9951932844, 4.0640873868, 1.5344470512]]",0.0,0.0,39109487.88569565,564.2927719592957,479.9072468384063,29.0,4681.39110649957,675.9011126782636,192.1275426109704,0.2294293069207671,49.250831604003906,-125.58332824707031,39.10948788569565
08HB088,2003,0.7749999761581421,9.0,0.014000000432133676,10.0,12.899999618530273,,36.80413969337993,"[[-2.394140238, 3.172350258, 0.38910501], [-1.924162422, 4.609749942, 1.3427937599999997], [-1.97604309, 5.50087671, 1.76241681], [-0.08392461000000001, 7.9026464579999995, 3.9093609239999996], [3.31883685, 12.407109162, 7.862973006], [6.20279163, 15.373462649999999, 10.78812714], [8.470282002, 18.565649634, 13.517965818], [9.053176566, 19.093611726000002, 14.073394146000002], [6.733805526, 16.435490442000003, 11.584647984000002], [3.37987293, 10.417332953999999, 6.898602941999999], [-0.45319289399999996, 5.220110742, 2.383458924], [-2.26596447, 2.882428878, 0.30823220399999984]]",0.0,0.0,1106746.6850585304,524.2872156374897,443.73474654233803,29.0,8914.48046875,642.4731182795698,245.19328647472838,0.6173675142688329,49.20582962036133,-125.31749725341795,1.1067466850585304
08HB088,2004,0.5820000171661377,8.0,0.020999999716877937,12.0,8.359999656677246,,36.80413969337993,"[[-2.394140238, 3.172350258, 0.38910501], [-1.924162422, 4.609749942, 1.3427937599999997], [-1.97604309, 5.50087671, 1.76241681], [-0.08392461000000001, 7.9026464579999995, 3.9093609239999996], [3.31883685, 12.407109162, 7.862973006], [6.20279163, 15.373462649999999, 10.78812714], [8.470282002, 18.565649634, 13.517965818], [9.053176566, 19.093611726000002, 14.073394146000002], [6.733805526, 16.435490442000003, 11.584647984000002], [3.37987293, 10.417332953999999, 6.898602941999999], [-0.45319289399999996, 5.220110742, 2.383458924], [-2.26596447, 2.882428878, 0.30823220399999984]]",0.0,0.0,1106746.6850585304,524.2872156374897,443.73474654233803,29.0,8914.48046875,642.4731182795698,245.19328647472838,0.6173675142688329,49.20582962036133,-125.31749725341795,1.1067466850585304
08HB088,2006,0.7400000095367432,9.0,0.07000000029802322,11.0,10.0,,36.80413969337993,"[[-2.394140238, 3.172350258, 0.38910501], [-1.924162422, 4.609749942, 1.3427937599999997], [-1.97604309, 5.50087671, 1.76241681], [-0.08392461000000001, 7.9026464579999995, 3.9093609239999996], [3.31883685, 12.407109162, 7.862973006], [6.20279163, 15.373462649999999, 10.78812714], [8.470282002, 18.565649634, 13.517965818], [9.053176566, 19.093611726000002, 14.073394146000002], [6.733805526, 16.435490442000003, 11.584647984000002], [3.37987293, 10.417332953999999, 6.898602941999999], [-0.45319289399999996, 5.220110742, 2.383458924], [-2.26596447, 2.882428878, 0.30823220399999984]]",0.0,0.0,1106746.6850585304,524.2872156374897,443.73474654233803,29.0,8914.48046875,642.4731182795698,245.19328647472838,0.6173675142688329,49.20582962036133,-125.31749725341795,1.1067466850585304
08HC004,1991,15.899999618530273,10.0,1.0399999618530271,8.0,149.0,114.0,27.68406793085129,"[[-1.560997746, 3.88342059, 1.161211422], [-1.02998385, 5.47035867, 2.2201874100000003], [-0.9079116899999999, 6.742960938, 2.9175246240000003], [0.941481534, 9.303424494, 5.1224530139999995], [4.26489609, 13.661400605999999, 8.963148347999999], [7.173265302, 16.545355386, 11.859310344], [9.31563171, 19.597159386, 14.456395548], [9.868008234, 20.082396222, 14.975202228], [7.566948018, 17.409015918, 12.487981968], [4.267947894, 11.393910234, 7.830929063999999], [0.547798818, 6.17227359, 3.360036204], [-1.33516425, 3.688105134, 1.176470442]]",0.0,0.0,49393.32173380661,557.4074932093276,472.907664423504,29.0,3374.85498046875,77.25,256.51265886693864,0.129434631191087,49.4044418334961,-125.74749755859376,0.04939332173380661
08HC004,1992,16.0,9.0,1.0700000524520874,1.0,204.0,114.0,27.68406793085129,"[[-1.560997746, 3.88342059, 1.161211422], [-1.02998385, 5.47035867, 2.2201874100000003], [-0.9079116899999999, 6.742960938, 2.9175246240000003], [0.941481534, 9.303424494, 5.1224530139999995], [4.26489609, 13.661400605999999, 8.963148347999999], [7.173265302, 16.545355386, 11.859310344], [9.31563171, 19.597159386, 14.456395548], [9.868008234, 20.082396222, 14.975202228], [7.566948018, 17.409015918, 12.487981968], [4.267947894, 11.393910234, 7.830929063999999], [0.547798818, 6.17227359, 3.360036204], [-1.33516425, 3.688105134, 1.176470442]]",0.0,0.0,49393.32173380661,557.4074932093276,472.907664423504,29.0,3374.85498046875,77.25,256.51265886693864,0.129434631191087,49.4044418334961,-125.74749755859376,0.04939332173380661
08HC004,1993,13.5,10.0,0.8220000267028809,12.0,173.0,114.0,27.68406793085129,"[[-1.560997746, 3.88342059, 1.161211422], [-1.02998385, 5.47035867, 2.2201874100000003], [-0.9079116899999999, 6.742960938, 2.9175246240000003], [0.941481534, 9.303424494, 5.1224530139999995], [4.26489609, 13.661400605999999, 8.963148347999999], [7.173265302, 16.545355386, 11.859310344], [9.31563171, 19.597159386, 14.456395548], [9.868008234, 20.082396222, 14.975202228], [7.566948018, 17.409015918, 12.487981968], [4.267947894, 11.393910234, 7.830929063999999], [0.547798818, 6.17227359, 3.360036204], [-1.33516425, 3.688105134, 1.176470442]]",0.0,0.0,49393.32173380661,557.4074932093276,472.907664423504,29.0,3374.85498046875,77.25,256.51265886693864,0.129434631191087,49.4044418334961,-125.74749755859376,0.04939332173380661
08HC004,1996,11.199999809265137,10.0,1.5199999809265137,11.0,111.0,114.0,27.68406793085129,"[[-1.560997746, 3.88342059, 1.161211422], [-1.02998385, 5.47035867, 2.2201874100000003], [-0.9079116899999999, 6.742960938, 2.9175246240000003], [0.941481534, 9.303424494, 5.1224530139999995], [4.26489609, 13.661400605999999, 8.963148347999999], [7.173265302, 16.545355386, 11.859310344], [9.31563171, 19.597159386, 14.456395548], [9.868008234, 20.082396222, 14.975202228], [7.566948018, 17.409015918, 12.487981968], [4.267947894, 11.393910234, 7.830929063999999], [0.547798818, 6.17227359, 3.360036204], [-1.33516425, 3.688105134, 1.176470442]]",0.0,0.0,49393.32173380661,557.4074932093276,472.907664423504,29.0,3374.85498046875,77.25,256.51265886693864,0.129434631191087,49.4044418334961,-125.74749755859376,0.04939332173380661
08HC004,1997,19.89999961853028,3.0,3.4500000476837163,3.0,130.0,114.0,27.68406793085129,"[[-1.560997746, 3.88342059, 1.161211422], [-1.02998385, 5.47035867, 2.2201874100000003], [-0.9079116899999999, 6.742960938, 2.9175246240000003], [0.941481534, 9.303424494, 5.1224530139999995], [4.26489609, 13.661400605999999, 8.963148347999999], [7.173265302, 16.545355386, 11.859310344], [9.31563171, 19.597159386, 14.456395548], [9.868008234, 20.082396222, 14.975202228], [7.566948018, 17.409015918, 12.487981968], [4.267947894, 11.393910234, 7.830929063999999], [0.547798818, 6.17227359, 3.360036204], [-1.33516425, 3.688105134, 1.176470442]]",0.0,0.0,49393.32173380661,557.4074932093276,472.907664423504,29.0,3374.85498046875,77.25,256.51265886693864,0.129434631191087,49.4044418334961,-125.74749755859376,0.04939332173380661
08HC004,1998,16.700000762939453,9.0,0.8600000143051147,12.0,140.0,114.0,27.68406793085129,"[[-1.560997746, 3.88342059, 1.161211422], [-1.02998385, 5.47035867, 2.2201874100000003], [-0.9079116899999999, 6.742960938, 2.9175246240000003], [0.941481534, 9.303424494, 5.1224530139999995], [4.26489609, 13.661400605999999, 8.963148347999999], [7.173265302, 16.545355386, 11.859310344], [9.31563171, 19.597159386, 14.456395548], [9.868008234, 20.082396222, 14.975202228], [7.566948018, 17.409015918, 12.487981968], [4.267947894, 11.393910234, 7.830929063999999], [0.547798818, 6.17227359, 3.360036204], [-1.33516425, 3.688105134, 1.176470442]]",0.0,0.0,49393.32173380661,557.4074932093276,472.907664423504,29.0,3374.85498046875,77.25,256.51265886693864,0.129434631191087,49.4044418334961,-125.74749755859376,0.04939332173380661
08HE002,1926,13.0,9.0,1.100000023841858,12.0,144.0,122.0,3.622352452967725,"[[0.15843949100000002, 4.976475056000001, 2.5674572735000005], [0.614684189, 6.174816759999999, 3.3947504744999994], [0.644693595, 6.963453777000001, 3.804073686], [2.1853459809999998, 8.993412070999998, 5.589379025999999], [4.917219195, 12.490270820999998, 8.703745007999999], [7.516084618, 14.903230516999999, 11.209657567499999], [9.488821586999999, 17.257697303, 13.373259444999999], [10.206758478, 17.829401919000002, 14.018080198500002], [8.365757714999999, 15.816737181, 12.091247448], [5.401438763000001, 11.220211722999998, 8.310825243], [2.033264415, 6.982273235, 4.507768825], [0.32043942, 4.891278860999999, 2.6058591404999993]]",0.0,0.0,116349661.26658022,570.3574813917371,482.32339202910094,29.0,4670.18755297391,529.416259753335,275.2813800228298,0.9063937349220128,50.43027877807617,-127.40389251708984,116.34966126658024
08HE002,1927,15.399999618530273,8.0,1.5900000333786009,1.0,113.0,122.0,3.622352452967725,"[[0.15843949100000002, 4.976475056000001, 2.5674572735000005], [0.614684189, 6.174816759999999, 3.3947504744999994], [0.644693595, 6.963453777000001, 3.804073686], [2.1853459809999998, 8.993412070999998, 5.589379025999999], [4.917219195, 12.490270820999998, 8.703745007999999], [7.516084618, 14.903230516999999, 11.209657567499999], [9.488821586999999, 17.257697303, 13.373259444999999], [10.206758478, 17.829401919000002, 14.018080198500002], [8.365757714999999, 15.816737181, 12.091247448], [5.401438763000001, 11.220211722999998, 8.310825243], [2.033264415, 6.982273235, 4.507768825], [0.32043942, 4.891278860999999, 2.6058591404999993]]",0.0,0.0,116349661.26658022,570.3574813917371,482.32339202910094,29.0,4670.18755297391,529.416259753335,275.2813800228298,0.9063937349220128,50.43027877807617,-127.40389251708984,116.34966126658024
08HE002,1928,15.100000381469727,9.0,1.2899999618530271,1.0,129.0,122.0,3.622352452967725,"[[0.15843949100000002, 4.976475056000001, 2.5674572735000005], [0.614684189, 6.174816759999999, 3.3947504744999994], [0.644693595, 6.963453777000001, 3.804073686], [2.1853459809999998, 8.993412070999998, 5.589379025999999], [4.917219195, 12.490270820999998, 8.703745007999999], [7.516084618, 14.903230516999999, 11.209657567499999], [9.488821586999999, 17.257697303, 13.373259444999999], [10.206758478, 17.829401919000002, 14.018080198500002], [8.365757714999999, 15.816737181, 12.091247448], [5.401438763000001, 11.220211722999998, 8.310825243], [2.033264415, 6.982273235, 4.507768825], [0.32043942, 4.891278860999999, 2.6058591404999993]]",0.0,0.0,116349661.26658022,570.3574813917371,482.32339202910094,29.0,4670.18755297391,529.416259753335,275.2813800228298,0.9063937349220128,50.43027877807617,-127.40389251708984,116.34966126658024
08HE002,1929,12.0,2.0,1.809999942779541,3.0,111.0,122.0,3.622352452967725,"[[0.15843949100000002, 4.976475056000001, 2.5674572735000005], [0.614684189, 6.174816759999999, 3.3947504744999994], [0.644693595, 6.963453777000001, 3.804073686], [2.1853459809999998, 8.993412070999998, 5.589379025999999], [4.917219195, 12.490270820999998, 8.703745007999999], [7.516084618, 14.903230516999999, 11.209657567499999], [9.488821586999999, 17.257697303, 13.373259444999999], [10.206758478, 17.829401919000002, 14.018080198500002], [8.365757714999999, 15.816737181, 12.091247448], [5.401438763000001, 11.220211722999998, 8.310825243], [2.033264415, 6.982273235, 4.507768825], [0.32043942, 4.891278860999999, 2.6058591404999993]]",0.0,0.0,116349661.26658022,570.3574813917371,482.32339202910094,29.0,4670.18755297391,529.416259753335,275.2813800228298,0.9063937349220128,50.43027877807617,-127.40389251708984,116.34966126658024
08HE002,1930,14.399999618530273,9.0,1.2699999809265137,2.0,139.0,122.0,3.622352452967725,"[[0.15843949100000002, 4.976475056000001, 2.5674572735000005], [0.614684189, 6.174816759999999, 3.3947504744999994], [0.644693595, 6.963453777000001, 3.804073686], [2.1853459809999998, 8.993412070999998, 5.589379025999999], [4.917219195, 12.490270820999998, 8.703745007999999], [7.516084618, 14.903230516999999, 11.209657567499999], [9.488821586999999, 17.257697303, 13.373259444999999], [10.206758478, 17.829401919000002, 14.018080198500002], [8.365757714999999, 15.816737181, 12.091247448], [5.401438763000001, 11.220211722999998, 8.310825243], [2.033264415, 6.982273235, 4.507768825], [0.32043942, 4.891278860999999, 2.6058591404999993]]",0.0,0.0,116349661.26658022,570.3574813917371,482.32339202910094,29.0,4670.18755297391,529.416259753335,275.2813800228298,0.9063937349220128,50.43027877807617,-127.40389251708984,116.34966126658024
08HE002,1931,15.800000190734865,8.0,1.9299999475479128,11.0,67.69999694824219,122.0,3.622352452967725,"[[0.15843949100000002, 4.976475056000001, 2.5674572735000005], [0.614684189, 6.174816759999999, 3.3947504744999994], [0.644693595, 6.963453777000001, 3.804073686], [2.1853459809999998, 8.993412070999998, 5.589379025999999], [4.917219195, 12.490270820999998, 8.703745007999999], [7.516084618, 14.903230516999999, 11.209657567499999], [9.488821586999999, 17.257697303, 13.373259444999999], [10.206758478, 17.829401919000002, 14.018080198500002], [8.365757714999999, 15.816737181, 12.091247448], [5.401438763000001, 11.220211722999998, 8.310825243], [2.033264415, 6.982273235, 4.507768825], [0.32043942, 4.891278860999999, 2.6058591404999993]]",0.0,0.0,116349661.26658022,570.3574813917371,482.32339202910094,29.0,4670.18755297391,529.416259753335,275.2813800228298,0.9063937349220128,50.43027877807617,-127.40389251708984,116.34966126658024
08HE002,1933,16.299999237060547,2.0,2.240000009536743,9.0,72.80000305175781,122.0,3.622352452967725,"[[0.15843949100000002, 4.976475056000001, 2.5674572735000005], [0.614684189, 6.174816759999999, 3.3947504744999994], [0.644693595, 6.963453777000001, 3.804073686], [2.1853459809999998, 8.993412070999998, 5.589379025999999], [4.917219195, 12.490270820999998, 8.703745007999999], [7.516084618, 14.903230516999999, 11.209657567499999], [9.488821586999999, 17.257697303, 13.373259444999999], [10.206758478, 17.829401919000002, 14.018080198500002], [8.365757714999999, 15.816737181, 12.091247448], [5.401438763000001, 11.220211722999998, 8.310825243], [2.033264415, 6.982273235, 4.507768825], [0.32043942, 4.891278860999999, 2.6058591404999993]]",0.0,0.0,116349661.26658022,570.3574813917371,482.32339202910094,29.0,4670.18755297391,529.416259753335,275.2813800228298,0.9063937349220128,50.43027877807617,-127.40389251708984,116.34966126658024
08HE002,1934,15.899999618530273,7.0,1.9299999475479128,10.0,87.80000305175781,122.0,3.622352452967725,"[[0.15843949100000002, 4.976475056000001, 2.5674572735000005], [0.614684189, 6.174816759999999, 3.3947504744999994], [0.644693595, 6.963453777000001, 3.804073686], [2.1853459809999998, 8.993412070999998, 5.589379025999999], [4.917219195, 12.490270820999998, 8.703745007999999], [7.516084618, 14.903230516999999, 11.209657567499999], [9.488821586999999, 17.257697303, 13.373259444999999], [10.206758478, 17.829401919000002, 14.018080198500002], [8.365757714999999, 15.816737181, 12.091247448], [5.401438763000001, 11.220211722999998, 8.310825243], [2.033264415, 6.982273235, 4.507768825], [0.32043942, 4.891278860999999, 2.6058591404999993]]",0.0,0.0,116349661.26658022,570.3574813917371,482.32339202910094,29.0,4670.18755297391,529.416259753335,275.2813800228298,0.9063937349220128,50.43027877807617,-127.40389251708984,116.34966126658024
08HE002,1935,15.899999618530273,9.0,1.3600000143051147,2.0,189.0,122.0,3.622352452967725,"[[0.15843949100000002, 4.976475056000001, 2.5674572735000005], [0.614684189, 6.174816759999999, 3.3947504744999994], [0.644693595, 6.963453777000001, 3.804073686], [2.1853459809999998, 8.993412070999998, 5.589379025999999], [4.917219195, 12.490270820999998, 8.703745007999999], [7.516084618, 14.903230516999999, 11.209657567499999], [9.488821586999999, 17.257697303, 13.373259444999999], [10.206758478, 17.829401919000002, 14.018080198500002], [8.365757714999999, 15.816737181, 12.091247448], [5.401438763000001, 11.220211722999998, 8.310825243], [2.033264415, 6.982273235, 4.507768825], [0.32043942, 4.891278860999999, 2.6058591404999993]]",0.0,0.0,116349661.26658022,570.3574813917371,482.32339202910094,29.0,4670.18755297391,529.416259753335,275.2813800228298,0.9063937349220128,50.43027877807617,-127.40389251708984,116.34966126658024
08HE002,1936,12.800000190734865,9.0,1.8400000333786009,11.0,133.0,122.0,3.622352452967725,"[[0.15843949100000002, 4.976475056000001, 2.5674572735000005], [0.614684189, 6.174816759999999, 3.3947504744999994], [0.644693595, 6.963453777000001, 3.804073686], [2.1853459809999998, 8.993412070999998, 5.589379025999999], [4.917219195, 12.490270820999998, 8.703745007999999], [7.516084618, 14.903230516999999, 11.209657567499999], [9.488821586999999, 17.257697303, 13.373259444999999], [10.206758478, 17.829401919000002, 14.018080198500002], [8.365757714999999, 15.816737181, 12.091247448], [5.401438763000001, 11.220211722999998, 8.310825243], [2.033264415, 6.982273235, 4.507768825], [0.32043942, 4.891278860999999, 2.6058591404999993]]",0.0,0.0,116349661.26658022,570.3574813917371,482.32339202910094,29.0,4670.18755297391,529.416259753335,275.2813800228298,0.9063937349220128,50.43027877807617,-127.40389251708984,116.34966126658024
08HE002,1937,14.899999618530273,9.0,2.039999961853028,10.0,88.30000305175781,122.0,3.622352452967725,"[[0.15843949100000002, 4.976475056000001, 2.5674572735000005], [0.614684189, 6.174816759999999, 3.3947504744999994], [0.644693595, 6.963453777000001, 3.804073686], [2.1853459809999998, 8.993412070999998, 5.589379025999999], [4.917219195, 12.490270820999998, 8.703745007999999], [7.516084618, 14.903230516999999, 11.209657567499999], [9.488821586999999, 17.257697303, 13.373259444999999], [10.206758478, 17.829401919000002, 14.018080198500002], [8.365757714999999, 15.816737181, 12.091247448], [5.401438763000001, 11.220211722999998, 8.310825243], [2.033264415, 6.982273235, 4.507768825], [0.32043942, 4.891278860999999, 2.6058591404999993]]",0.0,0.0,116349661.26658022,570.3574813917371,482.32339202910094,29.0,4670.18755297391,529.416259753335,275.2813800228298,0.9063937349220128,50.43027877807617,-127.40389251708984,116.34966126658024
08HE002,1938,12.399999618530273,9.0,1.2200000286102295,10.0,67.09999847412111,122.0,3.622352452967725,"[[0.15843949100000002, 4.976475056000001, 2.5674572735000005], [0.614684189, 6.174816759999999, 3.3947504744999994], [0.644693595, 6.963453777000001, 3.804073686], [2.1853459809999998, 8.993412070999998, 5.589379025999999], [4.917219195, 12.490270820999998, 8.703745007999999], [7.516084618, 14.903230516999999, 11.209657567499999], [9.488821586999999, 17.257697303, 13.373259444999999], [10.206758478, 17.829401919000002, 14.018080198500002], [8.365757714999999, 15.816737181, 12.091247448], [5.401438763000001, 11.220211722999998, 8.310825243], [2.033264415, 6.982273235, 4.507768825], [0.32043942, 4.891278860999999, 2.6058591404999993]]",0.0,0.0,116349661.26658022,570.3574813917371,482.32339202910094,29.0,4670.18755297391,529.416259753335,275.2813800228298,0.9063937349220128,50.43027877807617,-127.40389251708984,116.34966126658024
08HE002,1939,23.60000038146973,9.0,1.2999999523162842,12.0,206.0,122.0,3.622352452967725,"[[0.15843949100000002, 4.976475056000001, 2.5674572735000005], [0.614684189, 6.174816759999999, 3.3947504744999994], [0.644693595, 6.963453777000001, 3.804073686], [2.1853459809999998, 8.993412070999998, 5.589379025999999], [4.917219195, 12.490270820999998, 8.703745007999999], [7.516084618, 14.903230516999999, 11.209657567499999], [9.488821586999999, 17.257697303, 13.373259444999999], [10.206758478, 17.829401919000002, 14.018080198500002], [8.365757714999999, 15.816737181, 12.091247448], [5.401438763000001, 11.220211722999998, 8.310825243], [2.033264415, 6.982273235, 4.507768825], [0.32043942, 4.891278860999999, 2.6058591404999993]]",0.0,0.0,116349661.26658022,570.3574813917371,482.32339202910094,29.0,4670.18755297391,529.416259753335,275.2813800228298,0.9063937349220128,50.43027877807617,-127.40389251708984,116.34966126658024
08HE002,1940,18.100000381469727,7.0,1.350000023841858,10.0,203.0,122.0,3.622352452967725,"[[0.15843949100000002, 4.976475056000001, 2.5674572735000005], [0.614684189, 6.174816759999999, 3.3947504744999994], [0.644693595, 6.963453777000001, 3.804073686], [2.1853459809999998, 8.993412070999998, 5.589379025999999], [4.917219195, 12.490270820999998, 8.703745007999999], [7.516084618, 14.903230516999999, 11.209657567499999], [9.488821586999999, 17.257697303, 13.373259444999999], [10.206758478, 17.829401919000002, 14.018080198500002], [8.365757714999999, 15.816737181, 12.091247448], [5.401438763000001, 11.220211722999998, 8.310825243], [2.033264415, 6.982273235, 4.507768825], [0.32043942, 4.891278860999999, 2.6058591404999993]]",0.0,0.0,116349661.26658022,570.3574813917371,482.32339202910094,29.0,4670.18755297391,529.416259753335,275.2813800228298,0.9063937349220128,50.43027877807617,-127.40389251708984,116.34966126658024
08HE002,1941,15.300000190734865,8.0,1.100000023841858,2.0,206.0,122.0,3.622352452967725,"[[0.15843949100000002, 4.976475056000001, 2.5674572735000005], [0.614684189, 6.174816759999999, 3.3947504744999994], [0.644693595, 6.963453777000001, 3.804073686], [2.1853459809999998, 8.993412070999998, 5.589379025999999], [4.917219195, 12.490270820999998, 8.703745007999999], [7.516084618, 14.903230516999999, 11.209657567499999], [9.488821586999999, 17.257697303, 13.373259444999999], [10.206758478, 17.829401919000002, 14.018080198500002], [8.365757714999999, 15.816737181, 12.091247448], [5.401438763000001, 11.220211722999998, 8.310825243], [2.033264415, 6.982273235, 4.507768825], [0.32043942, 4.891278860999999, 2.6058591404999993]]",0.0,0.0,116349661.26658022,570.3574813917371,482.32339202910094,29.0,4670.18755297391,529.416259753335,275.2813800228298,0.9063937349220128,50.43027877807617,-127.40389251708984,116.34966126658024
08HE002,1947,15.5,9.0,2.0999999046325684,10.0,142.0,122.0,3.622352452967725,"[[0.15843949100000002, 4.976475056000001, 2.5674572735000005], [0.614684189, 6.174816759999999, 3.3947504744999994], [0.644693595, 6.963453777000001, 3.804073686], [2.1853459809999998, 8.993412070999998, 5.589379025999999], [4.917219195, 12.490270820999998, 8.703745007999999], [7.516084618, 14.903230516999999, 11.209657567499999], [9.488821586999999, 17.257697303, 13.373259444999999], [10.206758478, 17.829401919000002, 14.018080198500002], [8.365757714999999, 15.816737181, 12.091247448], [5.401438763000001, 11.220211722999998, 8.310825243], [2.033264415, 6.982273235, 4.507768825], [0.32043942, 4.891278860999999, 2.6058591404999993]]",0.0,0.0,116349661.26658022,570.3574813917371,482.32339202910094,29.0,4670.18755297391,529.416259753335,275.2813800228298,0.9063937349220128,50.43027877807617,-127.40389251708984,116.34966126658024
08HE002,1948,12.300000190734865,8.0,2.150000095367432,9.0,75.0,122.0,3.622352452967725,"[[0.15843949100000002, 4.976475056000001, 2.5674572735000005], [0.614684189, 6.174816759999999, 3.3947504744999994], [0.644693595, 6.963453777000001, 3.804073686], [2.1853459809999998, 8.993412070999998, 5.589379025999999], [4.917219195, 12.490270820999998, 8.703745007999999], [7.516084618, 14.903230516999999, 11.209657567499999], [9.488821586999999, 17.257697303, 13.373259444999999], [10.206758478, 17.829401919000002, 14.018080198500002], [8.365757714999999, 15.816737181, 12.091247448], [5.401438763000001, 11.220211722999998, 8.310825243], [2.033264415, 6.982273235, 4.507768825], [0.32043942, 4.891278860999999, 2.6058591404999993]]",0.0,0.0,116349661.26658022,570.3574813917371,482.32339202910094,29.0,4670.18755297391,529.416259753335,275.2813800228298,0.9063937349220128,50.43027877807617,-127.40389251708984,116.34966126658024
08HE002,1949,11.899999618530273,8.0,2.440000057220459,11.0,103.0,122.0,3.622352452967725,"[[0.15843949100000002, 4.976475056000001, 2.5674572735000005], [0.614684189, 6.174816759999999, 3.3947504744999994], [0.644693595, 6.963453777000001, 3.804073686], [2.1853459809999998, 8.993412070999998, 5.589379025999999], [4.917219195, 12.490270820999998, 8.703745007999999], [7.516084618, 14.903230516999999, 11.209657567499999], [9.488821586999999, 17.257697303, 13.373259444999999], [10.206758478, 17.829401919000002, 14.018080198500002], [8.365757714999999, 15.816737181, 12.091247448], [5.401438763000001, 11.220211722999998, 8.310825243], [2.033264415, 6.982273235, 4.507768825], [0.32043942, 4.891278860999999, 2.6058591404999993]]",0.0,0.0,116349661.26658022,570.3574813917371,482.32339202910094,29.0,4670.18755297391,529.416259753335,275.2813800228298,0.9063937349220128,50.43027877807617,-127.40389251708984,116.34966126658024
08HE002,1950,16.600000381469727,2.0,2.890000104904175,12.0,94.5999984741211,122.0,3.622352452967725,"[[0.15843949100000002, 4.976475056000001, 2.5674572735000005], [0.614684189, 6.174816759999999, 3.3947504744999994], [0.644693595, 6.963453777000001, 3.804073686], [2.1853459809999998, 8.993412070999998, 5.589379025999999], [4.917219195, 12.490270820999998, 8.703745007999999], [7.516084618, 14.903230516999999, 11.209657567499999], [9.488821586999999, 17.257697303, 13.373259444999999], [10.206758478, 17.829401919000002, 14.018080198500002], [8.365757714999999, 15.816737181, 12.091247448], [5.401438763000001, 11.220211722999998, 8.310825243], [2.033264415, 6.982273235, 4.507768825], [0.32043942, 4.891278860999999, 2.6058591404999993]]",0.0,0.0,116349661.26658022,570.3574813917371,482.32339202910094,29.0,4670.18755297391,529.416259753335,275.2813800228298,0.9063937349220128,50.43027877807617,-127.40389251708984,116.34966126658024
08HE002,1951,9.460000038146973,8.0,2.2699999809265137,12.0,53.20000076293945,122.0,3.622352452967725,"[[0.15843949100000002, 4.976475056000001, 2.5674572735000005], [0.614684189, 6.174816759999999, 3.3947504744999994], [0.644693595, 6.963453777000001, 3.804073686], [2.1853459809999998, 8.993412070999998, 5.589379025999999], [4.917219195, 12.490270820999998, 8.703745007999999], [7.516084618, 14.903230516999999, 11.209657567499999], [9.488821586999999, 17.257697303, 13.373259444999999], [10.206758478, 17.829401919000002, 14.018080198500002], [8.365757714999999, 15.816737181, 12.091247448], [5.401438763000001, 11.220211722999998, 8.310825243], [2.033264415, 6.982273235, 4.507768825], [0.32043942, 4.891278860999999, 2.6058591404999993]]",0.0,0.0,116349661.26658022,570.3574813917371,482.32339202910094,29.0,4670.18755297391,529.416259753335,275.2813800228298,0.9063937349220128,50.43027877807617,-127.40389251708984,116.34966126658024
08HE002,1952,17.0,8.0,5.380000114440918,12.0,208.0,122.0,3.622352452967725,"[[0.15843949100000002, 4.976475056000001, 2.5674572735000005], [0.614684189, 6.174816759999999, 3.3947504744999994], [0.644693595, 6.963453777000001, 3.804073686], [2.1853459809999998, 8.993412070999998, 5.589379025999999], [4.917219195, 12.490270820999998, 8.703745007999999], [7.516084618, 14.903230516999999, 11.209657567499999], [9.488821586999999, 17.257697303, 13.373259444999999], [10.206758478, 17.829401919000002, 14.018080198500002], [8.365757714999999, 15.816737181, 12.091247448], [5.401438763000001, 11.220211722999998, 8.310825243], [2.033264415, 6.982273235, 4.507768825], [0.32043942, 4.891278860999999, 2.6058591404999993]]",0.0,0.0,116349661.26658022,570.3574813917371,482.32339202910094,29.0,4670.18755297391,529.416259753335,275.2813800228298,0.9063937349220128,50.43027877807617,-127.40389251708984,116.34966126658024
08HE003,1926,18.39999961853028,9.0,1.7000000476837158,12.0,311.0,228.0,,"[[-0.6837058227999999, 4.294600315599999, 1.8054472463999998], [-0.167340586, 5.5749338204, 2.7037966172], [-0.10976321720000001, 6.342971160399999, 3.1166039715999996], [1.5384143963999999, 8.4181978804, 4.9783061384], [4.3393601076, 12.073648711599999, 8.206504409599999], [6.9858845363999995, 14.5608689716, 10.773376754], [9.002516619599998, 16.9669112452, 12.984713932399998], [9.699548653199999, 17.5327157068, 13.616132180000001], [7.7522942476, 15.391773474, 11.572033860800001], [4.722870143600001, 10.6559840268, 7.6894270852], [1.2338443572, 6.267286421200001, 3.7505653892], [-0.5374226844, 4.1574725892, 1.8100249524]]",0.0,0.0,225146797.62032995,555.135548974795,463.95781624355294,29.0,4773.77276252298,,,,50.4011116027832,-127.29778289794922,225.14679762032998
08HE003,1927,21.600000381469727,8.0,2.490000009536743,10.0,144.0,228.0,,"[[-0.6837058227999999, 4.294600315599999, 1.8054472463999998], [-0.167340586, 5.5749338204, 2.7037966172], [-0.10976321720000001, 6.342971160399999, 3.1166039715999996], [1.5384143963999999, 8.4181978804, 4.9783061384], [4.3393601076, 12.073648711599999, 8.206504409599999], [6.9858845363999995, 14.5608689716, 10.773376754], [9.002516619599998, 16.9669112452, 12.984713932399998], [9.699548653199999, 17.5327157068, 13.616132180000001], [7.7522942476, 15.391773474, 11.572033860800001], [4.722870143600001, 10.6559840268, 7.6894270852], [1.2338443572, 6.267286421200001, 3.7505653892], [-0.5374226844, 4.1574725892, 1.8100249524]]",0.0,0.0,225146797.62032995,555.135548974795,463.95781624355294,29.0,4773.77276252298,,,,50.4011116027832,-127.29778289794922,225.14679762032998
08HE003,1928,21.899999618530284,9.0,0.8640000224113464,1.0,168.0,228.0,,"[[-0.6837058227999999, 4.294600315599999, 1.8054472463999998], [-0.167340586, 5.5749338204, 2.7037966172], [-0.10976321720000001, 6.342971160399999, 3.1166039715999996], [1.5384143963999999, 8.4181978804, 4.9783061384], [4.3393601076, 12.073648711599999, 8.206504409599999], [6.9858845363999995, 14.5608689716, 10.773376754], [9.002516619599998, 16.9669112452, 12.984713932399998], [9.699548653199999, 17.5327157068, 13.616132180000001], [7.7522942476, 15.391773474, 11.572033860800001], [4.722870143600001, 10.6559840268, 7.6894270852], [1.2338443572, 6.267286421200001, 3.7505653892], [-0.5374226844, 4.1574725892, 1.8100249524]]",0.0,0.0,225146797.62032995,555.135548974795,463.95781624355294,29.0,4773.77276252298,,,,50.4011116027832,-127.29778289794922,225.14679762032998
08HE003,1929,15.899999618530273,10.0,1.5299999713897705,12.0,182.0,228.0,,"[[-0.6837058227999999, 4.294600315599999, 1.8054472463999998], [-0.167340586, 5.5749338204, 2.7037966172], [-0.10976321720000001, 6.342971160399999, 3.1166039715999996], [1.5384143963999999, 8.4181978804, 4.9783061384], [4.3393601076, 12.073648711599999, 8.206504409599999], [6.9858845363999995, 14.5608689716, 10.773376754], [9.002516619599998, 16.9669112452, 12.984713932399998], [9.699548653199999, 17.5327157068, 13.616132180000001], [7.7522942476, 15.391773474, 11.572033860800001], [4.722870143600001, 10.6559840268, 7.6894270852], [1.2338443572, 6.267286421200001, 3.7505653892], [-0.5374226844, 4.1574725892, 1.8100249524]]",0.0,0.0,225146797.62032995,555.135548974795,463.95781624355294,29.0,4773.77276252298,,,,50.4011116027832,-127.29778289794922,225.14679762032998
08HE003,1930,21.600000381469727,1.0,1.2699999809265137,2.0,311.0,228.0,,"[[-0.6837058227999999, 4.294600315599999, 1.8054472463999998], [-0.167340586, 5.5749338204, 2.7037966172], [-0.10976321720000001, 6.342971160399999, 3.1166039715999996], [1.5384143963999999, 8.4181978804, 4.9783061384], [4.3393601076, 12.073648711599999, 8.206504409599999], [6.9858845363999995, 14.5608689716, 10.773376754], [9.002516619599998, 16.9669112452, 12.984713932399998], [9.699548653199999, 17.5327157068, 13.616132180000001], [7.7522942476, 15.391773474, 11.572033860800001], [4.722870143600001, 10.6559840268, 7.6894270852], [1.2338443572, 6.267286421200001, 3.7505653892], [-0.5374226844, 4.1574725892, 1.8100249524]]",0.0,0.0,225146797.62032995,555.135548974795,463.95781624355294,29.0,4773.77276252298,,,,50.4011116027832,-127.29778289794922,225.14679762032998
08HE006,2011,1.934000015258789,9.0,1.5329999923706057,11.0,3.5520000457763667,178.0,3.8933311025099235,"[[-1.107804852, 4.034484888, 1.4633400179999998], [-0.5606599919999999, 5.421747792, 2.4305439], [-0.45907851599999994, 6.274944996, 2.90793324], [1.289605176, 8.501889971999999, 4.895747574], [4.230890274, 12.399261666, 8.315075969999999], [6.964216728000001, 15.027300881999997, 10.995758805], [9.004347701999999, 17.676702726000002, 13.340525214], [9.677270484, 18.19420149, 13.935735987000001], [7.632343818000001, 15.896629050000001, 11.764486434000002], [4.478958342, 10.727527032, 7.603242687], [0.8651864340000001, 6.04366185, 3.454424142], [-0.941045562, 3.8428751940000003, 1.450914816]]",0.014961093153832388,4679005.621369335,181043214.41180497,552.0866584180924,462.82761737481775,29.0,4461.0495867582895,719.6564674032802,251.1073156604177,0.5956638966304942,50.012489318847656,-126.84339904785156,181.04321441180497
08HE006,2012,1.9010000228881843,10.0,1.4819999933242798,1.0,3.7920000553131104,178.0,3.8933311025099235,"[[-1.107804852, 4.034484888, 1.4633400179999998], [-0.5606599919999999, 5.421747792, 2.4305439], [-0.45907851599999994, 6.274944996, 2.90793324], [1.289605176, 8.501889971999999, 4.895747574], [4.230890274, 12.399261666, 8.315075969999999], [6.964216728000001, 15.027300881999997, 10.995758805], [9.004347701999999, 17.676702726000002, 13.340525214], [9.677270484, 18.19420149, 13.935735987000001], [7.632343818000001, 15.896629050000001, 11.764486434000002], [4.478958342, 10.727527032, 7.603242687], [0.8651864340000001, 6.04366185, 3.454424142], [-0.941045562, 3.8428751940000003, 1.450914816]]",0.014961093153832388,4679005.621369335,181043214.41180497,552.0866584180924,462.82761737481775,29.0,4461.0495867582895,719.6564674032802,251.1073156604177,0.5956638966304942,50.012489318847656,-126.84339904785156,181.04321441180497
08HE006,2014,1.843000054359436,9.0,1.462000012397766,12.0,3.5139999389648438,178.0,3.8933311025099235,"[[-1.107804852, 4.034484888, 1.4633400179999998], [-0.5606599919999999, 5.421747792, 2.4305439], [-0.45907851599999994, 6.274944996, 2.90793324], [1.289605176, 8.501889971999999, 4.895747574], [4.230890274, 12.399261666, 8.315075969999999], [6.964216728000001, 15.027300881999997, 10.995758805], [9.004347701999999, 17.676702726000002, 13.340525214], [9.677270484, 18.19420149, 13.935735987000001], [7.632343818000001, 15.896629050000001, 11.764486434000002], [4.478958342, 10.727527032, 7.603242687], [0.8651864340000001, 6.04366185, 3.454424142], [-0.941045562, 3.8428751940000003, 1.450914816]]",0.014961093153832388,4679005.621369335,181043214.41180497,552.0866584180924,462.82761737481775,29.0,4461.0495867582895,719.6564674032802,251.1073156604177,0.5956638966304942,50.012489318847656,-126.84339904785156,181.04321441180497
08HE006,2015,1.8229999542236328,8.0,1.440999984741211,3.0,3.003999948501587,178.0,3.8933311025099235,"[[-1.107804852, 4.034484888, 1.4633400179999998], [-0.5606599919999999, 5.421747792, 2.4305439], [-0.45907851599999994, 6.274944996, 2.90793324], [1.289605176, 8.501889971999999, 4.895747574], [4.230890274, 12.399261666, 8.315075969999999], [6.964216728000001, 15.027300881999997, 10.995758805], [9.004347701999999, 17.676702726000002, 13.340525214], [9.677270484, 18.19420149, 13.935735987000001], [7.632343818000001, 15.896629050000001, 11.764486434000002], [4.478958342, 10.727527032, 7.603242687], [0.8651864340000001, 6.04366185, 3.454424142], [-0.941045562, 3.8428751940000003, 1.450914816]]",0.014961093153832388,4679005.621369335,181043214.41180497,552.0866584180924,462.82761737481775,29.0,4461.0495867582895,719.6564674032802,251.1073156604177,0.5956638966304942,50.012489318847656,-126.84339904785156,181.04321441180497
08HE006,2016,1.8220000267028809,8.0,1.4839999675750732,1.0,3.24399995803833,178.0,3.8933311025099235,"[[-1.107804852, 4.034484888, 1.4633400179999998], [-0.5606599919999999, 5.421747792, 2.4305439], [-0.45907851599999994, 6.274944996, 2.90793324], [1.289605176, 8.501889971999999, 4.895747574], [4.230890274, 12.399261666, 8.315075969999999], [6.964216728000001, 15.027300881999997, 10.995758805], [9.004347701999999, 17.676702726000002, 13.340525214], [9.677270484, 18.19420149, 13.935735987000001], [7.632343818000001, 15.896629050000001, 11.764486434000002], [4.478958342, 10.727527032, 7.603242687], [0.8651864340000001, 6.04366185, 3.454424142], [-0.941045562, 3.8428751940000003, 1.450914816]]",0.014961093153832388,4679005.621369335,181043214.41180497,552.0866584180924,462.82761737481775,29.0,4461.0495867582895,719.6564674032802,251.1073156604177,0.5956638966304942,50.012489318847656,-126.84339904785156,181.04321441180497
08HE006,2018,1.8389999866485602,8.0,1.462000012397766,11.0,3.3340001106262207,178.0,3.8933311025099235,"[[-1.107804852, 4.034484888, 1.4633400179999998], [-0.5606599919999999, 5.421747792, 2.4305439], [-0.45907851599999994, 6.274944996, 2.90793324], [1.289605176, 8.501889971999999, 4.895747574], [4.230890274, 12.399261666, 8.315075969999999], [6.964216728000001, 15.027300881999997, 10.995758805], [9.004347701999999, 17.676702726000002, 13.340525214], [9.677270484, 18.19420149, 13.935735987000001], [7.632343818000001, 15.896629050000001, 11.764486434000002], [4.478958342, 10.727527032, 7.603242687], [0.8651864340000001, 6.04366185, 3.454424142], [-0.941045562, 3.8428751940000003, 1.450914816]]",0.014961093153832388,4679005.621369335,181043214.41180497,552.0866584180924,462.82761737481775,29.0,4461.0495867582895,719.6564674032802,251.1073156604177,0.5956638966304942,50.012489318847656,-126.84339904785156,181.04321441180497
08HE006,1960,24.20000076293945,10.0,6.5999999046325675,12.0,269.0,178.0,3.8933311025099235,"[[-1.107804852, 4.034484888, 1.4633400179999998], [-0.5606599919999999, 5.421747792, 2.4305439], [-0.45907851599999994, 6.274944996, 2.90793324], [1.289605176, 8.501889971999999, 4.895747574], [4.230890274, 12.399261666, 8.315075969999999], [6.964216728000001, 15.027300881999997, 10.995758805], [9.004347701999999, 17.676702726000002, 13.340525214], [9.677270484, 18.19420149, 13.935735987000001], [7.632343818000001, 15.896629050000001, 11.764486434000002], [4.478958342, 10.727527032, 7.603242687], [0.8651864340000001, 6.04366185, 3.454424142], [-0.941045562, 3.8428751940000003, 1.450914816]]",0.014961093153832388,4679005.621369335,181043214.41180497,552.0866584180924,462.82761737481775,29.0,4461.0495867582895,719.6564674032802,251.1073156604177,0.5956638966304942,50.012489318847656,-126.84339904785156,181.04321441180497
08HE006,1961,24.70000076293945,8.0,4.869999885559082,1.0,303.0,178.0,3.8933311025099235,"[[-1.107804852, 4.034484888, 1.4633400179999998], [-0.5606599919999999, 5.421747792, 2.4305439], [-0.45907851599999994, 6.274944996, 2.90793324], [1.289605176, 8.501889971999999, 4.895747574], [4.230890274, 12.399261666, 8.315075969999999], [6.964216728000001, 15.027300881999997, 10.995758805], [9.004347701999999, 17.676702726000002, 13.340525214], [9.677270484, 18.19420149, 13.935735987000001], [7.632343818000001, 15.896629050000001, 11.764486434000002], [4.478958342, 10.727527032, 7.603242687], [0.8651864340000001, 6.04366185, 3.454424142], [-0.941045562, 3.8428751940000003, 1.450914816]]",0.014961093153832388,4679005.621369335,181043214.41180497,552.0866584180924,462.82761737481775,29.0,4461.0495867582895,719.6564674032802,251.1073156604177,0.5956638966304942,50.012489318847656,-126.84339904785156,181.04321441180497
08HE006,1963,28.10000038146973,9.0,4.1599998474121085,2.0,317.0,178.0,3.8933311025099235,"[[-1.107804852, 4.034484888, 1.4633400179999998], [-0.5606599919999999, 5.421747792, 2.4305439], [-0.45907851599999994, 6.274944996, 2.90793324], [1.289605176, 8.501889971999999, 4.895747574], [4.230890274, 12.399261666, 8.315075969999999], [6.964216728000001, 15.027300881999997, 10.995758805], [9.004347701999999, 17.676702726000002, 13.340525214], [9.677270484, 18.19420149, 13.935735987000001], [7.632343818000001, 15.896629050000001, 11.764486434000002], [4.478958342, 10.727527032, 7.603242687], [0.8651864340000001, 6.04366185, 3.454424142], [-0.941045562, 3.8428751940000003, 1.450914816]]",0.014961093153832388,4679005.621369335,181043214.41180497,552.0866584180924,462.82761737481775,29.0,4461.0495867582895,719.6564674032802,251.1073156604177,0.5956638966304942,50.012489318847656,-126.84339904785156,181.04321441180497
08HE006,1964,23.899999618530284,9.0,8.329999923706055,11.0,147.0,178.0,3.8933311025099235,"[[-1.107804852, 4.034484888, 1.4633400179999998], [-0.5606599919999999, 5.421747792, 2.4305439], [-0.45907851599999994, 6.274944996, 2.90793324], [1.289605176, 8.501889971999999, 4.895747574], [4.230890274, 12.399261666, 8.315075969999999], [6.964216728000001, 15.027300881999997, 10.995758805], [9.004347701999999, 17.676702726000002, 13.340525214], [9.677270484, 18.19420149, 13.935735987000001], [7.632343818000001, 15.896629050000001, 11.764486434000002], [4.478958342, 10.727527032, 7.603242687], [0.8651864340000001, 6.04366185, 3.454424142], [-0.941045562, 3.8428751940000003, 1.450914816]]",0.014961093153832388,4679005.621369335,181043214.41180497,552.0866584180924,462.82761737481775,29.0,4461.0495867582895,719.6564674032802,251.1073156604177,0.5956638966304942,50.012489318847656,-126.84339904785156,181.04321441180497
08HE006,1967,54.0,8.0,4.789999961853027,2.0,677.0,178.0,3.8933311025099235,"[[-1.107804852, 4.034484888, 1.4633400179999998], [-0.5606599919999999, 5.421747792, 2.4305439], [-0.45907851599999994, 6.274944996, 2.90793324], [1.289605176, 8.501889971999999, 4.895747574], [4.230890274, 12.399261666, 8.315075969999999], [6.964216728000001, 15.027300881999997, 10.995758805], [9.004347701999999, 17.676702726000002, 13.340525214], [9.677270484, 18.19420149, 13.935735987000001], [7.632343818000001, 15.896629050000001, 11.764486434000002], [4.478958342, 10.727527032, 7.603242687], [0.8651864340000001, 6.04366185, 3.454424142], [-0.941045562, 3.8428751940000003, 1.450914816]]",0.014961093153832388,4679005.621369335,181043214.41180497,552.0866584180924,462.82761737481775,29.0,4461.0495867582895,719.6564674032802,251.1073156604177,0.5956638966304942,50.012489318847656,-126.84339904785156,181.04321441180497
08HE006,1968,65.5,5.0,4.2800002098083505,10.0,708.0,178.0,3.8933311025099235,"[[-1.107804852, 4.034484888, 1.4633400179999998], [-0.5606599919999999, 5.421747792, 2.4305439], [-0.45907851599999994, 6.274944996, 2.90793324], [1.289605176, 8.501889971999999, 4.895747574], [4.230890274, 12.399261666, 8.315075969999999], [6.964216728000001, 15.027300881999997, 10.995758805], [9.004347701999999, 17.676702726000002, 13.340525214], [9.677270484, 18.19420149, 13.935735987000001], [7.632343818000001, 15.896629050000001, 11.764486434000002], [4.478958342, 10.727527032, 7.603242687], [0.8651864340000001, 6.04366185, 3.454424142], [-0.941045562, 3.8428751940000003, 1.450914816]]",0.014961093153832388,4679005.621369335,181043214.41180497,552.0866584180924,462.82761737481775,29.0,4461.0495867582895,719.6564674032802,251.1073156604177,0.5956638966304942,50.012489318847656,-126.84339904785156,181.04321441180497
08HE006,1970,16.700000762939453,9.0,4.559999942779541,5.0,202.0,178.0,3.8933311025099235,"[[-1.107804852, 4.034484888, 1.4633400179999998], [-0.5606599919999999, 5.421747792, 2.4305439], [-0.45907851599999994, 6.274944996, 2.90793324], [1.289605176, 8.501889971999999, 4.895747574], [4.230890274, 12.399261666, 8.315075969999999], [6.964216728000001, 15.027300881999997, 10.995758805], [9.004347701999999, 17.676702726000002, 13.340525214], [9.677270484, 18.19420149, 13.935735987000001], [7.632343818000001, 15.896629050000001, 11.764486434000002], [4.478958342, 10.727527032, 7.603242687], [0.8651864340000001, 6.04366185, 3.454424142], [-0.941045562, 3.8428751940000003, 1.450914816]]",0.014961093153832388,4679005.621369335,181043214.41180497,552.0866584180924,462.82761737481775,29.0,4461.0495867582895,719.6564674032802,251.1073156604177,0.5956638966304942,50.012489318847656,-126.84339904785156,181.04321441180497
08HE006,1972,24.20000076293945,10.0,4.2800002098083505,3.0,227.0,178.0,3.8933311025099235,"[[-1.107804852, 4.034484888, 1.4633400179999998], [-0.5606599919999999, 5.421747792, 2.4305439], [-0.45907851599999994, 6.274944996, 2.90793324], [1.289605176, 8.501889971999999, 4.895747574], [4.230890274, 12.399261666, 8.315075969999999], [6.964216728000001, 15.027300881999997, 10.995758805], [9.004347701999999, 17.676702726000002, 13.340525214], [9.677270484, 18.19420149, 13.935735987000001], [7.632343818000001, 15.896629050000001, 11.764486434000002], [4.478958342, 10.727527032, 7.603242687], [0.8651864340000001, 6.04366185, 3.454424142], [-0.941045562, 3.8428751940000003, 1.450914816]]",0.014961093153832388,4679005.621369335,181043214.41180497,552.0866584180924,462.82761737481775,29.0,4461.0495867582895,719.6564674032802,251.1073156604177,0.5956638966304942,50.012489318847656,-126.84339904785156,181.04321441180497
08HE006,1973,21.899999618530284,9.0,4.420000076293945,12.0,328.0,178.0,3.8933311025099235,"[[-1.107804852, 4.034484888, 1.4633400179999998], [-0.5606599919999999, 5.421747792, 2.4305439], [-0.45907851599999994, 6.274944996, 2.90793324], [1.289605176, 8.501889971999999, 4.895747574], [4.230890274, 12.399261666, 8.315075969999999], [6.964216728000001, 15.027300881999997, 10.995758805], [9.004347701999999, 17.676702726000002, 13.340525214], [9.677270484, 18.19420149, 13.935735987000001], [7.632343818000001, 15.896629050000001, 11.764486434000002], [4.478958342, 10.727527032, 7.603242687], [0.8651864340000001, 6.04366185, 3.454424142], [-0.941045562, 3.8428751940000003, 1.450914816]]",0.014961093153832388,4679005.621369335,181043214.41180497,552.0866584180924,462.82761737481775,29.0,4461.0495867582895,719.6564674032802,251.1073156604177,0.5956638966304942,50.012489318847656,-126.84339904785156,181.04321441180497
08HE006,1974,25.899999618530284,9.0,6.0,1.0,292.0,178.0,3.8933311025099235,"[[-1.107804852, 4.034484888, 1.4633400179999998], [-0.5606599919999999, 5.421747792, 2.4305439], [-0.45907851599999994, 6.274944996, 2.90793324], [1.289605176, 8.501889971999999, 4.895747574], [4.230890274, 12.399261666, 8.315075969999999], [6.964216728000001, 15.027300881999997, 10.995758805], [9.004347701999999, 17.676702726000002, 13.340525214], [9.677270484, 18.19420149, 13.935735987000001], [7.632343818000001, 15.896629050000001, 11.764486434000002], [4.478958342, 10.727527032, 7.603242687], [0.8651864340000001, 6.04366185, 3.454424142], [-0.941045562, 3.8428751940000003, 1.450914816]]",0.014961093153832388,4679005.621369335,181043214.41180497,552.0866584180924,462.82761737481775,29.0,4461.0495867582895,719.6564674032802,251.1073156604177,0.5956638966304942,50.012489318847656,-126.84339904785156,181.04321441180497
08HE006,1975,27.5,10.0,5.519999980926514,11.0,728.0,178.0,3.8933311025099235,"[[-1.107804852, 4.034484888, 1.4633400179999998], [-0.5606599919999999, 5.421747792, 2.4305439], [-0.45907851599999994, 6.274944996, 2.90793324], [1.289605176, 8.501889971999999, 4.895747574], [4.230890274, 12.399261666, 8.315075969999999], [6.964216728000001, 15.027300881999997, 10.995758805], [9.004347701999999, 17.676702726000002, 13.340525214], [9.677270484, 18.19420149, 13.935735987000001], [7.632343818000001, 15.896629050000001, 11.764486434000002], [4.478958342, 10.727527032, 7.603242687], [0.8651864340000001, 6.04366185, 3.454424142], [-0.941045562, 3.8428751940000003, 1.450914816]]",0.014961093153832388,4679005.621369335,181043214.41180497,552.0866584180924,462.82761737481775,29.0,4461.0495867582895,719.6564674032802,251.1073156604177,0.5956638966304942,50.012489318847656,-126.84339904785156,181.04321441180497
08HE006,1976,27.70000076293945,10.0,7.389999866485597,12.0,354.0,178.0,3.8933311025099235,"[[-1.107804852, 4.034484888, 1.4633400179999998], [-0.5606599919999999, 5.421747792, 2.4305439], [-0.45907851599999994, 6.274944996, 2.90793324], [1.289605176, 8.501889971999999, 4.895747574], [4.230890274, 12.399261666, 8.315075969999999], [6.964216728000001, 15.027300881999997, 10.995758805], [9.004347701999999, 17.676702726000002, 13.340525214], [9.677270484, 18.19420149, 13.935735987000001], [7.632343818000001, 15.896629050000001, 11.764486434000002], [4.478958342, 10.727527032, 7.603242687], [0.8651864340000001, 6.04366185, 3.454424142], [-0.941045562, 3.8428751940000003, 1.450914816]]",0.014961093153832388,4679005.621369335,181043214.41180497,552.0866584180924,462.82761737481775,29.0,4461.0495867582895,719.6564674032802,251.1073156604177,0.5956638966304942,50.012489318847656,-126.84339904785156,181.04321441180497
08HE006,1977,22.399999618530284,9.0,4.050000190734863,10.0,261.0,178.0,3.8933311025099235,"[[-1.107804852, 4.034484888, 1.4633400179999998], [-0.5606599919999999, 5.421747792, 2.4305439], [-0.45907851599999994, 6.274944996, 2.90793324], [1.289605176, 8.501889971999999, 4.895747574], [4.230890274, 12.399261666, 8.315075969999999], [6.964216728000001, 15.027300881999997, 10.995758805], [9.004347701999999, 17.676702726000002, 13.340525214], [9.677270484, 18.19420149, 13.935735987000001], [7.632343818000001, 15.896629050000001, 11.764486434000002], [4.478958342, 10.727527032, 7.603242687], [0.8651864340000001, 6.04366185, 3.454424142], [-0.941045562, 3.8428751940000003, 1.450914816]]",0.014961093153832388,4679005.621369335,181043214.41180497,552.0866584180924,462.82761737481775,29.0,4461.0495867582895,719.6564674032802,251.1073156604177,0.5956638966304942,50.012489318847656,-126.84339904785156,181.04321441180497
08HE006,1978,18.5,8.0,3.910000085830689,11.0,281.0,178.0,3.8933311025099235,"[[-1.107804852, 4.034484888, 1.4633400179999998], [-0.5606599919999999, 5.421747792, 2.4305439], [-0.45907851599999994, 6.274944996, 2.90793324], [1.289605176, 8.501889971999999, 4.895747574], [4.230890274, 12.399261666, 8.315075969999999], [6.964216728000001, 15.027300881999997, 10.995758805], [9.004347701999999, 17.676702726000002, 13.340525214], [9.677270484, 18.19420149, 13.935735987000001], [7.632343818000001, 15.896629050000001, 11.764486434000002], [4.478958342, 10.727527032, 7.603242687], [0.8651864340000001, 6.04366185, 3.454424142], [-0.941045562, 3.8428751940000003, 1.450914816]]",0.014961093153832388,4679005.621369335,181043214.41180497,552.0866584180924,462.82761737481775,29.0,4461.0495867582895,719.6564674032802,251.1073156604177,0.5956638966304942,50.012489318847656,-126.84339904785156,181.04321441180497
08HE006,1979,20.299999237060547,8.0,4.079999923706056,12.0,340.0,178.0,3.8933311025099235,"[[-1.107804852, 4.034484888, 1.4633400179999998], [-0.5606599919999999, 5.421747792, 2.4305439], [-0.45907851599999994, 6.274944996, 2.90793324], [1.289605176, 8.501889971999999, 4.895747574], [4.230890274, 12.399261666, 8.315075969999999], [6.964216728000001, 15.027300881999997, 10.995758805], [9.004347701999999, 17.676702726000002, 13.340525214], [9.677270484, 18.19420149, 13.935735987000001], [7.632343818000001, 15.896629050000001, 11.764486434000002], [4.478958342, 10.727527032, 7.603242687], [0.8651864340000001, 6.04366185, 3.454424142], [-0.941045562, 3.8428751940000003, 1.450914816]]",0.014961093153832388,4679005.621369335,181043214.41180497,552.0866584180924,462.82761737481775,29.0,4461.0495867582895,719.6564674032802,251.1073156604177,0.5956638966304942,50.012489318847656,-126.84339904785156,181.04321441180497
08HE006,1980,24.0,8.0,4.760000228881836,12.0,384.0,178.0,3.8933311025099235,"[[-1.107804852, 4.034484888, 1.4633400179999998], [-0.5606599919999999, 5.421747792, 2.4305439], [-0.45907851599999994, 6.274944996, 2.90793324], [1.289605176, 8.501889971999999, 4.895747574], [4.230890274, 12.399261666, 8.315075969999999], [6.964216728000001, 15.027300881999997, 10.995758805], [9.004347701999999, 17.676702726000002, 13.340525214], [9.677270484, 18.19420149, 13.935735987000001], [7.632343818000001, 15.896629050000001, 11.764486434000002], [4.478958342, 10.727527032, 7.603242687], [0.8651864340000001, 6.04366185, 3.454424142], [-0.941045562, 3.8428751940000003, 1.450914816]]",0.014961093153832388,4679005.621369335,181043214.41180497,552.0866584180924,462.82761737481775,29.0,4461.0495867582895,719.6564674032802,251.1073156604177,0.5956638966304942,50.012489318847656,-126.84339904785156,181.04321441180497
08HE006,1981,25.20000076293945,8.0,3.759999990463257,10.0,277.0,178.0,3.8933311025099235,"[[-1.107804852, 4.034484888, 1.4633400179999998], [-0.5606599919999999, 5.421747792, 2.4305439], [-0.45907851599999994, 6.274944996, 2.90793324], [1.289605176, 8.501889971999999, 4.895747574], [4.230890274, 12.399261666, 8.315075969999999], [6.964216728000001, 15.027300881999997, 10.995758805], [9.004347701999999, 17.676702726000002, 13.340525214], [9.677270484, 18.19420149, 13.935735987000001], [7.632343818000001, 15.896629050000001, 11.764486434000002], [4.478958342, 10.727527032, 7.603242687], [0.8651864340000001, 6.04366185, 3.454424142], [-0.941045562, 3.8428751940000003, 1.450914816]]",0.014961093153832388,4679005.621369335,181043214.41180497,552.0866584180924,462.82761737481775,29.0,4461.0495867582895,719.6564674032802,251.1073156604177,0.5956638966304942,50.012489318847656,-126.84339904785156,181.04321441180497
08HE006,1982,21.100000381469727,9.0,5.489999771118164,2.0,160.0,178.0,3.8933311025099235,"[[-1.107804852, 4.034484888, 1.4633400179999998], [-0.5606599919999999, 5.421747792, 2.4305439], [-0.45907851599999994, 6.274944996, 2.90793324], [1.289605176, 8.501889971999999, 4.895747574], [4.230890274, 12.399261666, 8.315075969999999], [6.964216728000001, 15.027300881999997, 10.995758805], [9.004347701999999, 17.676702726000002, 13.340525214], [9.677270484, 18.19420149, 13.935735987000001], [7.632343818000001, 15.896629050000001, 11.764486434000002], [4.478958342, 10.727527032, 7.603242687], [0.8651864340000001, 6.04366185, 3.454424142], [-0.941045562, 3.8428751940000003, 1.450914816]]",0.014961093153832388,4679005.621369335,181043214.41180497,552.0866584180924,462.82761737481775,29.0,4461.0495867582895,719.6564674032802,251.1073156604177,0.5956638966304942,50.012489318847656,-126.84339904785156,181.04321441180497
08HE006,1983,24.399999618530284,10.0,5.269999980926514,2.0,324.0,178.0,3.8933311025099235,"[[-1.107804852, 4.034484888, 1.4633400179999998], [-0.5606599919999999, 5.421747792, 2.4305439], [-0.45907851599999994, 6.274944996, 2.90793324], [1.289605176, 8.501889971999999, 4.895747574], [4.230890274, 12.399261666, 8.315075969999999], [6.964216728000001, 15.027300881999997, 10.995758805], [9.004347701999999, 17.676702726000002, 13.340525214], [9.677270484, 18.19420149, 13.935735987000001], [7.632343818000001, 15.896629050000001, 11.764486434000002], [4.478958342, 10.727527032, 7.603242687], [0.8651864340000001, 6.04366185, 3.454424142], [-0.941045562, 3.8428751940000003, 1.450914816]]",0.014961093153832388,4679005.621369335,181043214.41180497,552.0866584180924,462.82761737481775,29.0,4461.0495867582895,719.6564674032802,251.1073156604177,0.5956638966304942,50.012489318847656,-126.84339904785156,181.04321441180497
08HE006,1984,24.79999923706055,8.0,7.559999942779541,10.0,166.0,178.0,3.8933311025099235,"[[-1.107804852, 4.034484888, 1.4633400179999998], [-0.5606599919999999, 5.421747792, 2.4305439], [-0.45907851599999994, 6.274944996, 2.90793324], [1.289605176, 8.501889971999999, 4.895747574], [4.230890274, 12.399261666, 8.315075969999999], [6.964216728000001, 15.027300881999997, 10.995758805], [9.004347701999999, 17.676702726000002, 13.340525214], [9.677270484, 18.19420149, 13.935735987000001], [7.632343818000001, 15.896629050000001, 11.764486434000002], [4.478958342, 10.727527032, 7.603242687], [0.8651864340000001, 6.04366185, 3.454424142], [-0.941045562, 3.8428751940000003, 1.450914816]]",0.014961093153832388,4679005.621369335,181043214.41180497,552.0866584180924,462.82761737481775,29.0,4461.0495867582895,719.6564674032802,251.1073156604177,0.5956638966304942,50.012489318847656,-126.84339904785156,181.04321441180497
08HE006,1985,14.300000190734865,10.0,2.509999990463257,4.0,147.0,178.0,3.8933311025099235,"[[-1.107804852, 4.034484888, 1.4633400179999998], [-0.5606599919999999, 5.421747792, 2.4305439], [-0.45907851599999994, 6.274944996, 2.90793324], [1.289605176, 8.501889971999999, 4.895747574], [4.230890274, 12.399261666, 8.315075969999999], [6.964216728000001, 15.027300881999997, 10.995758805], [9.004347701999999, 17.676702726000002, 13.340525214], [9.677270484, 18.19420149, 13.935735987000001], [7.632343818000001, 15.896629050000001, 11.764486434000002], [4.478958342, 10.727527032, 7.603242687], [0.8651864340000001, 6.04366185, 3.454424142], [-0.941045562, 3.8428751940000003, 1.450914816]]",0.014961093153832388,4679005.621369335,181043214.41180497,552.0866584180924,462.82761737481775,29.0,4461.0495867582895,719.6564674032802,251.1073156604177,0.5956638966304942,50.012489318847656,-126.84339904785156,181.04321441180497
08HE006,1986,25.29999923706055,10.0,2.630000114440918,1.0,317.0,178.0,3.8933311025099235,"[[-1.107804852, 4.034484888, 1.4633400179999998], [-0.5606599919999999, 5.421747792, 2.4305439], [-0.45907851599999994, 6.274944996, 2.90793324], [1.289605176, 8.501889971999999, 4.895747574], [4.230890274, 12.399261666, 8.315075969999999], [6.964216728000001, 15.027300881999997, 10.995758805], [9.004347701999999, 17.676702726000002, 13.340525214], [9.677270484, 18.19420149, 13.935735987000001], [7.632343818000001, 15.896629050000001, 11.764486434000002], [4.478958342, 10.727527032, 7.603242687], [0.8651864340000001, 6.04366185, 3.454424142], [-0.941045562, 3.8428751940000003, 1.450914816]]",0.014961093153832388,4679005.621369335,181043214.41180497,552.0866584180924,462.82761737481775,29.0,4461.0495867582895,719.6564674032802,251.1073156604177,0.5956638966304942,50.012489318847656,-126.84339904785156,181.04321441180497
08HE006,1987,28.399999618530284,9.0,4.170000076293944,1.0,360.0,178.0,3.8933311025099235,"[[-1.107804852, 4.034484888, 1.4633400179999998], [-0.5606599919999999, 5.421747792, 2.4305439], [-0.45907851599999994, 6.274944996, 2.90793324], [1.289605176, 8.501889971999999, 4.895747574], [4.230890274, 12.399261666, 8.315075969999999], [6.964216728000001, 15.027300881999997, 10.995758805], [9.004347701999999, 17.676702726000002, 13.340525214], [9.677270484, 18.19420149, 13.935735987000001], [7.632343818000001, 15.896629050000001, 11.764486434000002], [4.478958342, 10.727527032, 7.603242687], [0.8651864340000001, 6.04366185, 3.454424142], [-0.941045562, 3.8428751940000003, 1.450914816]]",0.014961093153832388,4679005.621369335,181043214.41180497,552.0866584180924,462.82761737481775,29.0,4461.0495867582895,719.6564674032802,251.1073156604177,0.5956638966304942,50.012489318847656,-126.84339904785156,181.04321441180497
08HE006,1988,24.10000038146973,9.0,5.010000228881836,11.0,172.0,178.0,3.8933311025099235,"[[-1.107804852, 4.034484888, 1.4633400179999998], [-0.5606599919999999, 5.421747792, 2.4305439], [-0.45907851599999994, 6.274944996, 2.90793324], [1.289605176, 8.501889971999999, 4.895747574], [4.230890274, 12.399261666, 8.315075969999999], [6.964216728000001, 15.027300881999997, 10.995758805], [9.004347701999999, 17.676702726000002, 13.340525214], [9.677270484, 18.19420149, 13.935735987000001], [7.632343818000001, 15.896629050000001, 11.764486434000002], [4.478958342, 10.727527032, 7.603242687], [0.8651864340000001, 6.04366185, 3.454424142], [-0.941045562, 3.8428751940000003, 1.450914816]]",0.014961093153832388,4679005.621369335,181043214.41180497,552.0866584180924,462.82761737481775,29.0,4461.0495867582895,719.6564674032802,251.1073156604177,0.5956638966304942,50.012489318847656,-126.84339904785156,181.04321441180497
08HE006,1989,20.39999961853028,10.0,3.7699999809265137,11.0,372.0,178.0,3.8933311025099235,"[[-1.107804852, 4.034484888, 1.4633400179999998], [-0.5606599919999999, 5.421747792, 2.4305439], [-0.45907851599999994, 6.274944996, 2.90793324], [1.289605176, 8.501889971999999, 4.895747574], [4.230890274, 12.399261666, 8.315075969999999], [6.964216728000001, 15.027300881999997, 10.995758805], [9.004347701999999, 17.676702726000002, 13.340525214], [9.677270484, 18.19420149, 13.935735987000001], [7.632343818000001, 15.896629050000001, 11.764486434000002], [4.478958342, 10.727527032, 7.603242687], [0.8651864340000001, 6.04366185, 3.454424142], [-0.941045562, 3.8428751940000003, 1.450914816]]",0.014961093153832388,4679005.621369335,181043214.41180497,552.0866584180924,462.82761737481775,29.0,4461.0495867582895,719.6564674032802,251.1073156604177,0.5956638966304942,50.012489318847656,-126.84339904785156,181.04321441180497
08HE006,1990,27.399999618530284,9.0,3.5399999618530287,11.0,625.0,178.0,3.8933311025099235,"[[-1.107804852, 4.034484888, 1.4633400179999998], [-0.5606599919999999, 5.421747792, 2.4305439], [-0.45907851599999994, 6.274944996, 2.90793324], [1.289605176, 8.501889971999999, 4.895747574], [4.230890274, 12.399261666, 8.315075969999999], [6.964216728000001, 15.027300881999997, 10.995758805], [9.004347701999999, 17.676702726000002, 13.340525214], [9.677270484, 18.19420149, 13.935735987000001], [7.632343818000001, 15.896629050000001, 11.764486434000002], [4.478958342, 10.727527032, 7.603242687], [0.8651864340000001, 6.04366185, 3.454424142], [-0.941045562, 3.8428751940000003, 1.450914816]]",0.014961093153832388,4679005.621369335,181043214.41180497,552.0866584180924,462.82761737481775,29.0,4461.0495867582895,719.6564674032802,251.1073156604177,0.5956638966304942,50.012489318847656,-126.84339904785156,181.04321441180497
08HE006,1991,23.5,10.0,3.4200000762939453,12.0,302.0,178.0,3.8933311025099235,"[[-1.107804852, 4.034484888, 1.4633400179999998], [-0.5606599919999999, 5.421747792, 2.4305439], [-0.45907851599999994, 6.274944996, 2.90793324], [1.289605176, 8.501889971999999, 4.895747574], [4.230890274, 12.399261666, 8.315075969999999], [6.964216728000001, 15.027300881999997, 10.995758805], [9.004347701999999, 17.676702726000002, 13.340525214], [9.677270484, 18.19420149, 13.935735987000001], [7.632343818000001, 15.896629050000001, 11.764486434000002], [4.478958342, 10.727527032, 7.603242687], [0.8651864340000001, 6.04366185, 3.454424142], [-0.941045562, 3.8428751940000003, 1.450914816]]",0.014961093153832388,4679005.621369335,181043214.41180497,552.0866584180924,462.82761737481775,29.0,4461.0495867582895,719.6564674032802,251.1073156604177,0.5956638966304942,50.012489318847656,-126.84339904785156,181.04321441180497
08HE006,1992,21.5,8.0,3.2300000190734863,10.0,362.0,178.0,3.8933311025099235,"[[-1.107804852, 4.034484888, 1.4633400179999998], [-0.5606599919999999, 5.421747792, 2.4305439], [-0.45907851599999994, 6.274944996, 2.90793324], [1.289605176, 8.501889971999999, 4.895747574], [4.230890274, 12.399261666, 8.315075969999999], [6.964216728000001, 15.027300881999997, 10.995758805], [9.004347701999999, 17.676702726000002, 13.340525214], [9.677270484, 18.19420149, 13.935735987000001], [7.632343818000001, 15.896629050000001, 11.764486434000002], [4.478958342, 10.727527032, 7.603242687], [0.8651864340000001, 6.04366185, 3.454424142], [-0.941045562, 3.8428751940000003, 1.450914816]]",0.014961093153832388,4679005.621369335,181043214.41180497,552.0866584180924,462.82761737481775,29.0,4461.0495867582895,719.6564674032802,251.1073156604177,0.5956638966304942,50.012489318847656,-126.84339904785156,181.04321441180497
08HE006,1993,19.100000381469727,10.0,3.5299999713897705,12.0,270.0,178.0,3.8933311025099235,"[[-1.107804852, 4.034484888, 1.4633400179999998], [-0.5606599919999999, 5.421747792, 2.4305439], [-0.45907851599999994, 6.274944996, 2.90793324], [1.289605176, 8.501889971999999, 4.895747574], [4.230890274, 12.399261666, 8.315075969999999], [6.964216728000001, 15.027300881999997, 10.995758805], [9.004347701999999, 17.676702726000002, 13.340525214], [9.677270484, 18.19420149, 13.935735987000001], [7.632343818000001, 15.896629050000001, 11.764486434000002], [4.478958342, 10.727527032, 7.603242687], [0.8651864340000001, 6.04366185, 3.454424142], [-0.941045562, 3.8428751940000003, 1.450914816]]",0.014961093153832388,4679005.621369335,181043214.41180497,552.0866584180924,462.82761737481775,29.0,4461.0495867582895,719.6564674032802,251.1073156604177,0.5956638966304942,50.012489318847656,-126.84339904785156,181.04321441180497
08HE006,1994,24.0,9.0,3.740000009536743,12.0,311.0,178.0,3.8933311025099235,"[[-1.107804852, 4.034484888, 1.4633400179999998], [-0.5606599919999999, 5.421747792, 2.4305439], [-0.45907851599999994, 6.274944996, 2.90793324], [1.289605176, 8.501889971999999, 4.895747574], [4.230890274, 12.399261666, 8.315075969999999], [6.964216728000001, 15.027300881999997, 10.995758805], [9.004347701999999, 17.676702726000002, 13.340525214], [9.677270484, 18.19420149, 13.935735987000001], [7.632343818000001, 15.896629050000001, 11.764486434000002], [4.478958342, 10.727527032, 7.603242687], [0.8651864340000001, 6.04366185, 3.454424142], [-0.941045562, 3.8428751940000003, 1.450914816]]",0.014961093153832388,4679005.621369335,181043214.41180497,552.0866584180924,462.82761737481775,29.0,4461.0495867582895,719.6564674032802,251.1073156604177,0.5956638966304942,50.012489318847656,-126.84339904785156,181.04321441180497
08HE006,1995,28.0,9.0,3.829999923706055,11.0,325.0,178.0,3.8933311025099235,"[[-1.107804852, 4.034484888, 1.4633400179999998], [-0.5606599919999999, 5.421747792, 2.4305439], [-0.45907851599999994, 6.274944996, 2.90793324], [1.289605176, 8.501889971999999, 4.895747574], [4.230890274, 12.399261666, 8.315075969999999], [6.964216728000001, 15.027300881999997, 10.995758805], [9.004347701999999, 17.676702726000002, 13.340525214], [9.677270484, 18.19420149, 13.935735987000001], [7.632343818000001, 15.896629050000001, 11.764486434000002], [4.478958342, 10.727527032, 7.603242687], [0.8651864340000001, 6.04366185, 3.454424142], [-0.941045562, 3.8428751940000003, 1.450914816]]",0.014961093153832388,4679005.621369335,181043214.41180497,552.0866584180924,462.82761737481775,29.0,4461.0495867582895,719.6564674032802,251.1073156604177,0.5956638966304942,50.012489318847656,-126.84339904785156,181.04321441180497
08HE006,1996,24.10000038146973,8.0,1.7999999523162842,4.0,540.0,178.0,3.8933311025099235,"[[-1.107804852, 4.034484888, 1.4633400179999998], [-0.5606599919999999, 5.421747792, 2.4305439], [-0.45907851599999994, 6.274944996, 2.90793324], [1.289605176, 8.501889971999999, 4.895747574], [4.230890274, 12.399261666, 8.315075969999999], [6.964216728000001, 15.027300881999997, 10.995758805], [9.004347701999999, 17.676702726000002, 13.340525214], [9.677270484, 18.19420149, 13.935735987000001], [7.632343818000001, 15.896629050000001, 11.764486434000002], [4.478958342, 10.727527032, 7.603242687], [0.8651864340000001, 6.04366185, 3.454424142], [-0.941045562, 3.8428751940000003, 1.450914816]]",0.014961093153832388,4679005.621369335,181043214.41180497,552.0866584180924,462.82761737481775,29.0,4461.0495867582895,719.6564674032802,251.1073156604177,0.5956638966304942,50.012489318847656,-126.84339904785156,181.04321441180497
08HE006,1997,34.299999237060554,9.0,4.0900001525878915,10.0,206.0,178.0,3.8933311025099235,"[[-1.107804852, 4.034484888, 1.4633400179999998], [-0.5606599919999999, 5.421747792, 2.4305439], [-0.45907851599999994, 6.274944996, 2.90793324], [1.289605176, 8.501889971999999, 4.895747574], [4.230890274, 12.399261666, 8.315075969999999], [6.964216728000001, 15.027300881999997, 10.995758805], [9.004347701999999, 17.676702726000002, 13.340525214], [9.677270484, 18.19420149, 13.935735987000001], [7.632343818000001, 15.896629050000001, 11.764486434000002], [4.478958342, 10.727527032, 7.603242687], [0.8651864340000001, 6.04366185, 3.454424142], [-0.941045562, 3.8428751940000003, 1.450914816]]",0.014961093153832388,4679005.621369335,181043214.41180497,552.0866584180924,462.82761737481775,29.0,4461.0495867582895,719.6564674032802,251.1073156604177,0.5956638966304942,50.012489318847656,-126.84339904785156,181.04321441180497
08HE006,1998,24.70000076293945,9.0,4.139999866485597,12.0,221.0,178.0,3.8933311025099235,"[[-1.107804852, 4.034484888, 1.4633400179999998], [-0.5606599919999999, 5.421747792, 2.4305439], [-0.45907851599999994, 6.274944996, 2.90793324], [1.289605176, 8.501889971999999, 4.895747574], [4.230890274, 12.399261666, 8.315075969999999], [6.964216728000001, 15.027300881999997, 10.995758805], [9.004347701999999, 17.676702726000002, 13.340525214], [9.677270484, 18.19420149, 13.935735987000001], [7.632343818000001, 15.896629050000001, 11.764486434000002], [4.478958342, 10.727527032, 7.603242687], [0.8651864340000001, 6.04366185, 3.454424142], [-0.941045562, 3.8428751940000003, 1.450914816]]",0.014961093153832388,4679005.621369335,181043214.41180497,552.0866584180924,462.82761737481775,29.0,4461.0495867582895,719.6564674032802,251.1073156604177,0.5956638966304942,50.012489318847656,-126.84339904785156,181.04321441180497
08HE006,1999,27.399999618530284,10.0,7.320000171661378,1.0,137.0,178.0,3.8933311025099235,"[[-1.107804852, 4.034484888, 1.4633400179999998], [-0.5606599919999999, 5.421747792, 2.4305439], [-0.45907851599999994, 6.274944996, 2.90793324], [1.289605176, 8.501889971999999, 4.895747574], [4.230890274, 12.399261666, 8.315075969999999], [6.964216728000001, 15.027300881999997, 10.995758805], [9.004347701999999, 17.676702726000002, 13.340525214], [9.677270484, 18.19420149, 13.935735987000001], [7.632343818000001, 15.896629050000001, 11.764486434000002], [4.478958342, 10.727527032, 7.603242687], [0.8651864340000001, 6.04366185, 3.454424142], [-0.941045562, 3.8428751940000003, 1.450914816]]",0.014961093153832388,4679005.621369335,181043214.41180497,552.0866584180924,462.82761737481775,29.0,4461.0495867582895,719.6564674032802,251.1073156604177,0.5956638966304942,50.012489318847656,-126.84339904785156,181.04321441180497
08HE006,2000,18.799999237060547,10.0,6.070000171661378,11.0,148.0,178.0,3.8933311025099235,"[[-1.107804852, 4.034484888, 1.4633400179999998], [-0.5606599919999999, 5.421747792, 2.4305439], [-0.45907851599999994, 6.274944996, 2.90793324], [1.289605176, 8.501889971999999, 4.895747574], [4.230890274, 12.399261666, 8.315075969999999], [6.964216728000001, 15.027300881999997, 10.995758805], [9.004347701999999, 17.676702726000002, 13.340525214], [9.677270484, 18.19420149, 13.935735987000001], [7.632343818000001, 15.896629050000001, 11.764486434000002], [4.478958342, 10.727527032, 7.603242687], [0.8651864340000001, 6.04366185, 3.454424142], [-0.941045562, 3.8428751940000003, 1.450914816]]",0.014961093153832388,4679005.621369335,181043214.41180497,552.0866584180924,462.82761737481775,29.0,4461.0495867582895,719.6564674032802,251.1073156604177,0.5956638966304942,50.012489318847656,-126.84339904785156,181.04321441180497
08HE006,2001,26.70000076293945,2.0,6.5999999046325675,12.0,210.0,178.0,3.8933311025099235,"[[-1.107804852, 4.034484888, 1.4633400179999998], [-0.5606599919999999, 5.421747792, 2.4305439], [-0.45907851599999994, 6.274944996, 2.90793324], [1.289605176, 8.501889971999999, 4.895747574], [4.230890274, 12.399261666, 8.315075969999999], [6.964216728000001, 15.027300881999997, 10.995758805], [9.004347701999999, 17.676702726000002, 13.340525214], [9.677270484, 18.19420149, 13.935735987000001], [7.632343818000001, 15.896629050000001, 11.764486434000002], [4.478958342, 10.727527032, 7.603242687], [0.8651864340000001, 6.04366185, 3.454424142], [-0.941045562, 3.8428751940000003, 1.450914816]]",0.014961093153832388,4679005.621369335,181043214.41180497,552.0866584180924,462.82761737481775,29.0,4461.0495867582895,719.6564674032802,251.1073156604177,0.5956638966304942,50.012489318847656,-126.84339904785156,181.04321441180497
08HE006,2002,20.100000381469727,11.0,3.5499999523162837,11.0,326.0,178.0,3.8933311025099235,"[[-1.107804852, 4.034484888, 1.4633400179999998], [-0.5606599919999999, 5.421747792, 2.4305439], [-0.45907851599999994, 6.274944996, 2.90793324], [1.289605176, 8.501889971999999, 4.895747574], [4.230890274, 12.399261666, 8.315075969999999], [6.964216728000001, 15.027300881999997, 10.995758805], [9.004347701999999, 17.676702726000002, 13.340525214], [9.677270484, 18.19420149, 13.935735987000001], [7.632343818000001, 15.896629050000001, 11.764486434000002], [4.478958342, 10.727527032, 7.603242687], [0.8651864340000001, 6.04366185, 3.454424142], [-0.941045562, 3.8428751940000003, 1.450914816]]",0.014961093153832388,4679005.621369335,181043214.41180497,552.0866584180924,462.82761737481775,29.0,4461.0495867582895,719.6564674032802,251.1073156604177,0.5956638966304942,50.012489318847656,-126.84339904785156,181.04321441180497
08HE006,2003,26.29999923706055,8.0,4.989999771118164,4.0,246.0,178.0,3.8933311025099235,"[[-1.107804852, 4.034484888, 1.4633400179999998], [-0.5606599919999999, 5.421747792, 2.4305439], [-0.45907851599999994, 6.274944996, 2.90793324], [1.289605176, 8.501889971999999, 4.895747574], [4.230890274, 12.399261666, 8.315075969999999], [6.964216728000001, 15.027300881999997, 10.995758805], [9.004347701999999, 17.676702726000002, 13.340525214], [9.677270484, 18.19420149, 13.935735987000001], [7.632343818000001, 15.896629050000001, 11.764486434000002], [4.478958342, 10.727527032, 7.603242687], [0.8651864340000001, 6.04366185, 3.454424142], [-0.941045562, 3.8428751940000003, 1.450914816]]",0.014961093153832388,4679005.621369335,181043214.41180497,552.0866584180924,462.82761737481775,29.0,4461.0495867582895,719.6564674032802,251.1073156604177,0.5956638966304942,50.012489318847656,-126.84339904785156,181.04321441180497
08HE006,2004,25.399999618530284,8.0,4.4099998474121085,11.0,369.0,178.0,3.8933311025099235,"[[-1.107804852, 4.034484888, 1.4633400179999998], [-0.5606599919999999, 5.421747792, 2.4305439], [-0.45907851599999994, 6.274944996, 2.90793324], [1.289605176, 8.501889971999999, 4.895747574], [4.230890274, 12.399261666, 8.315075969999999], [6.964216728000001, 15.027300881999997, 10.995758805], [9.004347701999999, 17.676702726000002, 13.340525214], [9.677270484, 18.19420149, 13.935735987000001], [7.632343818000001, 15.896629050000001, 11.764486434000002], [4.478958342, 10.727527032, 7.603242687], [0.8651864340000001, 6.04366185, 3.454424142], [-0.941045562, 3.8428751940000003, 1.450914816]]",0.014961093153832388,4679005.621369335,181043214.41180497,552.0866584180924,462.82761737481775,29.0,4461.0495867582895,719.6564674032802,251.1073156604177,0.5956638966304942,50.012489318847656,-126.84339904785156,181.04321441180497
08HE006,2005,29.70000076293945,9.0,4.2100000381469735,12.0,424.0,178.0,3.8933311025099235,"[[-1.107804852, 4.034484888, 1.4633400179999998], [-0.5606599919999999, 5.421747792, 2.4305439], [-0.45907851599999994, 6.274944996, 2.90793324], [1.289605176, 8.501889971999999, 4.895747574], [4.230890274, 12.399261666, 8.315075969999999], [6.964216728000001, 15.027300881999997, 10.995758805], [9.004347701999999, 17.676702726000002, 13.340525214], [9.677270484, 18.19420149, 13.935735987000001], [7.632343818000001, 15.896629050000001, 11.764486434000002], [4.478958342, 10.727527032, 7.603242687], [0.8651864340000001, 6.04366185, 3.454424142], [-0.941045562, 3.8428751940000003, 1.450914816]]",0.014961093153832388,4679005.621369335,181043214.41180497,552.0866584180924,462.82761737481775,29.0,4461.0495867582895,719.6564674032802,251.1073156604177,0.5956638966304942,50.012489318847656,-126.84339904785156,181.04321441180497
08HE006,2006,23.60000038146973,10.0,3.0299999713897705,11.0,302.0,178.0,3.8933311025099235,"[[-1.107804852, 4.034484888, 1.4633400179999998], [-0.5606599919999999, 5.421747792, 2.4305439], [-0.45907851599999994, 6.274944996, 2.90793324], [1.289605176, 8.501889971999999, 4.895747574], [4.230890274, 12.399261666, 8.315075969999999], [6.964216728000001, 15.027300881999997, 10.995758805], [9.004347701999999, 17.676702726000002, 13.340525214], [9.677270484, 18.19420149, 13.935735987000001], [7.632343818000001, 15.896629050000001, 11.764486434000002], [4.478958342, 10.727527032, 7.603242687], [0.8651864340000001, 6.04366185, 3.454424142], [-0.941045562, 3.8428751940000003, 1.450914816]]",0.014961093153832388,4679005.621369335,181043214.41180497,552.0866584180924,462.82761737481775,29.0,4461.0495867582895,719.6564674032802,251.1073156604177,0.5956638966304942,50.012489318847656,-126.84339904785156,181.04321441180497
08HE006,2007,31.60000038146973,9.0,5.260000228881836,11.0,338.0,178.0,3.8933311025099235,"[[-1.107804852, 4.034484888, 1.4633400179999998], [-0.5606599919999999, 5.421747792, 2.4305439], [-0.45907851599999994, 6.274944996, 2.90793324], [1.289605176, 8.501889971999999, 4.895747574], [4.230890274, 12.399261666, 8.315075969999999], [6.964216728000001, 15.027300881999997, 10.995758805], [9.004347701999999, 17.676702726000002, 13.340525214], [9.677270484, 18.19420149, 13.935735987000001], [7.632343818000001, 15.896629050000001, 11.764486434000002], [4.478958342, 10.727527032, 7.603242687], [0.8651864340000001, 6.04366185, 3.454424142], [-0.941045562, 3.8428751940000003, 1.450914816]]",0.014961093153832388,4679005.621369335,181043214.41180497,552.0866584180924,462.82761737481775,29.0,4461.0495867582895,719.6564674032802,251.1073156604177,0.5956638966304942,50.012489318847656,-126.84339904785156,181.04321441180497
08HE006,2008,20.89999961853028,8.0,5.199999809265137,11.0,132.0,178.0,3.8933311025099235,"[[-1.107804852, 4.034484888, 1.4633400179999998], [-0.5606599919999999, 5.421747792, 2.4305439], [-0.45907851599999994, 6.274944996, 2.90793324], [1.289605176, 8.501889971999999, 4.895747574], [4.230890274, 12.399261666, 8.315075969999999], [6.964216728000001, 15.027300881999997, 10.995758805], [9.004347701999999, 17.676702726000002, 13.340525214], [9.677270484, 18.19420149, 13.935735987000001], [7.632343818000001, 15.896629050000001, 11.764486434000002], [4.478958342, 10.727527032, 7.603242687], [0.8651864340000001, 6.04366185, 3.454424142], [-0.941045562, 3.8428751940000003, 1.450914816]]",0.014961093153832388,4679005.621369335,181043214.41180497,552.0866584180924,462.82761737481775,29.0,4461.0495867582895,719.6564674032802,251.1073156604177,0.5956638966304942,50.012489318847656,-126.84339904785156,181.04321441180497
08HE006,2009,24.79999923706055,9.0,3.390000104904175,11.0,335.0,178.0,3.8933311025099235,"[[-1.107804852, 4.034484888, 1.4633400179999998], [-0.5606599919999999, 5.421747792, 2.4305439], [-0.45907851599999994, 6.274944996, 2.90793324], [1.289605176, 8.501889971999999, 4.895747574], [4.230890274, 12.399261666, 8.315075969999999], [6.964216728000001, 15.027300881999997, 10.995758805], [9.004347701999999, 17.676702726000002, 13.340525214], [9.677270484, 18.19420149, 13.935735987000001], [7.632343818000001, 15.896629050000001, 11.764486434000002], [4.478958342, 10.727527032, 7.603242687], [0.8651864340000001, 6.04366185, 3.454424142], [-0.941045562, 3.8428751940000003, 1.450914816]]",0.014961093153832388,4679005.621369335,181043214.41180497,552.0866584180924,462.82761737481775,29.0,4461.0495867582895,719.6564674032802,251.1073156604177,0.5956638966304942,50.012489318847656,-126.84339904785156,181.04321441180497
08HE006,2010,27.29999923706055,9.0,3.920000076293945,9.0,579.0,178.0,3.8933311025099235,"[[-1.107804852, 4.034484888, 1.4633400179999998], [-0.5606599919999999, 5.421747792, 2.4305439], [-0.45907851599999994, 6.274944996, 2.90793324], [1.289605176, 8.501889971999999, 4.895747574], [4.230890274, 12.399261666, 8.315075969999999], [6.964216728000001, 15.027300881999997, 10.995758805], [9.004347701999999, 17.676702726000002, 13.340525214], [9.677270484, 18.19420149, 13.935735987000001], [7.632343818000001, 15.896629050000001, 11.764486434000002], [4.478958342, 10.727527032, 7.603242687], [0.8651864340000001, 6.04366185, 3.454424142], [-0.941045562, 3.8428751940000003, 1.450914816]]",0.014961093153832388,4679005.621369335,181043214.41180497,552.0866584180924,462.82761737481775,29.0,4461.0495867582895,719.6564674032802,251.1073156604177,0.5956638966304942,50.012489318847656,-126.84339904785156,181.04321441180497
08HE006,2011,30.5,9.0,4.730000019073486,11.0,400.0,178.0,3.8933311025099235,"[[-1.107804852, 4.034484888, 1.4633400179999998], [-0.5606599919999999, 5.421747792, 2.4305439], [-0.45907851599999994, 6.274944996, 2.90793324], [1.289605176, 8.501889971999999, 4.895747574], [4.230890274, 12.399261666, 8.315075969999999], [6.964216728000001, 15.027300881999997, 10.995758805], [9.004347701999999, 17.676702726000002, 13.340525214], [9.677270484, 18.19420149, 13.935735987000001], [7.632343818000001, 15.896629050000001, 11.764486434000002], [4.478958342, 10.727527032, 7.603242687], [0.8651864340000001, 6.04366185, 3.454424142], [-0.941045562, 3.8428751940000003, 1.450914816]]",0.014961093153832388,4679005.621369335,181043214.41180497,552.0866584180924,462.82761737481775,29.0,4461.0495867582895,719.6564674032802,251.1073156604177,0.5956638966304942,50.012489318847656,-126.84339904785156,181.04321441180497
08HE006,2012,24.899999618530284,10.0,2.8499999046325684,1.0,362.0,178.0,3.8933311025099235,"[[-1.107804852, 4.034484888, 1.4633400179999998], [-0.5606599919999999, 5.421747792, 2.4305439], [-0.45907851599999994, 6.274944996, 2.90793324], [1.289605176, 8.501889971999999, 4.895747574], [4.230890274, 12.399261666, 8.315075969999999], [6.964216728000001, 15.027300881999997, 10.995758805], [9.004347701999999, 17.676702726000002, 13.340525214], [9.677270484, 18.19420149, 13.935735987000001], [7.632343818000001, 15.896629050000001, 11.764486434000002], [4.478958342, 10.727527032, 7.603242687], [0.8651864340000001, 6.04366185, 3.454424142], [-0.941045562, 3.8428751940000003, 1.450914816]]",0.014961093153832388,4679005.621369335,181043214.41180497,552.0866584180924,462.82761737481775,29.0,4461.0495867582895,719.6564674032802,251.1073156604177,0.5956638966304942,50.012489318847656,-126.84339904785156,181.04321441180497
08HE006,2014,22.5,9.0,2.640000104904175,12.0,277.0,178.0,3.8933311025099235,"[[-1.107804852, 4.034484888, 1.4633400179999998], [-0.5606599919999999, 5.421747792, 2.4305439], [-0.45907851599999994, 6.274944996, 2.90793324], [1.289605176, 8.501889971999999, 4.895747574], [4.230890274, 12.399261666, 8.315075969999999], [6.964216728000001, 15.027300881999997, 10.995758805], [9.004347701999999, 17.676702726000002, 13.340525214], [9.677270484, 18.19420149, 13.935735987000001], [7.632343818000001, 15.896629050000001, 11.764486434000002], [4.478958342, 10.727527032, 7.603242687], [0.8651864340000001, 6.04366185, 3.454424142], [-0.941045562, 3.8428751940000003, 1.450914816]]",0.014961093153832388,4679005.621369335,181043214.41180497,552.0866584180924,462.82761737481775,29.0,4461.0495867582895,719.6564674032802,251.1073156604177,0.5956638966304942,50.012489318847656,-126.84339904785156,181.04321441180497
08HE006,2015,22.399999618530284,8.0,2.059999942779541,3.0,170.0,178.0,3.8933311025099235,"[[-1.107804852, 4.034484888, 1.4633400179999998], [-0.5606599919999999, 5.421747792, 2.4305439], [-0.45907851599999994, 6.274944996, 2.90793324], [1.289605176, 8.501889971999999, 4.895747574], [4.230890274, 12.399261666, 8.315075969999999], [6.964216728000001, 15.027300881999997, 10.995758805], [9.004347701999999, 17.676702726000002, 13.340525214], [9.677270484, 18.19420149, 13.935735987000001], [7.632343818000001, 15.896629050000001, 11.764486434000002], [4.478958342, 10.727527032, 7.603242687], [0.8651864340000001, 6.04366185, 3.454424142], [-0.941045562, 3.8428751940000003, 1.450914816]]",0.014961093153832388,4679005.621369335,181043214.41180497,552.0866584180924,462.82761737481775,29.0,4461.0495867582895,719.6564674032802,251.1073156604177,0.5956638966304942,50.012489318847656,-126.84339904785156,181.04321441180497
08HE006,2016,18.700000762939453,8.0,2.6700000762939453,1.0,243.0,178.0,3.8933311025099235,"[[-1.107804852, 4.034484888, 1.4633400179999998], [-0.5606599919999999, 5.421747792, 2.4305439], [-0.45907851599999994, 6.274944996, 2.90793324], [1.289605176, 8.501889971999999, 4.895747574], [4.230890274, 12.399261666, 8.315075969999999], [6.964216728000001, 15.027300881999997, 10.995758805], [9.004347701999999, 17.676702726000002, 13.340525214], [9.677270484, 18.19420149, 13.935735987000001], [7.632343818000001, 15.896629050000001, 11.764486434000002], [4.478958342, 10.727527032, 7.603242687], [0.8651864340000001, 6.04366185, 3.454424142], [-0.941045562, 3.8428751940000003, 1.450914816]]",0.014961093153832388,4679005.621369335,181043214.41180497,552.0866584180924,462.82761737481775,29.0,4461.0495867582895,719.6564674032802,251.1073156604177,0.5956638966304942,50.012489318847656,-126.84339904785156,181.04321441180497
08HE006,2017,23.29999923706055,9.0,3.009999990463257,11.0,269.0,178.0,3.8933311025099235,"[[-1.107804852, 4.034484888, 1.4633400179999998], [-0.5606599919999999, 5.421747792, 2.4305439], [-0.45907851599999994, 6.274944996, 2.90793324], [1.289605176, 8.501889971999999, 4.895747574], [4.230890274, 12.399261666, 8.315075969999999], [6.964216728000001, 15.027300881999997, 10.995758805], [9.004347701999999, 17.676702726000002, 13.340525214], [9.677270484, 18.19420149, 13.935735987000001], [7.632343818000001, 15.896629050000001, 11.764486434000002], [4.478958342, 10.727527032, 7.603242687], [0.8651864340000001, 6.04366185, 3.454424142], [-0.941045562, 3.8428751940000003, 1.450914816]]",0.014961093153832388,4679005.621369335,181043214.41180497,552.0866584180924,462.82761737481775,29.0,4461.0495867582895,719.6564674032802,251.1073156604177,0.5956638966304942,50.012489318847656,-126.84339904785156,181.04321441180497
08HE006,2018,22.5,9.0,2.450000047683716,12.0,230.0,178.0,3.8933311025099235,"[[-1.107804852, 4.034484888, 1.4633400179999998], [-0.5606599919999999, 5.421747792, 2.4305439], [-0.45907851599999994, 6.274944996, 2.90793324], [1.289605176, 8.501889971999999, 4.895747574], [4.230890274, 12.399261666, 8.315075969999999], [6.964216728000001, 15.027300881999997, 10.995758805], [9.004347701999999, 17.676702726000002, 13.340525214], [9.677270484, 18.19420149, 13.935735987000001], [7.632343818000001, 15.896629050000001, 11.764486434000002], [4.478958342, 10.727527032, 7.603242687], [0.8651864340000001, 6.04366185, 3.454424142], [-0.941045562, 3.8428751940000003, 1.450914816]]",0.014961093153832388,4679005.621369335,181043214.41180497,552.0866584180924,462.82761737481775,29.0,4461.0495867582895,719.6564674032802,251.1073156604177,0.5956638966304942,50.012489318847656,-126.84339904785156,181.04321441180497
08HE007,1999,1.4600000381469729,9.0,0.17800000309944153,2.0,10.5,,10.173854367082614,"[[0.825512982, 5.552757378, 3.18913518], [1.210040286, 6.61478517, 3.912412728], [1.176470442, 7.30144107, 4.238955756], [2.626077342, 9.224077589999998, 5.925077465999999], [5.336079294, 12.562751165999998, 8.94941523], [7.890439242, 14.918743853999999, 11.404591547999999], [9.825282977999999, 17.259477522, 13.54238025], [10.576026762, 17.848475694, 14.212251228], [8.851757502, 16.066222158000002, 12.45898983], [5.909818446, 11.595329298, 8.752573872], [2.644388166, 7.53032637, 5.087357268], [0.993362202, 5.494773102, 3.244067652]]",0.0,0.0,6418222.756547996,578.9651016677813,494.8134717652554,29.0,4843.84224759615,509.11300448430495,234.6253851191941,0.047445337875559816,50.10221862792969,-127.39556121826172,6.418222756547996
08HE007,2000,1.0199999809265137,7.0,0.054999999701976776,7.0,7.989999771118164,,10.173854367082614,"[[0.825512982, 5.552757378, 3.18913518], [1.210040286, 6.61478517, 3.912412728], [1.176470442, 7.30144107, 4.238955756], [2.626077342, 9.224077589999998, 5.925077465999999], [5.336079294, 12.562751165999998, 8.94941523], [7.890439242, 14.918743853999999, 11.404591547999999], [9.825282977999999, 17.259477522, 13.54238025], [10.576026762, 17.848475694, 14.212251228], [8.851757502, 16.066222158000002, 12.45898983], [5.909818446, 11.595329298, 8.752573872], [2.644388166, 7.53032637, 5.087357268], [0.993362202, 5.494773102, 3.244067652]]",0.0,0.0,6418222.756547996,578.9651016677813,494.8134717652554,29.0,4843.84224759615,509.11300448430495,234.6253851191941,0.047445337875559816,50.10221862792969,-127.39556121826172,6.418222756547996
08HE007,2001,1.3300000429153442,7.0,0.028999999165534977,12.0,9.9399995803833,,10.173854367082614,"[[0.825512982, 5.552757378, 3.18913518], [1.210040286, 6.61478517, 3.912412728], [1.176470442, 7.30144107, 4.238955756], [2.626077342, 9.224077589999998, 5.925077465999999], [5.336079294, 12.562751165999998, 8.94941523], [7.890439242, 14.918743853999999, 11.404591547999999], [9.825282977999999, 17.259477522, 13.54238025], [10.576026762, 17.848475694, 14.212251228], [8.851757502, 16.066222158000002, 12.45898983], [5.909818446, 11.595329298, 8.752573872], [2.644388166, 7.53032637, 5.087357268], [0.993362202, 5.494773102, 3.244067652]]",0.0,0.0,6418222.756547996,578.9651016677813,494.8134717652554,29.0,4843.84224759615,509.11300448430495,234.6253851191941,0.047445337875559816,50.10221862792969,-127.39556121826172,6.418222756547996
08HE007,2002,1.0399999618530271,8.0,0.059999998658895486,11.0,8.210000038146973,,10.173854367082614,"[[0.825512982, 5.552757378, 3.18913518], [1.210040286, 6.61478517, 3.912412728], [1.176470442, 7.30144107, 4.238955756], [2.626077342, 9.224077589999998, 5.925077465999999], [5.336079294, 12.562751165999998, 8.94941523], [7.890439242, 14.918743853999999, 11.404591547999999], [9.825282977999999, 17.259477522, 13.54238025], [10.576026762, 17.848475694, 14.212251228], [8.851757502, 16.066222158000002, 12.45898983], [5.909818446, 11.595329298, 8.752573872], [2.644388166, 7.53032637, 5.087357268], [0.993362202, 5.494773102, 3.244067652]]",0.0,0.0,6418222.756547996,578.9651016677813,494.8134717652554,29.0,4843.84224759615,509.11300448430495,234.6253851191941,0.047445337875559816,50.10221862792969,-127.39556121826172,6.418222756547996
08HE007,2003,1.1699999570846558,8.0,0.1459999978542328,8.0,7.130000114440918,,10.173854367082614,"[[0.825512982, 5.552757378, 3.18913518], [1.210040286, 6.61478517, 3.912412728], [1.176470442, 7.30144107, 4.238955756], [2.626077342, 9.224077589999998, 5.925077465999999], [5.336079294, 12.562751165999998, 8.94941523], [7.890439242, 14.918743853999999, 11.404591547999999], [9.825282977999999, 17.259477522, 13.54238025], [10.576026762, 17.848475694, 14.212251228], [8.851757502, 16.066222158000002, 12.45898983], [5.909818446, 11.595329298, 8.752573872], [2.644388166, 7.53032637, 5.087357268], [0.993362202, 5.494773102, 3.244067652]]",0.0,0.0,6418222.756547996,578.9651016677813,494.8134717652554,29.0,4843.84224759615,509.11300448430495,234.6253851191941,0.047445337875559816,50.10221862792969,-127.39556121826172,6.418222756547996
08HE007,2004,1.1399999856948853,8.0,0.07800000160932541,11.0,11.199999809265137,,10.173854367082614,"[[0.825512982, 5.552757378, 3.18913518], [1.210040286, 6.61478517, 3.912412728], [1.176470442, 7.30144107, 4.238955756], [2.626077342, 9.224077589999998, 5.925077465999999], [5.336079294, 12.562751165999998, 8.94941523], [7.890439242, 14.918743853999999, 11.404591547999999], [9.825282977999999, 17.259477522, 13.54238025], [10.576026762, 17.848475694, 14.212251228], [8.851757502, 16.066222158000002, 12.45898983], [5.909818446, 11.595329298, 8.752573872], [2.644388166, 7.53032637, 5.087357268], [0.993362202, 5.494773102, 3.244067652]]",0.0,0.0,6418222.756547996,578.9651016677813,494.8134717652554,29.0,4843.84224759615,509.11300448430495,234.6253851191941,0.047445337875559816,50.10221862792969,-127.39556121826172,6.418222756547996
08HE007,2005,1.2999999523162842,1.0,0.10700000077486037,11.0,12.600000381469727,,10.173854367082614,"[[0.825512982, 5.552757378, 3.18913518], [1.210040286, 6.61478517, 3.912412728], [1.176470442, 7.30144107, 4.238955756], [2.626077342, 9.224077589999998, 5.925077465999999], [5.336079294, 12.562751165999998, 8.94941523], [7.890439242, 14.918743853999999, 11.404591547999999], [9.825282977999999, 17.259477522, 13.54238025], [10.576026762, 17.848475694, 14.212251228], [8.851757502, 16.066222158000002, 12.45898983], [5.909818446, 11.595329298, 8.752573872], [2.644388166, 7.53032637, 5.087357268], [0.993362202, 5.494773102, 3.244067652]]",0.0,0.0,6418222.756547996,578.9651016677813,494.8134717652554,29.0,4843.84224759615,509.11300448430495,234.6253851191941,0.047445337875559816,50.10221862792969,-127.39556121826172,6.418222756547996
08HE007,2006,1.0099999904632568,9.0,0.07800000160932541,11.0,7.860000133514403,,10.173854367082614,"[[0.825512982, 5.552757378, 3.18913518], [1.210040286, 6.61478517, 3.912412728], [1.176470442, 7.30144107, 4.238955756], [2.626077342, 9.224077589999998, 5.925077465999999], [5.336079294, 12.562751165999998, 8.94941523], [7.890439242, 14.918743853999999, 11.404591547999999], [9.825282977999999, 17.259477522, 13.54238025], [10.576026762, 17.848475694, 14.212251228], [8.851757502, 16.066222158000002, 12.45898983], [5.909818446, 11.595329298, 8.752573872], [2.644388166, 7.53032637, 5.087357268], [0.993362202, 5.494773102, 3.244067652]]",0.0,0.0,6418222.756547996,578.9651016677813,494.8134717652554,29.0,4843.84224759615,509.11300448430495,234.6253851191941,0.047445337875559816,50.10221862792969,-127.39556121826172,6.418222756547996
08HE007,2007,1.7699999809265137,9.0,0.13899999856948853,1.0,13.199999809265135,,10.173854367082614,"[[0.825512982, 5.552757378, 3.18913518], [1.210040286, 6.61478517, 3.912412728], [1.176470442, 7.30144107, 4.238955756], [2.626077342, 9.224077589999998, 5.925077465999999], [5.336079294, 12.562751165999998, 8.94941523], [7.890439242, 14.918743853999999, 11.404591547999999], [9.825282977999999, 17.259477522, 13.54238025], [10.576026762, 17.848475694, 14.212251228], [8.851757502, 16.066222158000002, 12.45898983], [5.909818446, 11.595329298, 8.752573872], [2.644388166, 7.53032637, 5.087357268], [0.993362202, 5.494773102, 3.244067652]]",0.0,0.0,6418222.756547996,578.9651016677813,494.8134717652554,29.0,4843.84224759615,509.11300448430495,234.6253851191941,0.047445337875559816,50.10221862792969,-127.39556121826172,6.418222756547996
08HE007,2008,1.2000000476837158,9.0,0.12600000202655792,3.0,8.0,,10.173854367082614,"[[0.825512982, 5.552757378, 3.18913518], [1.210040286, 6.61478517, 3.912412728], [1.176470442, 7.30144107, 4.238955756], [2.626077342, 9.224077589999998, 5.925077465999999], [5.336079294, 12.562751165999998, 8.94941523], [7.890439242, 14.918743853999999, 11.404591547999999], [9.825282977999999, 17.259477522, 13.54238025], [10.576026762, 17.848475694, 14.212251228], [8.851757502, 16.066222158000002, 12.45898983], [5.909818446, 11.595329298, 8.752573872], [2.644388166, 7.53032637, 5.087357268], [0.993362202, 5.494773102, 3.244067652]]",0.0,0.0,6418222.756547996,578.9651016677813,494.8134717652554,29.0,4843.84224759615,509.11300448430495,234.6253851191941,0.047445337875559816,50.10221862792969,-127.39556121826172,6.418222756547996
08HE008,2011,1.753000020980835,9.0,1.4589999914169312,11.0,2.5810000896453857,14.600000381469727,8.873120555620838,"[[-1.245136032, 3.8956278060000002, 1.3252458870000001], [-0.6759745859999999, 5.313190764, 2.318608089], [-0.555428328, 6.189058512, 2.816815092], [1.2069884819999999, 8.439763961999999, 4.823376221999999], [4.1382462239999995, 12.362858004, 8.250552114], [6.872662608000001, 14.988935345999998, 10.930798976999998], [8.914319484, 17.61653859, 13.265429037], [9.581138658, 18.132293466, 13.856716062], [7.516593252, 15.786982091999999, 11.651787672], [4.368657426, 10.62027792, 7.494467673], [0.746166078, 5.909818446, 3.327992262], [-1.084916322, 3.70031235, 1.307698014]]",0.0,0.0,13119568.202304853,549.4821388524233,459.8495413333312,29.0,4617.75300480769,692.9325259515572,191.9298079690287,0.19685816903637587,50.13568878173828,-126.82006072998048,13.119568202304851
08HE008,2012,1.7050000429153442,9.0,1.3899999856948853,1.0,2.553999900817871,14.600000381469727,8.873120555620838,"[[-1.245136032, 3.8956278060000002, 1.3252458870000001], [-0.6759745859999999, 5.313190764, 2.318608089], [-0.555428328, 6.189058512, 2.816815092], [1.2069884819999999, 8.439763961999999, 4.823376221999999], [4.1382462239999995, 12.362858004, 8.250552114], [6.872662608000001, 14.988935345999998, 10.930798976999998], [8.914319484, 17.61653859, 13.265429037], [9.581138658, 18.132293466, 13.856716062], [7.516593252, 15.786982091999999, 11.651787672], [4.368657426, 10.62027792, 7.494467673], [0.746166078, 5.909818446, 3.327992262], [-1.084916322, 3.70031235, 1.307698014]]",0.0,0.0,13119568.202304853,549.4821388524233,459.8495413333312,29.0,4617.75300480769,692.9325259515572,191.9298079690287,0.19685816903637587,50.13568878173828,-126.82006072998048,13.119568202304851
08HE008,2013,1.6779999732971191,8.0,1.3899999856948853,9.0,2.303999900817871,14.600000381469727,8.873120555620838,"[[-1.245136032, 3.8956278060000002, 1.3252458870000001], [-0.6759745859999999, 5.313190764, 2.318608089], [-0.555428328, 6.189058512, 2.816815092], [1.2069884819999999, 8.439763961999999, 4.823376221999999], [4.1382462239999995, 12.362858004, 8.250552114], [6.872662608000001, 14.988935345999998, 10.930798976999998], [8.914319484, 17.61653859, 13.265429037], [9.581138658, 18.132293466, 13.856716062], [7.516593252, 15.786982091999999, 11.651787672], [4.368657426, 10.62027792, 7.494467673], [0.746166078, 5.909818446, 3.327992262], [-1.084916322, 3.70031235, 1.307698014]]",0.0,0.0,13119568.202304853,549.4821388524233,459.8495413333312,29.0,4617.75300480769,692.9325259515572,191.9298079690287,0.19685816903637587,50.13568878173828,-126.82006072998048,13.119568202304851
08HE008,2015,1.6349999904632568,8.0,1.4160000085830688,2.0,2.33899998664856,14.600000381469727,8.873120555620838,"[[-1.245136032, 3.8956278060000002, 1.3252458870000001], [-0.6759745859999999, 5.313190764, 2.318608089], [-0.555428328, 6.189058512, 2.816815092], [1.2069884819999999, 8.439763961999999, 4.823376221999999], [4.1382462239999995, 12.362858004, 8.250552114], [6.872662608000001, 14.988935345999998, 10.930798976999998], [8.914319484, 17.61653859, 13.265429037], [9.581138658, 18.132293466, 13.856716062], [7.516593252, 15.786982091999999, 11.651787672], [4.368657426, 10.62027792, 7.494467673], [0.746166078, 5.909818446, 3.327992262], [-1.084916322, 3.70031235, 1.307698014]]",0.0,0.0,13119568.202304853,549.4821388524233,459.8495413333312,29.0,4617.75300480769,692.9325259515572,191.9298079690287,0.19685816903637587,50.13568878173828,-126.82006072998048,13.119568202304851
08HE008,2016,1.6649999618530271,8.0,1.4179999828338623,11.0,2.75,14.600000381469727,8.873120555620838,"[[-1.245136032, 3.8956278060000002, 1.3252458870000001], [-0.6759745859999999, 5.313190764, 2.318608089], [-0.555428328, 6.189058512, 2.816815092], [1.2069884819999999, 8.439763961999999, 4.823376221999999], [4.1382462239999995, 12.362858004, 8.250552114], [6.872662608000001, 14.988935345999998, 10.930798976999998], [8.914319484, 17.61653859, 13.265429037], [9.581138658, 18.132293466, 13.856716062], [7.516593252, 15.786982091999999, 11.651787672], [4.368657426, 10.62027792, 7.494467673], [0.746166078, 5.909818446, 3.327992262], [-1.084916322, 3.70031235, 1.307698014]]",0.0,0.0,13119568.202304853,549.4821388524233,459.8495413333312,29.0,4617.75300480769,692.9325259515572,191.9298079690287,0.19685816903637587,50.13568878173828,-126.82006072998048,13.119568202304851
08HE008,2017,1.6610000133514404,9.0,1.4520000219345093,1.0,2.6549999713897705,14.600000381469727,8.873120555620838,"[[-1.245136032, 3.8956278060000002, 1.3252458870000001], [-0.6759745859999999, 5.313190764, 2.318608089], [-0.555428328, 6.189058512, 2.816815092], [1.2069884819999999, 8.439763961999999, 4.823376221999999], [4.1382462239999995, 12.362858004, 8.250552114], [6.872662608000001, 14.988935345999998, 10.930798976999998], [8.914319484, 17.61653859, 13.265429037], [9.581138658, 18.132293466, 13.856716062], [7.516593252, 15.786982091999999, 11.651787672], [4.368657426, 10.62027792, 7.494467673], [0.746166078, 5.909818446, 3.327992262], [-1.084916322, 3.70031235, 1.307698014]]",0.0,0.0,13119568.202304853,549.4821388524233,459.8495413333312,29.0,4617.75300480769,692.9325259515572,191.9298079690287,0.19685816903637587,50.13568878173828,-126.82006072998048,13.119568202304851
08HE008,2018,1.6640000343322754,8.0,1.4450000524520874,12.0,2.515000104904175,14.600000381469727,8.873120555620838,"[[-1.245136032, 3.8956278060000002, 1.3252458870000001], [-0.6759745859999999, 5.313190764, 2.318608089], [-0.555428328, 6.189058512, 2.816815092], [1.2069884819999999, 8.439763961999999, 4.823376221999999], [4.1382462239999995, 12.362858004, 8.250552114], [6.872662608000001, 14.988935345999998, 10.930798976999998], [8.914319484, 17.61653859, 13.265429037], [9.581138658, 18.132293466, 13.856716062], [7.516593252, 15.786982091999999, 11.651787672], [4.368657426, 10.62027792, 7.494467673], [0.746166078, 5.909818446, 3.327992262], [-1.084916322, 3.70031235, 1.307698014]]",0.0,0.0,13119568.202304853,549.4821388524233,459.8495413333312,29.0,4617.75300480769,692.9325259515572,191.9298079690287,0.19685816903637587,50.13568878173828,-126.82006072998048,13.119568202304851
08HE008,1999,1.4099999666213991,9.0,0.050999999046325684,11.0,8.920000076293945,14.600000381469727,8.873120555620838,"[[-1.245136032, 3.8956278060000002, 1.3252458870000001], [-0.6759745859999999, 5.313190764, 2.318608089], [-0.555428328, 6.189058512, 2.816815092], [1.2069884819999999, 8.439763961999999, 4.823376221999999], [4.1382462239999995, 12.362858004, 8.250552114], [6.872662608000001, 14.988935345999998, 10.930798976999998], [8.914319484, 17.61653859, 13.265429037], [9.581138658, 18.132293466, 13.856716062], [7.516593252, 15.786982091999999, 11.651787672], [4.368657426, 10.62027792, 7.494467673], [0.746166078, 5.909818446, 3.327992262], [-1.084916322, 3.70031235, 1.307698014]]",0.0,0.0,13119568.202304853,549.4821388524233,459.8495413333312,29.0,4617.75300480769,692.9325259515572,191.9298079690287,0.19685816903637587,50.13568878173828,-126.82006072998048,13.119568202304851
08HE008,2000,0.9739999771118164,7.0,0.012000000104308128,10.0,10.800000190734863,14.600000381469727,8.873120555620838,"[[-1.245136032, 3.8956278060000002, 1.3252458870000001], [-0.6759745859999999, 5.313190764, 2.318608089], [-0.555428328, 6.189058512, 2.816815092], [1.2069884819999999, 8.439763961999999, 4.823376221999999], [4.1382462239999995, 12.362858004, 8.250552114], [6.872662608000001, 14.988935345999998, 10.930798976999998], [8.914319484, 17.61653859, 13.265429037], [9.581138658, 18.132293466, 13.856716062], [7.516593252, 15.786982091999999, 11.651787672], [4.368657426, 10.62027792, 7.494467673], [0.746166078, 5.909818446, 3.327992262], [-1.084916322, 3.70031235, 1.307698014]]",0.0,0.0,13119568.202304853,549.4821388524233,459.8495413333312,29.0,4617.75300480769,692.9325259515572,191.9298079690287,0.19685816903637587,50.13568878173828,-126.82006072998048,13.119568202304851
08HE008,2001,1.2699999809265137,7.0,0.02199999988079071,12.0,11.300000190734865,14.600000381469727,8.873120555620838,"[[-1.245136032, 3.8956278060000002, 1.3252458870000001], [-0.6759745859999999, 5.313190764, 2.318608089], [-0.555428328, 6.189058512, 2.816815092], [1.2069884819999999, 8.439763961999999, 4.823376221999999], [4.1382462239999995, 12.362858004, 8.250552114], [6.872662608000001, 14.988935345999998, 10.930798976999998], [8.914319484, 17.61653859, 13.265429037], [9.581138658, 18.132293466, 13.856716062], [7.516593252, 15.786982091999999, 11.651787672], [4.368657426, 10.62027792, 7.494467673], [0.746166078, 5.909818446, 3.327992262], [-1.084916322, 3.70031235, 1.307698014]]",0.0,0.0,13119568.202304853,549.4821388524233,459.8495413333312,29.0,4617.75300480769,692.9325259515572,191.9298079690287,0.19685816903637587,50.13568878173828,-126.82006072998048,13.119568202304851
08HE008,2002,1.0199999809265137,8.0,0.008999999612569809,12.0,13.5,14.600000381469727,8.873120555620838,"[[-1.245136032, 3.8956278060000002, 1.3252458870000001], [-0.6759745859999999, 5.313190764, 2.318608089], [-0.555428328, 6.189058512, 2.816815092], [1.2069884819999999, 8.439763961999999, 4.823376221999999], [4.1382462239999995, 12.362858004, 8.250552114], [6.872662608000001, 14.988935345999998, 10.930798976999998], [8.914319484, 17.61653859, 13.265429037], [9.581138658, 18.132293466, 13.856716062], [7.516593252, 15.786982091999999, 11.651787672], [4.368657426, 10.62027792, 7.494467673], [0.746166078, 5.909818446, 3.327992262], [-1.084916322, 3.70031235, 1.307698014]]",0.0,0.0,13119568.202304853,549.4821388524233,459.8495413333312,29.0,4617.75300480769,692.9325259515572,191.9298079690287,0.19685816903637587,50.13568878173828,-126.82006072998048,13.119568202304851
08HE008,2003,1.2300000190734863,8.0,0.02199999988079071,4.0,13.600000381469727,14.600000381469727,8.873120555620838,"[[-1.245136032, 3.8956278060000002, 1.3252458870000001], [-0.6759745859999999, 5.313190764, 2.318608089], [-0.555428328, 6.189058512, 2.816815092], [1.2069884819999999, 8.439763961999999, 4.823376221999999], [4.1382462239999995, 12.362858004, 8.250552114], [6.872662608000001, 14.988935345999998, 10.930798976999998], [8.914319484, 17.61653859, 13.265429037], [9.581138658, 18.132293466, 13.856716062], [7.516593252, 15.786982091999999, 11.651787672], [4.368657426, 10.62027792, 7.494467673], [0.746166078, 5.909818446, 3.327992262], [-1.084916322, 3.70031235, 1.307698014]]",0.0,0.0,13119568.202304853,549.4821388524233,459.8495413333312,29.0,4617.75300480769,692.9325259515572,191.9298079690287,0.19685816903637587,50.13568878173828,-126.82006072998048,13.119568202304851
08HE008,2004,1.2200000286102295,8.0,0.016000000759959217,11.0,18.39999961853028,14.600000381469727,8.873120555620838,"[[-1.245136032, 3.8956278060000002, 1.3252458870000001], [-0.6759745859999999, 5.313190764, 2.318608089], [-0.555428328, 6.189058512, 2.816815092], [1.2069884819999999, 8.439763961999999, 4.823376221999999], [4.1382462239999995, 12.362858004, 8.250552114], [6.872662608000001, 14.988935345999998, 10.930798976999998], [8.914319484, 17.61653859, 13.265429037], [9.581138658, 18.132293466, 13.856716062], [7.516593252, 15.786982091999999, 11.651787672], [4.368657426, 10.62027792, 7.494467673], [0.746166078, 5.909818446, 3.327992262], [-1.084916322, 3.70031235, 1.307698014]]",0.0,0.0,13119568.202304853,549.4821388524233,459.8495413333312,29.0,4617.75300480769,692.9325259515572,191.9298079690287,0.19685816903637587,50.13568878173828,-126.82006072998048,13.119568202304851
08HE008,2005,1.440000057220459,8.0,0.046999998390674584,12.0,19.299999237060547,14.600000381469727,8.873120555620838,"[[-1.245136032, 3.8956278060000002, 1.3252458870000001], [-0.6759745859999999, 5.313190764, 2.318608089], [-0.555428328, 6.189058512, 2.816815092], [1.2069884819999999, 8.439763961999999, 4.823376221999999], [4.1382462239999995, 12.362858004, 8.250552114], [6.872662608000001, 14.988935345999998, 10.930798976999998], [8.914319484, 17.61653859, 13.265429037], [9.581138658, 18.132293466, 13.856716062], [7.516593252, 15.786982091999999, 11.651787672], [4.368657426, 10.62027792, 7.494467673], [0.746166078, 5.909818446, 3.327992262], [-1.084916322, 3.70031235, 1.307698014]]",0.0,0.0,13119568.202304853,549.4821388524233,459.8495413333312,29.0,4617.75300480769,692.9325259515572,191.9298079690287,0.19685816903637587,50.13568878173828,-126.82006072998048,13.119568202304851
08HE008,2006,1.1799999475479126,8.0,0.024000000208616257,11.0,15.300000190734865,14.600000381469727,8.873120555620838,"[[-1.245136032, 3.8956278060000002, 1.3252458870000001], [-0.6759745859999999, 5.313190764, 2.318608089], [-0.555428328, 6.189058512, 2.816815092], [1.2069884819999999, 8.439763961999999, 4.823376221999999], [4.1382462239999995, 12.362858004, 8.250552114], [6.872662608000001, 14.988935345999998, 10.930798976999998], [8.914319484, 17.61653859, 13.265429037], [9.581138658, 18.132293466, 13.856716062], [7.516593252, 15.786982091999999, 11.651787672], [4.368657426, 10.62027792, 7.494467673], [0.746166078, 5.909818446, 3.327992262], [-1.084916322, 3.70031235, 1.307698014]]",0.0,0.0,13119568.202304853,549.4821388524233,459.8495413333312,29.0,4617.75300480769,692.9325259515572,191.9298079690287,0.19685816903637587,50.13568878173828,-126.82006072998048,13.119568202304851
08HE008,2007,1.5,8.0,0.032999999821186066,1.0,15.300000190734865,14.600000381469727,8.873120555620838,"[[-1.245136032, 3.8956278060000002, 1.3252458870000001], [-0.6759745859999999, 5.313190764, 2.318608089], [-0.555428328, 6.189058512, 2.816815092], [1.2069884819999999, 8.439763961999999, 4.823376221999999], [4.1382462239999995, 12.362858004, 8.250552114], [6.872662608000001, 14.988935345999998, 10.930798976999998], [8.914319484, 17.61653859, 13.265429037], [9.581138658, 18.132293466, 13.856716062], [7.516593252, 15.786982091999999, 11.651787672], [4.368657426, 10.62027792, 7.494467673], [0.746166078, 5.909818446, 3.327992262], [-1.084916322, 3.70031235, 1.307698014]]",0.0,0.0,13119568.202304853,549.4821388524233,459.8495413333312,29.0,4617.75300480769,692.9325259515572,191.9298079690287,0.19685816903637587,50.13568878173828,-126.82006072998048,13.119568202304851
08HE008,2008,1.1599999666213991,8.0,0.024000000208616257,11.0,10.0,14.600000381469727,8.873120555620838,"[[-1.245136032, 3.8956278060000002, 1.3252458870000001], [-0.6759745859999999, 5.313190764, 2.318608089], [-0.555428328, 6.189058512, 2.816815092], [1.2069884819999999, 8.439763961999999, 4.823376221999999], [4.1382462239999995, 12.362858004, 8.250552114], [6.872662608000001, 14.988935345999998, 10.930798976999998], [8.914319484, 17.61653859, 13.265429037], [9.581138658, 18.132293466, 13.856716062], [7.516593252, 15.786982091999999, 11.651787672], [4.368657426, 10.62027792, 7.494467673], [0.746166078, 5.909818446, 3.327992262], [-1.084916322, 3.70031235, 1.307698014]]",0.0,0.0,13119568.202304853,549.4821388524233,459.8495413333312,29.0,4617.75300480769,692.9325259515572,191.9298079690287,0.19685816903637587,50.13568878173828,-126.82006072998048,13.119568202304851
08HE008,2009,1.2000000476837158,8.0,0.014000000432133676,11.0,15.800000190734865,14.600000381469727,8.873120555620838,"[[-1.245136032, 3.8956278060000002, 1.3252458870000001], [-0.6759745859999999, 5.313190764, 2.318608089], [-0.555428328, 6.189058512, 2.816815092], [1.2069884819999999, 8.439763961999999, 4.823376221999999], [4.1382462239999995, 12.362858004, 8.250552114], [6.872662608000001, 14.988935345999998, 10.930798976999998], [8.914319484, 17.61653859, 13.265429037], [9.581138658, 18.132293466, 13.856716062], [7.516593252, 15.786982091999999, 11.651787672], [4.368657426, 10.62027792, 7.494467673], [0.746166078, 5.909818446, 3.327992262], [-1.084916322, 3.70031235, 1.307698014]]",0.0,0.0,13119568.202304853,549.4821388524233,459.8495413333312,29.0,4617.75300480769,692.9325259515572,191.9298079690287,0.19685816903637587,50.13568878173828,-126.82006072998048,13.119568202304851
08HE008,2010,1.3700000047683716,8.0,0.0130000002682209,2.0,22.399999618530284,14.600000381469727,8.873120555620838,"[[-1.245136032, 3.8956278060000002, 1.3252458870000001], [-0.6759745859999999, 5.313190764, 2.318608089], [-0.555428328, 6.189058512, 2.816815092], [1.2069884819999999, 8.439763961999999, 4.823376221999999], [4.1382462239999995, 12.362858004, 8.250552114], [6.872662608000001, 14.988935345999998, 10.930798976999998], [8.914319484, 17.61653859, 13.265429037], [9.581138658, 18.132293466, 13.856716062], [7.516593252, 15.786982091999999, 11.651787672], [4.368657426, 10.62027792, 7.494467673], [0.746166078, 5.909818446, 3.327992262], [-1.084916322, 3.70031235, 1.307698014]]",0.0,0.0,13119568.202304853,549.4821388524233,459.8495413333312,29.0,4617.75300480769,692.9325259515572,191.9298079690287,0.19685816903637587,50.13568878173828,-126.82006072998048,13.119568202304851
08HE008,2011,1.440000057220459,9.0,0.02800000086426735,11.0,18.0,14.600000381469727,8.873120555620838,"[[-1.245136032, 3.8956278060000002, 1.3252458870000001], [-0.6759745859999999, 5.313190764, 2.318608089], [-0.555428328, 6.189058512, 2.816815092], [1.2069884819999999, 8.439763961999999, 4.823376221999999], [4.1382462239999995, 12.362858004, 8.250552114], [6.872662608000001, 14.988935345999998, 10.930798976999998], [8.914319484, 17.61653859, 13.265429037], [9.581138658, 18.132293466, 13.856716062], [7.516593252, 15.786982091999999, 11.651787672], [4.368657426, 10.62027792, 7.494467673], [0.746166078, 5.909818446, 3.327992262], [-1.084916322, 3.70031235, 1.307698014]]",0.0,0.0,13119568.202304853,549.4821388524233,459.8495413333312,29.0,4617.75300480769,692.9325259515572,191.9298079690287,0.19685816903637587,50.13568878173828,-126.82006072998048,13.119568202304851
08HE008,2012,1.190000057220459,9.0,0.010999999940395357,1.0,16.200000762939453,14.600000381469727,8.873120555620838,"[[-1.245136032, 3.8956278060000002, 1.3252458870000001], [-0.6759745859999999, 5.313190764, 2.318608089], [-0.555428328, 6.189058512, 2.816815092], [1.2069884819999999, 8.439763961999999, 4.823376221999999], [4.1382462239999995, 12.362858004, 8.250552114], [6.872662608000001, 14.988935345999998, 10.930798976999998], [8.914319484, 17.61653859, 13.265429037], [9.581138658, 18.132293466, 13.856716062], [7.516593252, 15.786982091999999, 11.651787672], [4.368657426, 10.62027792, 7.494467673], [0.746166078, 5.909818446, 3.327992262], [-1.084916322, 3.70031235, 1.307698014]]",0.0,0.0,13119568.202304853,549.4821388524233,459.8495413333312,29.0,4617.75300480769,692.9325259515572,191.9298079690287,0.19685816903637587,50.13568878173828,-126.82006072998048,13.119568202304851
08HE008,2013,1.0299999713897705,10.0,0.003000000026077032,9.0,8.8100004196167,14.600000381469727,8.873120555620838,"[[-1.245136032, 3.8956278060000002, 1.3252458870000001], [-0.6759745859999999, 5.313190764, 2.318608089], [-0.555428328, 6.189058512, 2.816815092], [1.2069884819999999, 8.439763961999999, 4.823376221999999], [4.1382462239999995, 12.362858004, 8.250552114], [6.872662608000001, 14.988935345999998, 10.930798976999998], [8.914319484, 17.61653859, 13.265429037], [9.581138658, 18.132293466, 13.856716062], [7.516593252, 15.786982091999999, 11.651787672], [4.368657426, 10.62027792, 7.494467673], [0.746166078, 5.909818446, 3.327992262], [-1.084916322, 3.70031235, 1.307698014]]",0.0,0.0,13119568.202304853,549.4821388524233,459.8495413333312,29.0,4617.75300480769,692.9325259515572,191.9298079690287,0.19685816903637587,50.13568878173828,-126.82006072998048,13.119568202304851
08HE008,2014,1.4299999475479126,8.0,0.0070000002160668364,12.0,20.89999961853028,14.600000381469727,8.873120555620838,"[[-1.245136032, 3.8956278060000002, 1.3252458870000001], [-0.6759745859999999, 5.313190764, 2.318608089], [-0.555428328, 6.189058512, 2.816815092], [1.2069884819999999, 8.439763961999999, 4.823376221999999], [4.1382462239999995, 12.362858004, 8.250552114], [6.872662608000001, 14.988935345999998, 10.930798976999998], [8.914319484, 17.61653859, 13.265429037], [9.581138658, 18.132293466, 13.856716062], [7.516593252, 15.786982091999999, 11.651787672], [4.368657426, 10.62027792, 7.494467673], [0.746166078, 5.909818446, 3.327992262], [-1.084916322, 3.70031235, 1.307698014]]",0.0,0.0,13119568.202304853,549.4821388524233,459.8495413333312,29.0,4617.75300480769,692.9325259515572,191.9298079690287,0.19685816903637587,50.13568878173828,-126.82006072998048,13.119568202304851
08HE008,2015,1.2400000095367432,8.0,0.008000000379979609,2.0,10.300000190734863,14.600000381469727,8.873120555620838,"[[-1.245136032, 3.8956278060000002, 1.3252458870000001], [-0.6759745859999999, 5.313190764, 2.318608089], [-0.555428328, 6.189058512, 2.816815092], [1.2069884819999999, 8.439763961999999, 4.823376221999999], [4.1382462239999995, 12.362858004, 8.250552114], [6.872662608000001, 14.988935345999998, 10.930798976999998], [8.914319484, 17.61653859, 13.265429037], [9.581138658, 18.132293466, 13.856716062], [7.516593252, 15.786982091999999, 11.651787672], [4.368657426, 10.62027792, 7.494467673], [0.746166078, 5.909818446, 3.327992262], [-1.084916322, 3.70031235, 1.307698014]]",0.0,0.0,13119568.202304853,549.4821388524233,459.8495413333312,29.0,4617.75300480769,692.9325259515572,191.9298079690287,0.19685816903637587,50.13568878173828,-126.82006072998048,13.119568202304851
08HE008,2016,1.3799999952316284,8.0,0.014000000432133676,11.0,22.0,14.600000381469727,8.873120555620838,"[[-1.245136032, 3.8956278060000002, 1.3252458870000001], [-0.6759745859999999, 5.313190764, 2.318608089], [-0.555428328, 6.189058512, 2.816815092], [1.2069884819999999, 8.439763961999999, 4.823376221999999], [4.1382462239999995, 12.362858004, 8.250552114], [6.872662608000001, 14.988935345999998, 10.930798976999998], [8.914319484, 17.61653859, 13.265429037], [9.581138658, 18.132293466, 13.856716062], [7.516593252, 15.786982091999999, 11.651787672], [4.368657426, 10.62027792, 7.494467673], [0.746166078, 5.909818446, 3.327992262], [-1.084916322, 3.70031235, 1.307698014]]",0.0,0.0,13119568.202304853,549.4821388524233,459.8495413333312,29.0,4617.75300480769,692.9325259515572,191.9298079690287,0.19685816903637587,50.13568878173828,-126.82006072998048,13.119568202304851
08HE008,2017,1.2300000190734863,2.0,0.001000000047497451,1.0,17.399999618530273,14.600000381469727,8.873120555620838,"[[-1.245136032, 3.8956278060000002, 1.3252458870000001], [-0.6759745859999999, 5.313190764, 2.318608089], [-0.555428328, 6.189058512, 2.816815092], [1.2069884819999999, 8.439763961999999, 4.823376221999999], [4.1382462239999995, 12.362858004, 8.250552114], [6.872662608000001, 14.988935345999998, 10.930798976999998], [8.914319484, 17.61653859, 13.265429037], [9.581138658, 18.132293466, 13.856716062], [7.516593252, 15.786982091999999, 11.651787672], [4.368657426, 10.62027792, 7.494467673], [0.746166078, 5.909818446, 3.327992262], [-1.084916322, 3.70031235, 1.307698014]]",0.0,0.0,13119568.202304853,549.4821388524233,459.8495413333312,29.0,4617.75300480769,692.9325259515572,191.9298079690287,0.19685816903637587,50.13568878173828,-126.82006072998048,13.119568202304851
08HE008,2018,1.1699999570846558,8.0,0.008999999612569809,12.0,14.100000381469727,14.600000381469727,8.873120555620838,"[[-1.245136032, 3.8956278060000002, 1.3252458870000001], [-0.6759745859999999, 5.313190764, 2.318608089], [-0.555428328, 6.189058512, 2.816815092], [1.2069884819999999, 8.439763961999999, 4.823376221999999], [4.1382462239999995, 12.362858004, 8.250552114], [6.872662608000001, 14.988935345999998, 10.930798976999998], [8.914319484, 17.61653859, 13.265429037], [9.581138658, 18.132293466, 13.856716062], [7.516593252, 15.786982091999999, 11.651787672], [4.368657426, 10.62027792, 7.494467673], [0.746166078, 5.909818446, 3.327992262], [-1.084916322, 3.70031235, 1.307698014]]",0.0,0.0,13119568.202304853,549.4821388524233,459.8495413333312,29.0,4617.75300480769,692.9325259515572,191.9298079690287,0.19685816903637587,50.13568878173828,-126.82006072998048,13.119568202304851
08HE009,2011,4.131999969482422,9.0,3.640000104904175,11.0,6.52400016784668,33.299999237060554,4.582564267324661,"[[0.347397022, 5.100073118, 2.72373507], [0.78329636, 6.1600663739999995, 3.4716813669999995], [0.699880384, 6.735331427999999, 3.7176059059999997], [2.1535563559999997, 8.596931867999999, 5.375244111999999], [4.8371093400000005, 11.895931991999996, 8.366520665999998], [7.38027934, 14.282951354, 10.831615347], [9.376159155999998, 16.571804354, 12.973981755], [10.149791469999998, 17.212683194, 13.681237331999998], [8.445867569999999, 15.442636874, 11.944252222], [5.495281736, 11.074488081999997, 8.284884908999999], [2.177462154, 7.0415290960000005, 4.609495625], [0.5340657000000001, 5.066503274, 2.800284487]]",0.0,0.0,36848176.73495002,567.0865055574449,478.6995411192258,29.0,5378.36862980769,442.9828822954026,252.6395984415617,0.6126580323634296,50.29013061523438,-127.6978988647461,36.84817673495002
08HE009,2012,4.0900001525878915,9.0,3.6089999675750732,1.0,5.810999870300293,33.299999237060554,4.582564267324661,"[[0.347397022, 5.100073118, 2.72373507], [0.78329636, 6.1600663739999995, 3.4716813669999995], [0.699880384, 6.735331427999999, 3.7176059059999997], [2.1535563559999997, 8.596931867999999, 5.375244111999999], [4.8371093400000005, 11.895931991999996, 8.366520665999998], [7.38027934, 14.282951354, 10.831615347], [9.376159155999998, 16.571804354, 12.973981755], [10.149791469999998, 17.212683194, 13.681237331999998], [8.445867569999999, 15.442636874, 11.944252222], [5.495281736, 11.074488081999997, 8.284884908999999], [2.177462154, 7.0415290960000005, 4.609495625], [0.5340657000000001, 5.066503274, 2.800284487]]",0.0,0.0,36848176.73495002,567.0865055574449,478.6995411192258,29.0,5378.36862980769,442.9828822954026,252.6395984415617,0.6126580323634296,50.29013061523438,-127.6978988647461,36.84817673495002
08HE009,2013,4.0209999084472665,8.0,3.5999999046325684,9.0,5.2290000915527335,33.299999237060554,4.582564267324661,"[[0.347397022, 5.100073118, 2.72373507], [0.78329636, 6.1600663739999995, 3.4716813669999995], [0.699880384, 6.735331427999999, 3.7176059059999997], [2.1535563559999997, 8.596931867999999, 5.375244111999999], [4.8371093400000005, 11.895931991999996, 8.366520665999998], [7.38027934, 14.282951354, 10.831615347], [9.376159155999998, 16.571804354, 12.973981755], [10.149791469999998, 17.212683194, 13.681237331999998], [8.445867569999999, 15.442636874, 11.944252222], [5.495281736, 11.074488081999997, 8.284884908999999], [2.177462154, 7.0415290960000005, 4.609495625], [0.5340657000000001, 5.066503274, 2.800284487]]",0.0,0.0,36848176.73495002,567.0865055574449,478.6995411192258,29.0,5378.36862980769,442.9828822954026,252.6395984415617,0.6126580323634296,50.29013061523438,-127.6978988647461,36.84817673495002
08HE009,2014,4.080999851226807,8.0,3.617000102996826,10.0,6.232999801635742,33.299999237060554,4.582564267324661,"[[0.347397022, 5.100073118, 2.72373507], [0.78329636, 6.1600663739999995, 3.4716813669999995], [0.699880384, 6.735331427999999, 3.7176059059999997], [2.1535563559999997, 8.596931867999999, 5.375244111999999], [4.8371093400000005, 11.895931991999996, 8.366520665999998], [7.38027934, 14.282951354, 10.831615347], [9.376159155999998, 16.571804354, 12.973981755], [10.149791469999998, 17.212683194, 13.681237331999998], [8.445867569999999, 15.442636874, 11.944252222], [5.495281736, 11.074488081999997, 8.284884908999999], [2.177462154, 7.0415290960000005, 4.609495625], [0.5340657000000001, 5.066503274, 2.800284487]]",0.0,0.0,36848176.73495002,567.0865055574449,478.6995411192258,29.0,5378.36862980769,442.9828822954026,252.6395984415617,0.6126580323634296,50.29013061523438,-127.6978988647461,36.84817673495002
08HE009,2015,4.026999950408936,7.0,3.5820000171661377,2.0,5.3959999084472665,33.299999237060554,4.582564267324661,"[[0.347397022, 5.100073118, 2.72373507], [0.78329636, 6.1600663739999995, 3.4716813669999995], [0.699880384, 6.735331427999999, 3.7176059059999997], [2.1535563559999997, 8.596931867999999, 5.375244111999999], [4.8371093400000005, 11.895931991999996, 8.366520665999998], [7.38027934, 14.282951354, 10.831615347], [9.376159155999998, 16.571804354, 12.973981755], [10.149791469999998, 17.212683194, 13.681237331999998], [8.445867569999999, 15.442636874, 11.944252222], [5.495281736, 11.074488081999997, 8.284884908999999], [2.177462154, 7.0415290960000005, 4.609495625], [0.5340657000000001, 5.066503274, 2.800284487]]",0.0,0.0,36848176.73495002,567.0865055574449,478.6995411192258,29.0,5378.36862980769,442.9828822954026,252.6395984415617,0.6126580323634296,50.29013061523438,-127.6978988647461,36.84817673495002
08HE009,2016,4.113999843597412,8.0,3.609999895095825,11.0,6.355000019073486,33.299999237060554,4.582564267324661,"[[0.347397022, 5.100073118, 2.72373507], [0.78329636, 6.1600663739999995, 3.4716813669999995], [0.699880384, 6.735331427999999, 3.7176059059999997], [2.1535563559999997, 8.596931867999999, 5.375244111999999], [4.8371093400000005, 11.895931991999996, 8.366520665999998], [7.38027934, 14.282951354, 10.831615347], [9.376159155999998, 16.571804354, 12.973981755], [10.149791469999998, 17.212683194, 13.681237331999998], [8.445867569999999, 15.442636874, 11.944252222], [5.495281736, 11.074488081999997, 8.284884908999999], [2.177462154, 7.0415290960000005, 4.609495625], [0.5340657000000001, 5.066503274, 2.800284487]]",0.0,0.0,36848176.73495002,567.0865055574449,478.6995411192258,29.0,5378.36862980769,442.9828822954026,252.6395984415617,0.6126580323634296,50.29013061523438,-127.6978988647461,36.84817673495002
08HE009,2017,4.102000236511231,8.0,3.6510000228881836,1.0,6.258999824523926,33.299999237060554,4.582564267324661,"[[0.347397022, 5.100073118, 2.72373507], [0.78329636, 6.1600663739999995, 3.4716813669999995], [0.699880384, 6.735331427999999, 3.7176059059999997], [2.1535563559999997, 8.596931867999999, 5.375244111999999], [4.8371093400000005, 11.895931991999996, 8.366520665999998], [7.38027934, 14.282951354, 10.831615347], [9.376159155999998, 16.571804354, 12.973981755], [10.149791469999998, 17.212683194, 13.681237331999998], [8.445867569999999, 15.442636874, 11.944252222], [5.495281736, 11.074488081999997, 8.284884908999999], [2.177462154, 7.0415290960000005, 4.609495625], [0.5340657000000001, 5.066503274, 2.800284487]]",0.0,0.0,36848176.73495002,567.0865055574449,478.6995411192258,29.0,5378.36862980769,442.9828822954026,252.6395984415617,0.6126580323634296,50.29013061523438,-127.6978988647461,36.84817673495002
08HE009,2018,4.057000160217285,8.0,3.5810000896453857,12.0,5.623000144958496,33.299999237060554,4.582564267324661,"[[0.347397022, 5.100073118, 2.72373507], [0.78329636, 6.1600663739999995, 3.4716813669999995], [0.699880384, 6.735331427999999, 3.7176059059999997], [2.1535563559999997, 8.596931867999999, 5.375244111999999], [4.8371093400000005, 11.895931991999996, 8.366520665999998], [7.38027934, 14.282951354, 10.831615347], [9.376159155999998, 16.571804354, 12.973981755], [10.149791469999998, 17.212683194, 13.681237331999998], [8.445867569999999, 15.442636874, 11.944252222], [5.495281736, 11.074488081999997, 8.284884908999999], [2.177462154, 7.0415290960000005, 4.609495625], [0.5340657000000001, 5.066503274, 2.800284487]]",0.0,0.0,36848176.73495002,567.0865055574449,478.6995411192258,29.0,5378.36862980769,442.9828822954026,252.6395984415617,0.6126580323634296,50.29013061523438,-127.6978988647461,36.84817673495002
08HE009,1999,7.489999771118164,9.0,0.4410000145435333,11.0,64.0,33.299999237060554,4.582564267324661,"[[0.347397022, 5.100073118, 2.72373507], [0.78329636, 6.1600663739999995, 3.4716813669999995], [0.699880384, 6.735331427999999, 3.7176059059999997], [2.1535563559999997, 8.596931867999999, 5.375244111999999], [4.8371093400000005, 11.895931991999996, 8.366520665999998], [7.38027934, 14.282951354, 10.831615347], [9.376159155999998, 16.571804354, 12.973981755], [10.149791469999998, 17.212683194, 13.681237331999998], [8.445867569999999, 15.442636874, 11.944252222], [5.495281736, 11.074488081999997, 8.284884908999999], [2.177462154, 7.0415290960000005, 4.609495625], [0.5340657000000001, 5.066503274, 2.800284487]]",0.0,0.0,36848176.73495002,567.0865055574449,478.6995411192258,29.0,5378.36862980769,442.9828822954026,252.6395984415617,0.6126580323634296,50.29013061523438,-127.6978988647461,36.84817673495002
08HE009,2000,6.070000171661378,8.0,0.4149999916553497,7.0,54.29999923706055,33.299999237060554,4.582564267324661,"[[0.347397022, 5.100073118, 2.72373507], [0.78329636, 6.1600663739999995, 3.4716813669999995], [0.699880384, 6.735331427999999, 3.7176059059999997], [2.1535563559999997, 8.596931867999999, 5.375244111999999], [4.8371093400000005, 11.895931991999996, 8.366520665999998], [7.38027934, 14.282951354, 10.831615347], [9.376159155999998, 16.571804354, 12.973981755], [10.149791469999998, 17.212683194, 13.681237331999998], [8.445867569999999, 15.442636874, 11.944252222], [5.495281736, 11.074488081999997, 8.284884908999999], [2.177462154, 7.0415290960000005, 4.609495625], [0.5340657000000001, 5.066503274, 2.800284487]]",0.0,0.0,36848176.73495002,567.0865055574449,478.6995411192258,29.0,5378.36862980769,442.9828822954026,252.6395984415617,0.6126580323634296,50.29013061523438,-127.6978988647461,36.84817673495002
08HE009,2001,8.090000152587889,7.0,0.3680000007152557,11.0,63.4000015258789,33.299999237060554,4.582564267324661,"[[0.347397022, 5.100073118, 2.72373507], [0.78329636, 6.1600663739999995, 3.4716813669999995], [0.699880384, 6.735331427999999, 3.7176059059999997], [2.1535563559999997, 8.596931867999999, 5.375244111999999], [4.8371093400000005, 11.895931991999996, 8.366520665999998], [7.38027934, 14.282951354, 10.831615347], [9.376159155999998, 16.571804354, 12.973981755], [10.149791469999998, 17.212683194, 13.681237331999998], [8.445867569999999, 15.442636874, 11.944252222], [5.495281736, 11.074488081999997, 8.284884908999999], [2.177462154, 7.0415290960000005, 4.609495625], [0.5340657000000001, 5.066503274, 2.800284487]]",0.0,0.0,36848176.73495002,567.0865055574449,478.6995411192258,29.0,5378.36862980769,442.9828822954026,252.6395984415617,0.6126580323634296,50.29013061523438,-127.6978988647461,36.84817673495002
08HE009,2002,6.559999942779541,8.0,0.2179999947547913,11.0,66.69999694824219,33.299999237060554,4.582564267324661,"[[0.347397022, 5.100073118, 2.72373507], [0.78329636, 6.1600663739999995, 3.4716813669999995], [0.699880384, 6.735331427999999, 3.7176059059999997], [2.1535563559999997, 8.596931867999999, 5.375244111999999], [4.8371093400000005, 11.895931991999996, 8.366520665999998], [7.38027934, 14.282951354, 10.831615347], [9.376159155999998, 16.571804354, 12.973981755], [10.149791469999998, 17.212683194, 13.681237331999998], [8.445867569999999, 15.442636874, 11.944252222], [5.495281736, 11.074488081999997, 8.284884908999999], [2.177462154, 7.0415290960000005, 4.609495625], [0.5340657000000001, 5.066503274, 2.800284487]]",0.0,0.0,36848176.73495002,567.0865055574449,478.6995411192258,29.0,5378.36862980769,442.9828822954026,252.6395984415617,0.6126580323634296,50.29013061523438,-127.6978988647461,36.84817673495002
08HE009,2003,7.4000000953674325,8.0,0.2240000069141388,10.0,62.9000015258789,33.299999237060554,4.582564267324661,"[[0.347397022, 5.100073118, 2.72373507], [0.78329636, 6.1600663739999995, 3.4716813669999995], [0.699880384, 6.735331427999999, 3.7176059059999997], [2.1535563559999997, 8.596931867999999, 5.375244111999999], [4.8371093400000005, 11.895931991999996, 8.366520665999998], [7.38027934, 14.282951354, 10.831615347], [9.376159155999998, 16.571804354, 12.973981755], [10.149791469999998, 17.212683194, 13.681237331999998], [8.445867569999999, 15.442636874, 11.944252222], [5.495281736, 11.074488081999997, 8.284884908999999], [2.177462154, 7.0415290960000005, 4.609495625], [0.5340657000000001, 5.066503274, 2.800284487]]",0.0,0.0,36848176.73495002,567.0865055574449,478.6995411192258,29.0,5378.36862980769,442.9828822954026,252.6395984415617,0.6126580323634296,50.29013061523438,-127.6978988647461,36.84817673495002
08HE009,2004,7.010000228881836,8.0,0.17599999904632568,11.0,87.0999984741211,33.299999237060554,4.582564267324661,"[[0.347397022, 5.100073118, 2.72373507], [0.78329636, 6.1600663739999995, 3.4716813669999995], [0.699880384, 6.735331427999999, 3.7176059059999997], [2.1535563559999997, 8.596931867999999, 5.375244111999999], [4.8371093400000005, 11.895931991999996, 8.366520665999998], [7.38027934, 14.282951354, 10.831615347], [9.376159155999998, 16.571804354, 12.973981755], [10.149791469999998, 17.212683194, 13.681237331999998], [8.445867569999999, 15.442636874, 11.944252222], [5.495281736, 11.074488081999997, 8.284884908999999], [2.177462154, 7.0415290960000005, 4.609495625], [0.5340657000000001, 5.066503274, 2.800284487]]",0.0,0.0,36848176.73495002,567.0865055574449,478.6995411192258,29.0,5378.36862980769,442.9828822954026,252.6395984415617,0.6126580323634296,50.29013061523438,-127.6978988647461,36.84817673495002
08HE009,2005,8.289999961853027,9.0,0.32499998807907104,1.0,83.0,33.299999237060554,4.582564267324661,"[[0.347397022, 5.100073118, 2.72373507], [0.78329636, 6.1600663739999995, 3.4716813669999995], [0.699880384, 6.735331427999999, 3.7176059059999997], [2.1535563559999997, 8.596931867999999, 5.375244111999999], [4.8371093400000005, 11.895931991999996, 8.366520665999998], [7.38027934, 14.282951354, 10.831615347], [9.376159155999998, 16.571804354, 12.973981755], [10.149791469999998, 17.212683194, 13.681237331999998], [8.445867569999999, 15.442636874, 11.944252222], [5.495281736, 11.074488081999997, 8.284884908999999], [2.177462154, 7.0415290960000005, 4.609495625], [0.5340657000000001, 5.066503274, 2.800284487]]",0.0,0.0,36848176.73495002,567.0865055574449,478.6995411192258,29.0,5378.36862980769,442.9828822954026,252.6395984415617,0.6126580323634296,50.29013061523438,-127.6978988647461,36.84817673495002
08HE009,2006,6.3400001525878915,9.0,0.1599999964237213,11.0,52.70000076293945,33.299999237060554,4.582564267324661,"[[0.347397022, 5.100073118, 2.72373507], [0.78329636, 6.1600663739999995, 3.4716813669999995], [0.699880384, 6.735331427999999, 3.7176059059999997], [2.1535563559999997, 8.596931867999999, 5.375244111999999], [4.8371093400000005, 11.895931991999996, 8.366520665999998], [7.38027934, 14.282951354, 10.831615347], [9.376159155999998, 16.571804354, 12.973981755], [10.149791469999998, 17.212683194, 13.681237331999998], [8.445867569999999, 15.442636874, 11.944252222], [5.495281736, 11.074488081999997, 8.284884908999999], [2.177462154, 7.0415290960000005, 4.609495625], [0.5340657000000001, 5.066503274, 2.800284487]]",0.0,0.0,36848176.73495002,567.0865055574449,478.6995411192258,29.0,5378.36862980769,442.9828822954026,252.6395984415617,0.6126580323634296,50.29013061523438,-127.6978988647461,36.84817673495002
08HE009,2007,9.399999618530273,9.0,0.5519999861717224,11.0,65.59999847412111,33.299999237060554,4.582564267324661,"[[0.347397022, 5.100073118, 2.72373507], [0.78329636, 6.1600663739999995, 3.4716813669999995], [0.699880384, 6.735331427999999, 3.7176059059999997], [2.1535563559999997, 8.596931867999999, 5.375244111999999], [4.8371093400000005, 11.895931991999996, 8.366520665999998], [7.38027934, 14.282951354, 10.831615347], [9.376159155999998, 16.571804354, 12.973981755], [10.149791469999998, 17.212683194, 13.681237331999998], [8.445867569999999, 15.442636874, 11.944252222], [5.495281736, 11.074488081999997, 8.284884908999999], [2.177462154, 7.0415290960000005, 4.609495625], [0.5340657000000001, 5.066503274, 2.800284487]]",0.0,0.0,36848176.73495002,567.0865055574449,478.6995411192258,29.0,5378.36862980769,442.9828822954026,252.6395984415617,0.6126580323634296,50.29013061523438,-127.6978988647461,36.84817673495002
08HE009,2008,6.130000114440918,9.0,0.2119999974966049,11.0,61.599998474121094,33.299999237060554,4.582564267324661,"[[0.347397022, 5.100073118, 2.72373507], [0.78329636, 6.1600663739999995, 3.4716813669999995], [0.699880384, 6.735331427999999, 3.7176059059999997], [2.1535563559999997, 8.596931867999999, 5.375244111999999], [4.8371093400000005, 11.895931991999996, 8.366520665999998], [7.38027934, 14.282951354, 10.831615347], [9.376159155999998, 16.571804354, 12.973981755], [10.149791469999998, 17.212683194, 13.681237331999998], [8.445867569999999, 15.442636874, 11.944252222], [5.495281736, 11.074488081999997, 8.284884908999999], [2.177462154, 7.0415290960000005, 4.609495625], [0.5340657000000001, 5.066503274, 2.800284487]]",0.0,0.0,36848176.73495002,567.0865055574449,478.6995411192258,29.0,5378.36862980769,442.9828822954026,252.6395984415617,0.6126580323634296,50.29013061523438,-127.6978988647461,36.84817673495002
08HE009,2009,6.389999866485597,8.0,0.2140000015497208,9.0,71.5999984741211,33.299999237060554,4.582564267324661,"[[0.347397022, 5.100073118, 2.72373507], [0.78329636, 6.1600663739999995, 3.4716813669999995], [0.699880384, 6.735331427999999, 3.7176059059999997], [2.1535563559999997, 8.596931867999999, 5.375244111999999], [4.8371093400000005, 11.895931991999996, 8.366520665999998], [7.38027934, 14.282951354, 10.831615347], [9.376159155999998, 16.571804354, 12.973981755], [10.149791469999998, 17.212683194, 13.681237331999998], [8.445867569999999, 15.442636874, 11.944252222], [5.495281736, 11.074488081999997, 8.284884908999999], [2.177462154, 7.0415290960000005, 4.609495625], [0.5340657000000001, 5.066503274, 2.800284487]]",0.0,0.0,36848176.73495002,567.0865055574449,478.6995411192258,29.0,5378.36862980769,442.9828822954026,252.6395984415617,0.6126580323634296,50.29013061523438,-127.6978988647461,36.84817673495002
08HE009,2010,7.8499999046325675,8.0,0.16099999845027926,9.0,97.9000015258789,33.299999237060554,4.582564267324661,"[[0.347397022, 5.100073118, 2.72373507], [0.78329636, 6.1600663739999995, 3.4716813669999995], [0.699880384, 6.735331427999999, 3.7176059059999997], [2.1535563559999997, 8.596931867999999, 5.375244111999999], [4.8371093400000005, 11.895931991999996, 8.366520665999998], [7.38027934, 14.282951354, 10.831615347], [9.376159155999998, 16.571804354, 12.973981755], [10.149791469999998, 17.212683194, 13.681237331999998], [8.445867569999999, 15.442636874, 11.944252222], [5.495281736, 11.074488081999997, 8.284884908999999], [2.177462154, 7.0415290960000005, 4.609495625], [0.5340657000000001, 5.066503274, 2.800284487]]",0.0,0.0,36848176.73495002,567.0865055574449,478.6995411192258,29.0,5378.36862980769,442.9828822954026,252.6395984415617,0.6126580323634296,50.29013061523438,-127.6978988647461,36.84817673495002
08HE009,2011,7.28000020980835,8.0,0.21299999952316284,11.0,93.5,33.299999237060554,4.582564267324661,"[[0.347397022, 5.100073118, 2.72373507], [0.78329636, 6.1600663739999995, 3.4716813669999995], [0.699880384, 6.735331427999999, 3.7176059059999997], [2.1535563559999997, 8.596931867999999, 5.375244111999999], [4.8371093400000005, 11.895931991999996, 8.366520665999998], [7.38027934, 14.282951354, 10.831615347], [9.376159155999998, 16.571804354, 12.973981755], [10.149791469999998, 17.212683194, 13.681237331999998], [8.445867569999999, 15.442636874, 11.944252222], [5.495281736, 11.074488081999997, 8.284884908999999], [2.177462154, 7.0415290960000005, 4.609495625], [0.5340657000000001, 5.066503274, 2.800284487]]",0.0,0.0,36848176.73495002,567.0865055574449,478.6995411192258,29.0,5378.36862980769,442.9828822954026,252.6395984415617,0.6126580323634296,50.29013061523438,-127.6978988647461,36.84817673495002
08HE009,2012,6.25,9.0,0.12800000607967374,1.0,58.70000076293945,33.299999237060554,4.582564267324661,"[[0.347397022, 5.100073118, 2.72373507], [0.78329636, 6.1600663739999995, 3.4716813669999995], [0.699880384, 6.735331427999999, 3.7176059059999997], [2.1535563559999997, 8.596931867999999, 5.375244111999999], [4.8371093400000005, 11.895931991999996, 8.366520665999998], [7.38027934, 14.282951354, 10.831615347], [9.376159155999998, 16.571804354, 12.973981755], [10.149791469999998, 17.212683194, 13.681237331999998], [8.445867569999999, 15.442636874, 11.944252222], [5.495281736, 11.074488081999997, 8.284884908999999], [2.177462154, 7.0415290960000005, 4.609495625], [0.5340657000000001, 5.066503274, 2.800284487]]",0.0,0.0,36848176.73495002,567.0865055574449,478.6995411192258,29.0,5378.36862980769,442.9828822954026,252.6395984415617,0.6126580323634296,50.29013061523438,-127.6978988647461,36.84817673495002
08HE009,2013,4.389999866485597,8.0,0.11900000274181365,9.0,35.599998474121094,33.299999237060554,4.582564267324661,"[[0.347397022, 5.100073118, 2.72373507], [0.78329636, 6.1600663739999995, 3.4716813669999995], [0.699880384, 6.735331427999999, 3.7176059059999997], [2.1535563559999997, 8.596931867999999, 5.375244111999999], [4.8371093400000005, 11.895931991999996, 8.366520665999998], [7.38027934, 14.282951354, 10.831615347], [9.376159155999998, 16.571804354, 12.973981755], [10.149791469999998, 17.212683194, 13.681237331999998], [8.445867569999999, 15.442636874, 11.944252222], [5.495281736, 11.074488081999997, 8.284884908999999], [2.177462154, 7.0415290960000005, 4.609495625], [0.5340657000000001, 5.066503274, 2.800284487]]",0.0,0.0,36848176.73495002,567.0865055574449,478.6995411192258,29.0,5378.36862980769,442.9828822954026,252.6395984415617,0.6126580323634296,50.29013061523438,-127.6978988647461,36.84817673495002
08HE009,2014,6.320000171661378,8.0,0.1860000044107437,10.0,86.5999984741211,33.299999237060554,4.582564267324661,"[[0.347397022, 5.100073118, 2.72373507], [0.78329636, 6.1600663739999995, 3.4716813669999995], [0.699880384, 6.735331427999999, 3.7176059059999997], [2.1535563559999997, 8.596931867999999, 5.375244111999999], [4.8371093400000005, 11.895931991999996, 8.366520665999998], [7.38027934, 14.282951354, 10.831615347], [9.376159155999998, 16.571804354, 12.973981755], [10.149791469999998, 17.212683194, 13.681237331999998], [8.445867569999999, 15.442636874, 11.944252222], [5.495281736, 11.074488081999997, 8.284884908999999], [2.177462154, 7.0415290960000005, 4.609495625], [0.5340657000000001, 5.066503274, 2.800284487]]",0.0,0.0,36848176.73495002,567.0865055574449,478.6995411192258,29.0,5378.36862980769,442.9828822954026,252.6395984415617,0.6126580323634296,50.29013061523438,-127.6978988647461,36.84817673495002
08HE009,2015,5.349999904632568,7.0,0.10199999809265137,10.0,40.20000076293945,33.299999237060554,4.582564267324661,"[[0.347397022, 5.100073118, 2.72373507], [0.78329636, 6.1600663739999995, 3.4716813669999995], [0.699880384, 6.735331427999999, 3.7176059059999997], [2.1535563559999997, 8.596931867999999, 5.375244111999999], [4.8371093400000005, 11.895931991999996, 8.366520665999998], [7.38027934, 14.282951354, 10.831615347], [9.376159155999998, 16.571804354, 12.973981755], [10.149791469999998, 17.212683194, 13.681237331999998], [8.445867569999999, 15.442636874, 11.944252222], [5.495281736, 11.074488081999997, 8.284884908999999], [2.177462154, 7.0415290960000005, 4.609495625], [0.5340657000000001, 5.066503274, 2.800284487]]",0.0,0.0,36848176.73495002,567.0865055574449,478.6995411192258,29.0,5378.36862980769,442.9828822954026,252.6395984415617,0.6126580323634296,50.29013061523438,-127.6978988647461,36.84817673495002
08HE009,2016,6.570000171661378,8.0,0.16300000250339508,11.0,91.5,33.299999237060554,4.582564267324661,"[[0.347397022, 5.100073118, 2.72373507], [0.78329636, 6.1600663739999995, 3.4716813669999995], [0.699880384, 6.735331427999999, 3.7176059059999997], [2.1535563559999997, 8.596931867999999, 5.375244111999999], [4.8371093400000005, 11.895931991999996, 8.366520665999998], [7.38027934, 14.282951354, 10.831615347], [9.376159155999998, 16.571804354, 12.973981755], [10.149791469999998, 17.212683194, 13.681237331999998], [8.445867569999999, 15.442636874, 11.944252222], [5.495281736, 11.074488081999997, 8.284884908999999], [2.177462154, 7.0415290960000005, 4.609495625], [0.5340657000000001, 5.066503274, 2.800284487]]",0.0,0.0,36848176.73495002,567.0865055574449,478.6995411192258,29.0,5378.36862980769,442.9828822954026,252.6395984415617,0.6126580323634296,50.29013061523438,-127.6978988647461,36.84817673495002
08HE009,2017,7.190000057220459,8.0,0.26499998569488525,1.0,99.5,33.299999237060554,4.582564267324661,"[[0.347397022, 5.100073118, 2.72373507], [0.78329636, 6.1600663739999995, 3.4716813669999995], [0.699880384, 6.735331427999999, 3.7176059059999997], [2.1535563559999997, 8.596931867999999, 5.375244111999999], [4.8371093400000005, 11.895931991999996, 8.366520665999998], [7.38027934, 14.282951354, 10.831615347], [9.376159155999998, 16.571804354, 12.973981755], [10.149791469999998, 17.212683194, 13.681237331999998], [8.445867569999999, 15.442636874, 11.944252222], [5.495281736, 11.074488081999997, 8.284884908999999], [2.177462154, 7.0415290960000005, 4.609495625], [0.5340657000000001, 5.066503274, 2.800284487]]",0.0,0.0,36848176.73495002,567.0865055574449,478.6995411192258,29.0,5378.36862980769,442.9828822954026,252.6395984415617,0.6126580323634296,50.29013061523438,-127.6978988647461,36.84817673495002
08HE009,2018,6.4099998474121085,8.0,0.0989999994635582,12.0,66.69999694824219,33.299999237060554,4.582564267324661,"[[0.347397022, 5.100073118, 2.72373507], [0.78329636, 6.1600663739999995, 3.4716813669999995], [0.699880384, 6.735331427999999, 3.7176059059999997], [2.1535563559999997, 8.596931867999999, 5.375244111999999], [4.8371093400000005, 11.895931991999996, 8.366520665999998], [7.38027934, 14.282951354, 10.831615347], [9.376159155999998, 16.571804354, 12.973981755], [10.149791469999998, 17.212683194, 13.681237331999998], [8.445867569999999, 15.442636874, 11.944252222], [5.495281736, 11.074488081999997, 8.284884908999999], [2.177462154, 7.0415290960000005, 4.609495625], [0.5340657000000001, 5.066503274, 2.800284487]]",0.0,0.0,36848176.73495002,567.0865055574449,478.6995411192258,29.0,5378.36862980769,442.9828822954026,252.6395984415617,0.6126580323634296,50.29013061523438,-127.6978988647461,36.84817673495002
08HE010,2013,2.2079999446868896,1.0,2.075000047683716,5.0,2.825999975204468,19.600000381469727,46.05555072520478,,0.0,0.0,547922.9552248307,,,29.0,3786.02099609375,229.9387755102041,308.9705749368934,0.9223365830161264,49.93867111206055,-126.6414794921875,0.5479229552248307
08HE010,1999,3.0799999237060547,10.0,0.028999999165534977,1.0,16.5,19.600000381469727,46.05555072520478,,0.0,0.0,547922.9552248307,,,29.0,3786.02099609375,229.9387755102041,308.9705749368934,0.9223365830161264,49.93867111206055,-126.6414794921875,0.5479229552248307
08HE010,2000,2.0699999332427983,10.0,0.008000000379979609,10.0,17.600000381469727,19.600000381469727,46.05555072520478,,0.0,0.0,547922.9552248307,,,29.0,3786.02099609375,229.9387755102041,308.9705749368934,0.9223365830161264,49.93867111206055,-126.6414794921875,0.5479229552248307
08HE010,2001,3.0199999809265137,1.0,0.40400001406669617,12.0,25.0,19.600000381469727,46.05555072520478,,0.0,0.0,547922.9552248307,,,29.0,3786.02099609375,229.9387755102041,308.9705749368934,0.9223365830161264,49.93867111206055,-126.6414794921875,0.5479229552248307
08HE010,2002,2.9500000476837163,9.0,0.23899999260902405,11.0,33.09999847412109,19.600000381469727,46.05555072520478,,0.0,0.0,547922.9552248307,,,29.0,3786.02099609375,229.9387755102041,308.9705749368934,0.9223365830161264,49.93867111206055,-126.6414794921875,0.5479229552248307
08HE010,2003,3.7799999713897705,11.0,0.10199999809265137,3.0,29.29999923706055,19.600000381469727,46.05555072520478,,0.0,0.0,547922.9552248307,,,29.0,3786.02099609375,229.9387755102041,308.9705749368934,0.9223365830161264,49.93867111206055,-126.6414794921875,0.5479229552248307
08HE010,2004,3.0999999046325684,1.0,0.1040000021457672,11.0,26.0,19.600000381469727,46.05555072520478,,0.0,0.0,547922.9552248307,,,29.0,3786.02099609375,229.9387755102041,308.9705749368934,0.9223365830161264,49.93867111206055,-126.6414794921875,0.5479229552248307
08HE010,2005,3.5499999523162837,12.0,0.26499998569488525,12.0,34.700000762939446,19.600000381469727,46.05555072520478,,0.0,0.0,547922.9552248307,,,29.0,3786.02099609375,229.9387755102041,308.9705749368934,0.9223365830161264,49.93867111206055,-126.6414794921875,0.5479229552248307
08HE010,2006,2.7300000190734863,10.0,0.35899999737739563,11.0,30.60000038146973,19.600000381469727,46.05555072520478,,0.0,0.0,547922.9552248307,,,29.0,3786.02099609375,229.9387755102041,308.9705749368934,0.9223365830161264,49.93867111206055,-126.6414794921875,0.5479229552248307
08HE010,2007,3.9000000953674316,9.0,0.07699999958276749,1.0,30.79999923706055,19.600000381469727,46.05555072520478,,0.0,0.0,547922.9552248307,,,29.0,3786.02099609375,229.9387755102041,308.9705749368934,0.9223365830161264,49.93867111206055,-126.6414794921875,0.5479229552248307
08HE010,2008,2.4200000762939453,2.0,0.0949999988079071,11.0,16.399999618530273,19.600000381469727,46.05555072520478,,0.0,0.0,547922.9552248307,,,29.0,3786.02099609375,229.9387755102041,308.9705749368934,0.9223365830161264,49.93867111206055,-126.6414794921875,0.5479229552248307
08HE010,2011,3.240000009536743,8.0,0.010999999940395357,8.0,29.20000076293945,19.600000381469727,46.05555072520478,,0.0,0.0,547922.9552248307,,,29.0,3786.02099609375,229.9387755102041,308.9705749368934,0.9223365830161264,49.93867111206055,-126.6414794921875,0.5479229552248307
08HE010,2013,2.380000114440918,10.0,0.289000004529953,9.0,14.899999618530273,19.600000381469727,46.05555072520478,,0.0,0.0,547922.9552248307,,,29.0,3786.02099609375,229.9387755102041,308.9705749368934,0.9223365830161264,49.93867111206055,-126.6414794921875,0.5479229552248307
08HF006,2012,2.6989998817443848,9.0,2.20199990272522,1.0,4.702000141143799,64.40000152587889,1.6730868537264914,"[[1.7593650060000001, 6.212625220666666, 3.9859951133333333], [2.2493490926666664, 7.369258936666666, 4.809304014666666], [2.295465242, 8.163406155333332, 5.229435698666666], [3.644701699333333, 10.054507367333333, 6.849604533333332], [6.134295584666666, 12.995429155333332, 9.564862369999998], [8.606935003333332, 15.125249258, 11.866092130666665], [10.51092161, 17.140796255333335, 13.825858932666668], [11.254205428666666, 17.90272998733333, 14.578467707999998], [9.642513827333332, 16.192024300666667, 12.917269064], [6.825359646, 12.277237947333333, 9.551298796666666], [3.708789583333333, 8.397377795333332, 6.053083689333333], [2.0926898206666666, 6.350634579333334, 4.2216622]]",0.0,0.0,74789542.27182458,595.8105716745024,518.0105517908577,29.0,3888.5811982996297,188.2039304610733,330.5179344641716,0.6596730575422382,50.66933059692383,-128.16839599609378,74.7895422718246
08HF006,2013,2.628999948501587,8.0,2.187999963760376,12.0,4.162000179290772,64.40000152587889,1.6730868537264914,"[[1.7593650060000001, 6.212625220666666, 3.9859951133333333], [2.2493490926666664, 7.369258936666666, 4.809304014666666], [2.295465242, 8.163406155333332, 5.229435698666666], [3.644701699333333, 10.054507367333333, 6.849604533333332], [6.134295584666666, 12.995429155333332, 9.564862369999998], [8.606935003333332, 15.125249258, 11.866092130666665], [10.51092161, 17.140796255333335, 13.825858932666668], [11.254205428666666, 17.90272998733333, 14.578467707999998], [9.642513827333332, 16.192024300666667, 12.917269064], [6.825359646, 12.277237947333333, 9.551298796666666], [3.708789583333333, 8.397377795333332, 6.053083689333333], [2.0926898206666666, 6.350634579333334, 4.2216622]]",0.0,0.0,74789542.27182458,595.8105716745024,518.0105517908577,29.0,3888.5811982996297,188.2039304610733,330.5179344641716,0.6596730575422382,50.66933059692383,-128.16839599609378,74.7895422718246
08HF006,2014,2.696000099182129,9.0,2.2090001106262207,11.0,4.642000198364258,64.40000152587889,1.6730868537264914,"[[1.7593650060000001, 6.212625220666666, 3.9859951133333333], [2.2493490926666664, 7.369258936666666, 4.809304014666666], [2.295465242, 8.163406155333332, 5.229435698666666], [3.644701699333333, 10.054507367333333, 6.849604533333332], [6.134295584666666, 12.995429155333332, 9.564862369999998], [8.606935003333332, 15.125249258, 11.866092130666665], [10.51092161, 17.140796255333335, 13.825858932666668], [11.254205428666666, 17.90272998733333, 14.578467707999998], [9.642513827333332, 16.192024300666667, 12.917269064], [6.825359646, 12.277237947333333, 9.551298796666666], [3.708789583333333, 8.397377795333332, 6.053083689333333], [2.0926898206666666, 6.350634579333334, 4.2216622]]",0.0,0.0,74789542.27182458,595.8105716745024,518.0105517908577,29.0,3888.5811982996297,188.2039304610733,330.5179344641716,0.6596730575422382,50.66933059692383,-128.16839599609378,74.7895422718246
08HF006,2015,2.759999990463257,7.0,2.303999900817871,4.0,4.360000133514403,64.40000152587889,1.6730868537264914,"[[1.7593650060000001, 6.212625220666666, 3.9859951133333333], [2.2493490926666664, 7.369258936666666, 4.809304014666666], [2.295465242, 8.163406155333332, 5.229435698666666], [3.644701699333333, 10.054507367333333, 6.849604533333332], [6.134295584666666, 12.995429155333332, 9.564862369999998], [8.606935003333332, 15.125249258, 11.866092130666665], [10.51092161, 17.140796255333335, 13.825858932666668], [11.254205428666666, 17.90272998733333, 14.578467707999998], [9.642513827333332, 16.192024300666667, 12.917269064], [6.825359646, 12.277237947333333, 9.551298796666666], [3.708789583333333, 8.397377795333332, 6.053083689333333], [2.0926898206666666, 6.350634579333334, 4.2216622]]",0.0,0.0,74789542.27182458,595.8105716745024,518.0105517908577,29.0,3888.5811982996297,188.2039304610733,330.5179344641716,0.6596730575422382,50.66933059692383,-128.16839599609378,74.7895422718246
08HF006,2016,2.8159999847412114,8.0,2.3489999771118164,11.0,4.682000160217285,64.40000152587889,1.6730868537264914,"[[1.7593650060000001, 6.212625220666666, 3.9859951133333333], [2.2493490926666664, 7.369258936666666, 4.809304014666666], [2.295465242, 8.163406155333332, 5.229435698666666], [3.644701699333333, 10.054507367333333, 6.849604533333332], [6.134295584666666, 12.995429155333332, 9.564862369999998], [8.606935003333332, 15.125249258, 11.866092130666665], [10.51092161, 17.140796255333335, 13.825858932666668], [11.254205428666666, 17.90272998733333, 14.578467707999998], [9.642513827333332, 16.192024300666667, 12.917269064], [6.825359646, 12.277237947333333, 9.551298796666666], [3.708789583333333, 8.397377795333332, 6.053083689333333], [2.0926898206666666, 6.350634579333334, 4.2216622]]",0.0,0.0,74789542.27182458,595.8105716745024,518.0105517908577,29.0,3888.5811982996297,188.2039304610733,330.5179344641716,0.6596730575422382,50.66933059692383,-128.16839599609378,74.7895422718246
08HF006,2017,2.8289999961853027,8.0,2.378000020980835,1.0,4.60099983215332,64.40000152587889,1.6730868537264914,"[[1.7593650060000001, 6.212625220666666, 3.9859951133333333], [2.2493490926666664, 7.369258936666666, 4.809304014666666], [2.295465242, 8.163406155333332, 5.229435698666666], [3.644701699333333, 10.054507367333333, 6.849604533333332], [6.134295584666666, 12.995429155333332, 9.564862369999998], [8.606935003333332, 15.125249258, 11.866092130666665], [10.51092161, 17.140796255333335, 13.825858932666668], [11.254205428666666, 17.90272998733333, 14.578467707999998], [9.642513827333332, 16.192024300666667, 12.917269064], [6.825359646, 12.277237947333333, 9.551298796666666], [3.708789583333333, 8.397377795333332, 6.053083689333333], [2.0926898206666666, 6.350634579333334, 4.2216622]]",0.0,0.0,74789542.27182458,595.8105716745024,518.0105517908577,29.0,3888.5811982996297,188.2039304610733,330.5179344641716,0.6596730575422382,50.66933059692383,-128.16839599609378,74.7895422718246
08HF006,2018,2.79099988937378,8.0,2.352999925613404,12.0,4.447999954223633,64.40000152587889,1.6730868537264914,"[[1.7593650060000001, 6.212625220666666, 3.9859951133333333], [2.2493490926666664, 7.369258936666666, 4.809304014666666], [2.295465242, 8.163406155333332, 5.229435698666666], [3.644701699333333, 10.054507367333333, 6.849604533333332], [6.134295584666666, 12.995429155333332, 9.564862369999998], [8.606935003333332, 15.125249258, 11.866092130666665], [10.51092161, 17.140796255333335, 13.825858932666668], [11.254205428666666, 17.90272998733333, 14.578467707999998], [9.642513827333332, 16.192024300666667, 12.917269064], [6.825359646, 12.277237947333333, 9.551298796666666], [3.708789583333333, 8.397377795333332, 6.053083689333333], [2.0926898206666666, 6.350634579333334, 4.2216622]]",0.0,0.0,74789542.27182458,595.8105716745024,518.0105517908577,29.0,3888.5811982996297,188.2039304610733,330.5179344641716,0.6596730575422382,50.66933059692383,-128.16839599609378,74.7895422718246
08HF006,1994,8.539999961853027,7.0,0.777999997138977,11.0,77.4000015258789,64.40000152587889,1.6730868537264914,"[[1.7593650060000001, 6.212625220666666, 3.9859951133333333], [2.2493490926666664, 7.369258936666666, 4.809304014666666], [2.295465242, 8.163406155333332, 5.229435698666666], [3.644701699333333, 10.054507367333333, 6.849604533333332], [6.134295584666666, 12.995429155333332, 9.564862369999998], [8.606935003333332, 15.125249258, 11.866092130666665], [10.51092161, 17.140796255333335, 13.825858932666668], [11.254205428666666, 17.90272998733333, 14.578467707999998], [9.642513827333332, 16.192024300666667, 12.917269064], [6.825359646, 12.277237947333333, 9.551298796666666], [3.708789583333333, 8.397377795333332, 6.053083689333333], [2.0926898206666666, 6.350634579333334, 4.2216622]]",0.0,0.0,74789542.27182458,595.8105716745024,518.0105517908577,29.0,3888.5811982996297,188.2039304610733,330.5179344641716,0.6596730575422382,50.66933059692383,-128.16839599609378,74.7895422718246
08HF006,1995,7.179999828338622,7.0,0.4769999980926514,10.0,59.599998474121094,64.40000152587889,1.6730868537264914,"[[1.7593650060000001, 6.212625220666666, 3.9859951133333333], [2.2493490926666664, 7.369258936666666, 4.809304014666666], [2.295465242, 8.163406155333332, 5.229435698666666], [3.644701699333333, 10.054507367333333, 6.849604533333332], [6.134295584666666, 12.995429155333332, 9.564862369999998], [8.606935003333332, 15.125249258, 11.866092130666665], [10.51092161, 17.140796255333335, 13.825858932666668], [11.254205428666666, 17.90272998733333, 14.578467707999998], [9.642513827333332, 16.192024300666667, 12.917269064], [6.825359646, 12.277237947333333, 9.551298796666666], [3.708789583333333, 8.397377795333332, 6.053083689333333], [2.0926898206666666, 6.350634579333334, 4.2216622]]",0.0,0.0,74789542.27182458,595.8105716745024,518.0105517908577,29.0,3888.5811982996297,188.2039304610733,330.5179344641716,0.6596730575422382,50.66933059692383,-128.16839599609378,74.7895422718246
08HF006,1996,7.75,8.0,0.5270000100135803,1.0,85.5,64.40000152587889,1.6730868537264914,"[[1.7593650060000001, 6.212625220666666, 3.9859951133333333], [2.2493490926666664, 7.369258936666666, 4.809304014666666], [2.295465242, 8.163406155333332, 5.229435698666666], [3.644701699333333, 10.054507367333333, 6.849604533333332], [6.134295584666666, 12.995429155333332, 9.564862369999998], [8.606935003333332, 15.125249258, 11.866092130666665], [10.51092161, 17.140796255333335, 13.825858932666668], [11.254205428666666, 17.90272998733333, 14.578467707999998], [9.642513827333332, 16.192024300666667, 12.917269064], [6.825359646, 12.277237947333333, 9.551298796666666], [3.708789583333333, 8.397377795333332, 6.053083689333333], [2.0926898206666666, 6.350634579333334, 4.2216622]]",0.0,0.0,74789542.27182458,595.8105716745024,518.0105517908577,29.0,3888.5811982996297,188.2039304610733,330.5179344641716,0.6596730575422382,50.66933059692383,-128.16839599609378,74.7895422718246
08HF006,1997,10.100000381469727,8.0,0.777999997138977,12.0,82.0,64.40000152587889,1.6730868537264914,"[[1.7593650060000001, 6.212625220666666, 3.9859951133333333], [2.2493490926666664, 7.369258936666666, 4.809304014666666], [2.295465242, 8.163406155333332, 5.229435698666666], [3.644701699333333, 10.054507367333333, 6.849604533333332], [6.134295584666666, 12.995429155333332, 9.564862369999998], [8.606935003333332, 15.125249258, 11.866092130666665], [10.51092161, 17.140796255333335, 13.825858932666668], [11.254205428666666, 17.90272998733333, 14.578467707999998], [9.642513827333332, 16.192024300666667, 12.917269064], [6.825359646, 12.277237947333333, 9.551298796666666], [3.708789583333333, 8.397377795333332, 6.053083689333333], [2.0926898206666666, 6.350634579333334, 4.2216622]]",0.0,0.0,74789542.27182458,595.8105716745024,518.0105517908577,29.0,3888.5811982996297,188.2039304610733,330.5179344641716,0.6596730575422382,50.66933059692383,-128.16839599609378,74.7895422718246
08HF006,1998,7.710000038146973,7.0,0.7519999742507935,4.0,79.80000305175781,64.40000152587889,1.6730868537264914,"[[1.7593650060000001, 6.212625220666666, 3.9859951133333333], [2.2493490926666664, 7.369258936666666, 4.809304014666666], [2.295465242, 8.163406155333332, 5.229435698666666], [3.644701699333333, 10.054507367333333, 6.849604533333332], [6.134295584666666, 12.995429155333332, 9.564862369999998], [8.606935003333332, 15.125249258, 11.866092130666665], [10.51092161, 17.140796255333335, 13.825858932666668], [11.254205428666666, 17.90272998733333, 14.578467707999998], [9.642513827333332, 16.192024300666667, 12.917269064], [6.825359646, 12.277237947333333, 9.551298796666666], [3.708789583333333, 8.397377795333332, 6.053083689333333], [2.0926898206666666, 6.350634579333334, 4.2216622]]",0.0,0.0,74789542.27182458,595.8105716745024,518.0105517908577,29.0,3888.5811982996297,188.2039304610733,330.5179344641716,0.6596730575422382,50.66933059692383,-128.16839599609378,74.7895422718246
08HF006,1999,8.170000076293945,8.0,0.7459999918937683,11.0,68.30000305175781,64.40000152587889,1.6730868537264914,"[[1.7593650060000001, 6.212625220666666, 3.9859951133333333], [2.2493490926666664, 7.369258936666666, 4.809304014666666], [2.295465242, 8.163406155333332, 5.229435698666666], [3.644701699333333, 10.054507367333333, 6.849604533333332], [6.134295584666666, 12.995429155333332, 9.564862369999998], [8.606935003333332, 15.125249258, 11.866092130666665], [10.51092161, 17.140796255333335, 13.825858932666668], [11.254205428666666, 17.90272998733333, 14.578467707999998], [9.642513827333332, 16.192024300666667, 12.917269064], [6.825359646, 12.277237947333333, 9.551298796666666], [3.708789583333333, 8.397377795333332, 6.053083689333333], [2.0926898206666666, 6.350634579333334, 4.2216622]]",0.0,0.0,74789542.27182458,595.8105716745024,518.0105517908577,29.0,3888.5811982996297,188.2039304610733,330.5179344641716,0.6596730575422382,50.66933059692383,-128.16839599609378,74.7895422718246
08HF006,2000,6.110000133514403,7.0,0.7099999785423279,11.0,54.099998474121094,64.40000152587889,1.6730868537264914,"[[1.7593650060000001, 6.212625220666666, 3.9859951133333333], [2.2493490926666664, 7.369258936666666, 4.809304014666666], [2.295465242, 8.163406155333332, 5.229435698666666], [3.644701699333333, 10.054507367333333, 6.849604533333332], [6.134295584666666, 12.995429155333332, 9.564862369999998], [8.606935003333332, 15.125249258, 11.866092130666665], [10.51092161, 17.140796255333335, 13.825858932666668], [11.254205428666666, 17.90272998733333, 14.578467707999998], [9.642513827333332, 16.192024300666667, 12.917269064], [6.825359646, 12.277237947333333, 9.551298796666666], [3.708789583333333, 8.397377795333332, 6.053083689333333], [2.0926898206666666, 6.350634579333334, 4.2216622]]",0.0,0.0,74789542.27182458,595.8105716745024,518.0105517908577,29.0,3888.5811982996297,188.2039304610733,330.5179344641716,0.6596730575422382,50.66933059692383,-128.16839599609378,74.7895422718246
08HF006,2001,8.739999771118164,7.0,0.7239999771118164,11.0,97.5999984741211,64.40000152587889,1.6730868537264914,"[[1.7593650060000001, 6.212625220666666, 3.9859951133333333], [2.2493490926666664, 7.369258936666666, 4.809304014666666], [2.295465242, 8.163406155333332, 5.229435698666666], [3.644701699333333, 10.054507367333333, 6.849604533333332], [6.134295584666666, 12.995429155333332, 9.564862369999998], [8.606935003333332, 15.125249258, 11.866092130666665], [10.51092161, 17.140796255333335, 13.825858932666668], [11.254205428666666, 17.90272998733333, 14.578467707999998], [9.642513827333332, 16.192024300666667, 12.917269064], [6.825359646, 12.277237947333333, 9.551298796666666], [3.708789583333333, 8.397377795333332, 6.053083689333333], [2.0926898206666666, 6.350634579333334, 4.2216622]]",0.0,0.0,74789542.27182458,595.8105716745024,518.0105517908577,29.0,3888.5811982996297,188.2039304610733,330.5179344641716,0.6596730575422382,50.66933059692383,-128.16839599609378,74.7895422718246
08HF006,2002,6.550000190734862,8.0,0.5,11.0,79.0999984741211,64.40000152587889,1.6730868537264914,"[[1.7593650060000001, 6.212625220666666, 3.9859951133333333], [2.2493490926666664, 7.369258936666666, 4.809304014666666], [2.295465242, 8.163406155333332, 5.229435698666666], [3.644701699333333, 10.054507367333333, 6.849604533333332], [6.134295584666666, 12.995429155333332, 9.564862369999998], [8.606935003333332, 15.125249258, 11.866092130666665], [10.51092161, 17.140796255333335, 13.825858932666668], [11.254205428666666, 17.90272998733333, 14.578467707999998], [9.642513827333332, 16.192024300666667, 12.917269064], [6.825359646, 12.277237947333333, 9.551298796666666], [3.708789583333333, 8.397377795333332, 6.053083689333333], [2.0926898206666666, 6.350634579333334, 4.2216622]]",0.0,0.0,74789542.27182458,595.8105716745024,518.0105517908577,29.0,3888.5811982996297,188.2039304610733,330.5179344641716,0.6596730575422382,50.66933059692383,-128.16839599609378,74.7895422718246
08HF006,2003,7.730000019073486,8.0,0.6859999895095825,10.0,54.099998474121094,64.40000152587889,1.6730868537264914,"[[1.7593650060000001, 6.212625220666666, 3.9859951133333333], [2.2493490926666664, 7.369258936666666, 4.809304014666666], [2.295465242, 8.163406155333332, 5.229435698666666], [3.644701699333333, 10.054507367333333, 6.849604533333332], [6.134295584666666, 12.995429155333332, 9.564862369999998], [8.606935003333332, 15.125249258, 11.866092130666665], [10.51092161, 17.140796255333335, 13.825858932666668], [11.254205428666666, 17.90272998733333, 14.578467707999998], [9.642513827333332, 16.192024300666667, 12.917269064], [6.825359646, 12.277237947333333, 9.551298796666666], [3.708789583333333, 8.397377795333332, 6.053083689333333], [2.0926898206666666, 6.350634579333334, 4.2216622]]",0.0,0.0,74789542.27182458,595.8105716745024,518.0105517908577,29.0,3888.5811982996297,188.2039304610733,330.5179344641716,0.6596730575422382,50.66933059692383,-128.16839599609378,74.7895422718246
08HF006,2004,7.179999828338622,8.0,0.4539999961853027,11.0,87.30000305175781,64.40000152587889,1.6730868537264914,"[[1.7593650060000001, 6.212625220666666, 3.9859951133333333], [2.2493490926666664, 7.369258936666666, 4.809304014666666], [2.295465242, 8.163406155333332, 5.229435698666666], [3.644701699333333, 10.054507367333333, 6.849604533333332], [6.134295584666666, 12.995429155333332, 9.564862369999998], [8.606935003333332, 15.125249258, 11.866092130666665], [10.51092161, 17.140796255333335, 13.825858932666668], [11.254205428666666, 17.90272998733333, 14.578467707999998], [9.642513827333332, 16.192024300666667, 12.917269064], [6.825359646, 12.277237947333333, 9.551298796666666], [3.708789583333333, 8.397377795333332, 6.053083689333333], [2.0926898206666666, 6.350634579333334, 4.2216622]]",0.0,0.0,74789542.27182458,595.8105716745024,518.0105517908577,29.0,3888.5811982996297,188.2039304610733,330.5179344641716,0.6596730575422382,50.66933059692383,-128.16839599609378,74.7895422718246
08HF006,2005,8.84000015258789,6.0,0.8460000157356262,11.0,92.4000015258789,64.40000152587889,1.6730868537264914,"[[1.7593650060000001, 6.212625220666666, 3.9859951133333333], [2.2493490926666664, 7.369258936666666, 4.809304014666666], [2.295465242, 8.163406155333332, 5.229435698666666], [3.644701699333333, 10.054507367333333, 6.849604533333332], [6.134295584666666, 12.995429155333332, 9.564862369999998], [8.606935003333332, 15.125249258, 11.866092130666665], [10.51092161, 17.140796255333335, 13.825858932666668], [11.254205428666666, 17.90272998733333, 14.578467707999998], [9.642513827333332, 16.192024300666667, 12.917269064], [6.825359646, 12.277237947333333, 9.551298796666666], [3.708789583333333, 8.397377795333332, 6.053083689333333], [2.0926898206666666, 6.350634579333334, 4.2216622]]",0.0,0.0,74789542.27182458,595.8105716745024,518.0105517908577,29.0,3888.5811982996297,188.2039304610733,330.5179344641716,0.6596730575422382,50.66933059692383,-128.16839599609378,74.7895422718246
08HF006,2006,6.320000171661378,9.0,0.4659999907016754,11.0,48.29999923706055,64.40000152587889,1.6730868537264914,"[[1.7593650060000001, 6.212625220666666, 3.9859951133333333], [2.2493490926666664, 7.369258936666666, 4.809304014666666], [2.295465242, 8.163406155333332, 5.229435698666666], [3.644701699333333, 10.054507367333333, 6.849604533333332], [6.134295584666666, 12.995429155333332, 9.564862369999998], [8.606935003333332, 15.125249258, 11.866092130666665], [10.51092161, 17.140796255333335, 13.825858932666668], [11.254205428666666, 17.90272998733333, 14.578467707999998], [9.642513827333332, 16.192024300666667, 12.917269064], [6.825359646, 12.277237947333333, 9.551298796666666], [3.708789583333333, 8.397377795333332, 6.053083689333333], [2.0926898206666666, 6.350634579333334, 4.2216622]]",0.0,0.0,74789542.27182458,595.8105716745024,518.0105517908577,29.0,3888.5811982996297,188.2039304610733,330.5179344641716,0.6596730575422382,50.66933059692383,-128.16839599609378,74.7895422718246
08HF006,2007,9.539999961853027,8.0,0.7960000038146973,10.0,76.19999694824219,64.40000152587889,1.6730868537264914,"[[1.7593650060000001, 6.212625220666666, 3.9859951133333333], [2.2493490926666664, 7.369258936666666, 4.809304014666666], [2.295465242, 8.163406155333332, 5.229435698666666], [3.644701699333333, 10.054507367333333, 6.849604533333332], [6.134295584666666, 12.995429155333332, 9.564862369999998], [8.606935003333332, 15.125249258, 11.866092130666665], [10.51092161, 17.140796255333335, 13.825858932666668], [11.254205428666666, 17.90272998733333, 14.578467707999998], [9.642513827333332, 16.192024300666667, 12.917269064], [6.825359646, 12.277237947333333, 9.551298796666666], [3.708789583333333, 8.397377795333332, 6.053083689333333], [2.0926898206666666, 6.350634579333334, 4.2216622]]",0.0,0.0,74789542.27182458,595.8105716745024,518.0105517908577,29.0,3888.5811982996297,188.2039304610733,330.5179344641716,0.6596730575422382,50.66933059692383,-128.16839599609378,74.7895422718246
08HF006,2008,6.710000038146973,8.0,0.6660000085830688,11.0,56.79999923706055,64.40000152587889,1.6730868537264914,"[[1.7593650060000001, 6.212625220666666, 3.9859951133333333], [2.2493490926666664, 7.369258936666666, 4.809304014666666], [2.295465242, 8.163406155333332, 5.229435698666666], [3.644701699333333, 10.054507367333333, 6.849604533333332], [6.134295584666666, 12.995429155333332, 9.564862369999998], [8.606935003333332, 15.125249258, 11.866092130666665], [10.51092161, 17.140796255333335, 13.825858932666668], [11.254205428666666, 17.90272998733333, 14.578467707999998], [9.642513827333332, 16.192024300666667, 12.917269064], [6.825359646, 12.277237947333333, 9.551298796666666], [3.708789583333333, 8.397377795333332, 6.053083689333333], [2.0926898206666666, 6.350634579333334, 4.2216622]]",0.0,0.0,74789542.27182458,595.8105716745024,518.0105517908577,29.0,3888.5811982996297,188.2039304610733,330.5179344641716,0.6596730575422382,50.66933059692383,-128.16839599609378,74.7895422718246
08HF006,2009,6.929999828338622,8.0,0.4699999988079071,11.0,75.0999984741211,64.40000152587889,1.6730868537264914,"[[1.7593650060000001, 6.212625220666666, 3.9859951133333333], [2.2493490926666664, 7.369258936666666, 4.809304014666666], [2.295465242, 8.163406155333332, 5.229435698666666], [3.644701699333333, 10.054507367333333, 6.849604533333332], [6.134295584666666, 12.995429155333332, 9.564862369999998], [8.606935003333332, 15.125249258, 11.866092130666665], [10.51092161, 17.140796255333335, 13.825858932666668], [11.254205428666666, 17.90272998733333, 14.578467707999998], [9.642513827333332, 16.192024300666667, 12.917269064], [6.825359646, 12.277237947333333, 9.551298796666666], [3.708789583333333, 8.397377795333332, 6.053083689333333], [2.0926898206666666, 6.350634579333334, 4.2216622]]",0.0,0.0,74789542.27182458,595.8105716745024,518.0105517908577,29.0,3888.5811982996297,188.2039304610733,330.5179344641716,0.6596730575422382,50.66933059692383,-128.16839599609378,74.7895422718246
08HF006,2010,7.960000038146973,8.0,0.4079999923706055,9.0,108.0,64.40000152587889,1.6730868537264914,"[[1.7593650060000001, 6.212625220666666, 3.9859951133333333], [2.2493490926666664, 7.369258936666666, 4.809304014666666], [2.295465242, 8.163406155333332, 5.229435698666666], [3.644701699333333, 10.054507367333333, 6.849604533333332], [6.134295584666666, 12.995429155333332, 9.564862369999998], [8.606935003333332, 15.125249258, 11.866092130666665], [10.51092161, 17.140796255333335, 13.825858932666668], [11.254205428666666, 17.90272998733333, 14.578467707999998], [9.642513827333332, 16.192024300666667, 12.917269064], [6.825359646, 12.277237947333333, 9.551298796666666], [3.708789583333333, 8.397377795333332, 6.053083689333333], [2.0926898206666666, 6.350634579333334, 4.2216622]]",0.0,0.0,74789542.27182458,595.8105716745024,518.0105517908577,29.0,3888.5811982996297,188.2039304610733,330.5179344641716,0.6596730575422382,50.66933059692383,-128.16839599609378,74.7895422718246
08HF006,2011,8.829999923706055,8.0,0.6499999761581421,12.0,82.0,64.40000152587889,1.6730868537264914,"[[1.7593650060000001, 6.212625220666666, 3.9859951133333333], [2.2493490926666664, 7.369258936666666, 4.809304014666666], [2.295465242, 8.163406155333332, 5.229435698666666], [3.644701699333333, 10.054507367333333, 6.849604533333332], [6.134295584666666, 12.995429155333332, 9.564862369999998], [8.606935003333332, 15.125249258, 11.866092130666665], [10.51092161, 17.140796255333335, 13.825858932666668], [11.254205428666666, 17.90272998733333, 14.578467707999998], [9.642513827333332, 16.192024300666667, 12.917269064], [6.825359646, 12.277237947333333, 9.551298796666666], [3.708789583333333, 8.397377795333332, 6.053083689333333], [2.0926898206666666, 6.350634579333334, 4.2216622]]",0.0,0.0,74789542.27182458,595.8105716745024,518.0105517908577,29.0,3888.5811982996297,188.2039304610733,330.5179344641716,0.6596730575422382,50.66933059692383,-128.16839599609378,74.7895422718246
08HF006,2012,8.0,9.0,0.4909999966621399,1.0,93.8000030517578,64.40000152587889,1.6730868537264914,"[[1.7593650060000001, 6.212625220666666, 3.9859951133333333], [2.2493490926666664, 7.369258936666666, 4.809304014666666], [2.295465242, 8.163406155333332, 5.229435698666666], [3.644701699333333, 10.054507367333333, 6.849604533333332], [6.134295584666666, 12.995429155333332, 9.564862369999998], [8.606935003333332, 15.125249258, 11.866092130666665], [10.51092161, 17.140796255333335, 13.825858932666668], [11.254205428666666, 17.90272998733333, 14.578467707999998], [9.642513827333332, 16.192024300666667, 12.917269064], [6.825359646, 12.277237947333333, 9.551298796666666], [3.708789583333333, 8.397377795333332, 6.053083689333333], [2.0926898206666666, 6.350634579333334, 4.2216622]]",0.0,0.0,74789542.27182458,595.8105716745024,518.0105517908577,29.0,3888.5811982996297,188.2039304610733,330.5179344641716,0.6596730575422382,50.66933059692383,-128.16839599609378,74.7895422718246
08HF006,2013,6.8499999046325675,8.0,0.4149999916553497,12.0,57.20000076293945,64.40000152587889,1.6730868537264914,"[[1.7593650060000001, 6.212625220666666, 3.9859951133333333], [2.2493490926666664, 7.369258936666666, 4.809304014666666], [2.295465242, 8.163406155333332, 5.229435698666666], [3.644701699333333, 10.054507367333333, 6.849604533333332], [6.134295584666666, 12.995429155333332, 9.564862369999998], [8.606935003333332, 15.125249258, 11.866092130666665], [10.51092161, 17.140796255333335, 13.825858932666668], [11.254205428666666, 17.90272998733333, 14.578467707999998], [9.642513827333332, 16.192024300666667, 12.917269064], [6.825359646, 12.277237947333333, 9.551298796666666], [3.708789583333333, 8.397377795333332, 6.053083689333333], [2.0926898206666666, 6.350634579333334, 4.2216622]]",0.0,0.0,74789542.27182458,595.8105716745024,518.0105517908577,29.0,3888.5811982996297,188.2039304610733,330.5179344641716,0.6596730575422382,50.66933059692383,-128.16839599609378,74.7895422718246
08HF006,2014,7.949999809265138,9.0,0.4519999921321869,11.0,97.0,64.40000152587889,1.6730868537264914,"[[1.7593650060000001, 6.212625220666666, 3.9859951133333333], [2.2493490926666664, 7.369258936666666, 4.809304014666666], [2.295465242, 8.163406155333332, 5.229435698666666], [3.644701699333333, 10.054507367333333, 6.849604533333332], [6.134295584666666, 12.995429155333332, 9.564862369999998], [8.606935003333332, 15.125249258, 11.866092130666665], [10.51092161, 17.140796255333335, 13.825858932666668], [11.254205428666666, 17.90272998733333, 14.578467707999998], [9.642513827333332, 16.192024300666667, 12.917269064], [6.825359646, 12.277237947333333, 9.551298796666666], [3.708789583333333, 8.397377795333332, 6.053083689333333], [2.0926898206666666, 6.350634579333334, 4.2216622]]",0.0,0.0,74789542.27182458,595.8105716745024,518.0105517908577,29.0,3888.5811982996297,188.2039304610733,330.5179344641716,0.6596730575422382,50.66933059692383,-128.16839599609378,74.7895422718246
08HF006,2015,8.029999732971191,8.0,0.4769999980926514,4.0,70.19999694824219,64.40000152587889,1.6730868537264914,"[[1.7593650060000001, 6.212625220666666, 3.9859951133333333], [2.2493490926666664, 7.369258936666666, 4.809304014666666], [2.295465242, 8.163406155333332, 5.229435698666666], [3.644701699333333, 10.054507367333333, 6.849604533333332], [6.134295584666666, 12.995429155333332, 9.564862369999998], [8.606935003333332, 15.125249258, 11.866092130666665], [10.51092161, 17.140796255333335, 13.825858932666668], [11.254205428666666, 17.90272998733333, 14.578467707999998], [9.642513827333332, 16.192024300666667, 12.917269064], [6.825359646, 12.277237947333333, 9.551298796666666], [3.708789583333333, 8.397377795333332, 6.053083689333333], [2.0926898206666666, 6.350634579333334, 4.2216622]]",0.0,0.0,74789542.27182458,595.8105716745024,518.0105517908577,29.0,3888.5811982996297,188.2039304610733,330.5179344641716,0.6596730575422382,50.66933059692383,-128.16839599609378,74.7895422718246
08HF006,2016,7.059999942779541,8.0,0.5019999742507935,11.0,74.0999984741211,64.40000152587889,1.6730868537264914,"[[1.7593650060000001, 6.212625220666666, 3.9859951133333333], [2.2493490926666664, 7.369258936666666, 4.809304014666666], [2.295465242, 8.163406155333332, 5.229435698666666], [3.644701699333333, 10.054507367333333, 6.849604533333332], [6.134295584666666, 12.995429155333332, 9.564862369999998], [8.606935003333332, 15.125249258, 11.866092130666665], [10.51092161, 17.140796255333335, 13.825858932666668], [11.254205428666666, 17.90272998733333, 14.578467707999998], [9.642513827333332, 16.192024300666667, 12.917269064], [6.825359646, 12.277237947333333, 9.551298796666666], [3.708789583333333, 8.397377795333332, 6.053083689333333], [2.0926898206666666, 6.350634579333334, 4.2216622]]",0.0,0.0,74789542.27182458,595.8105716745024,518.0105517908577,29.0,3888.5811982996297,188.2039304610733,330.5179344641716,0.6596730575422382,50.66933059692383,-128.16839599609378,74.7895422718246
08HF006,2017,7.059999942779541,8.0,0.6840000152587891,1.0,68.59999847412111,64.40000152587889,1.6730868537264914,"[[1.7593650060000001, 6.212625220666666, 3.9859951133333333], [2.2493490926666664, 7.369258936666666, 4.809304014666666], [2.295465242, 8.163406155333332, 5.229435698666666], [3.644701699333333, 10.054507367333333, 6.849604533333332], [6.134295584666666, 12.995429155333332, 9.564862369999998], [8.606935003333332, 15.125249258, 11.866092130666665], [10.51092161, 17.140796255333335, 13.825858932666668], [11.254205428666666, 17.90272998733333, 14.578467707999998], [9.642513827333332, 16.192024300666667, 12.917269064], [6.825359646, 12.277237947333333, 9.551298796666666], [3.708789583333333, 8.397377795333332, 6.053083689333333], [2.0926898206666666, 6.350634579333334, 4.2216622]]",0.0,0.0,74789542.27182458,595.8105716745024,518.0105517908577,29.0,3888.5811982996297,188.2039304610733,330.5179344641716,0.6596730575422382,50.66933059692383,-128.16839599609378,74.7895422718246
08HF006,2018,6.5999999046325675,8.0,0.3869999945163727,12.0,64.40000152587889,64.40000152587889,1.6730868537264914,"[[1.7593650060000001, 6.212625220666666, 3.9859951133333333], [2.2493490926666664, 7.369258936666666, 4.809304014666666], [2.295465242, 8.163406155333332, 5.229435698666666], [3.644701699333333, 10.054507367333333, 6.849604533333332], [6.134295584666666, 12.995429155333332, 9.564862369999998], [8.606935003333332, 15.125249258, 11.866092130666665], [10.51092161, 17.140796255333335, 13.825858932666668], [11.254205428666666, 17.90272998733333, 14.578467707999998], [9.642513827333332, 16.192024300666667, 12.917269064], [6.825359646, 12.277237947333333, 9.551298796666666], [3.708789583333333, 8.397377795333332, 6.053083689333333], [2.0926898206666666, 6.350634579333334, 4.2216622]]",0.0,0.0,74789542.27182458,595.8105716745024,518.0105517908577,29.0,3888.5811982996297,188.2039304610733,330.5179344641716,0.6596730575422382,50.66933059692383,-128.16839599609378,74.7895422718246
08HF013,2011,0.8450000286102295,1.0,0.6690000295639038,11.0,1.5820000171661377,16.299999237060547,12.517218043607455,"[[0.96894777, 5.583275418, 3.276111594], [1.451132802, 6.746012742, 4.098572772], [1.454184606, 7.502860134, 4.47852237], [2.867169858, 9.425496654, 6.146333256], [5.458151454, 12.578010185999998, 9.01808082], [7.97283795, 14.860759578, 11.416798764], [9.922940705999999, 17.006177790000002, 13.464559248], [10.67368449, 17.701989102000002, 14.187836796000001], [8.998244093999999, 15.898372938, 12.448308515999999], [6.120392922, 11.692987025999999, 8.906689973999999], [2.888532486, 7.676812962, 5.282672723999999], [1.237506522, 5.635156086, 3.4363313040000003]]",0.0,0.0,308831.6256050529,582.1695308323483,498.13587536428497,29.0,3005.97436523438,42.395348837209305,182.21823873910103,0.038884152155179694,50.512451171875,-127.84200286865234,0.3088316256050529
08HF013,2012,0.7559999823570251,9.0,0.5759999752044678,1.0,1.4179999828338623,16.299999237060547,12.517218043607455,"[[0.96894777, 5.583275418, 3.276111594], [1.451132802, 6.746012742, 4.098572772], [1.454184606, 7.502860134, 4.47852237], [2.867169858, 9.425496654, 6.146333256], [5.458151454, 12.578010185999998, 9.01808082], [7.97283795, 14.860759578, 11.416798764], [9.922940705999999, 17.006177790000002, 13.464559248], [10.67368449, 17.701989102000002, 14.187836796000001], [8.998244093999999, 15.898372938, 12.448308515999999], [6.120392922, 11.692987025999999, 8.906689973999999], [2.888532486, 7.676812962, 5.282672723999999], [1.237506522, 5.635156086, 3.4363313040000003]]",0.0,0.0,308831.6256050529,582.1695308323483,498.13587536428497,29.0,3005.97436523438,42.395348837209305,182.21823873910103,0.038884152155179694,50.512451171875,-127.84200286865234,0.3088316256050529
08HF013,2000,1.0399999618530271,8.0,0.10499999672174454,12.0,11.300000190734865,16.299999237060547,12.517218043607455,"[[0.96894777, 5.583275418, 3.276111594], [1.451132802, 6.746012742, 4.098572772], [1.454184606, 7.502860134, 4.47852237], [2.867169858, 9.425496654, 6.146333256], [5.458151454, 12.578010185999998, 9.01808082], [7.97283795, 14.860759578, 11.416798764], [9.922940705999999, 17.006177790000002, 13.464559248], [10.67368449, 17.701989102000002, 14.187836796000001], [8.998244093999999, 15.898372938, 12.448308515999999], [6.120392922, 11.692987025999999, 8.906689973999999], [2.888532486, 7.676812962, 5.282672723999999], [1.237506522, 5.635156086, 3.4363313040000003]]",0.0,0.0,308831.6256050529,582.1695308323483,498.13587536428497,29.0,3005.97436523438,42.395348837209305,182.21823873910103,0.038884152155179694,50.512451171875,-127.84200286865234,0.3088316256050529
08HF013,2001,1.4800000190734863,7.0,0.10300000011920928,11.0,14.100000381469727,16.299999237060547,12.517218043607455,"[[0.96894777, 5.583275418, 3.276111594], [1.451132802, 6.746012742, 4.098572772], [1.454184606, 7.502860134, 4.47852237], [2.867169858, 9.425496654, 6.146333256], [5.458151454, 12.578010185999998, 9.01808082], [7.97283795, 14.860759578, 11.416798764], [9.922940705999999, 17.006177790000002, 13.464559248], [10.67368449, 17.701989102000002, 14.187836796000001], [8.998244093999999, 15.898372938, 12.448308515999999], [6.120392922, 11.692987025999999, 8.906689973999999], [2.888532486, 7.676812962, 5.282672723999999], [1.237506522, 5.635156086, 3.4363313040000003]]",0.0,0.0,308831.6256050529,582.1695308323483,498.13587536428497,29.0,3005.97436523438,42.395348837209305,182.21823873910103,0.038884152155179694,50.512451171875,-127.84200286865234,0.3088316256050529
08HF013,2002,1.2400000095367432,8.0,0.06199999898672104,11.0,20.0,16.299999237060547,12.517218043607455,"[[0.96894777, 5.583275418, 3.276111594], [1.451132802, 6.746012742, 4.098572772], [1.454184606, 7.502860134, 4.47852237], [2.867169858, 9.425496654, 6.146333256], [5.458151454, 12.578010185999998, 9.01808082], [7.97283795, 14.860759578, 11.416798764], [9.922940705999999, 17.006177790000002, 13.464559248], [10.67368449, 17.701989102000002, 14.187836796000001], [8.998244093999999, 15.898372938, 12.448308515999999], [6.120392922, 11.692987025999999, 8.906689973999999], [2.888532486, 7.676812962, 5.282672723999999], [1.237506522, 5.635156086, 3.4363313040000003]]",0.0,0.0,308831.6256050529,582.1695308323483,498.13587536428497,29.0,3005.97436523438,42.395348837209305,182.21823873910103,0.038884152155179694,50.512451171875,-127.84200286865234,0.3088316256050529
08HF013,2003,1.3400000333786009,8.0,0.09000000357627869,10.0,12.699999809265135,16.299999237060547,12.517218043607455,"[[0.96894777, 5.583275418, 3.276111594], [1.451132802, 6.746012742, 4.098572772], [1.454184606, 7.502860134, 4.47852237], [2.867169858, 9.425496654, 6.146333256], [5.458151454, 12.578010185999998, 9.01808082], [7.97283795, 14.860759578, 11.416798764], [9.922940705999999, 17.006177790000002, 13.464559248], [10.67368449, 17.701989102000002, 14.187836796000001], [8.998244093999999, 15.898372938, 12.448308515999999], [6.120392922, 11.692987025999999, 8.906689973999999], [2.888532486, 7.676812962, 5.282672723999999], [1.237506522, 5.635156086, 3.4363313040000003]]",0.0,0.0,308831.6256050529,582.1695308323483,498.13587536428497,29.0,3005.97436523438,42.395348837209305,182.21823873910103,0.038884152155179694,50.512451171875,-127.84200286865234,0.3088316256050529
08HF013,2004,1.5,8.0,0.046999998390674584,11.0,24.79999923706055,16.299999237060547,12.517218043607455,"[[0.96894777, 5.583275418, 3.276111594], [1.451132802, 6.746012742, 4.098572772], [1.454184606, 7.502860134, 4.47852237], [2.867169858, 9.425496654, 6.146333256], [5.458151454, 12.578010185999998, 9.01808082], [7.97283795, 14.860759578, 11.416798764], [9.922940705999999, 17.006177790000002, 13.464559248], [10.67368449, 17.701989102000002, 14.187836796000001], [8.998244093999999, 15.898372938, 12.448308515999999], [6.120392922, 11.692987025999999, 8.906689973999999], [2.888532486, 7.676812962, 5.282672723999999], [1.237506522, 5.635156086, 3.4363313040000003]]",0.0,0.0,308831.6256050529,582.1695308323483,498.13587536428497,29.0,3005.97436523438,42.395348837209305,182.21823873910103,0.038884152155179694,50.512451171875,-127.84200286865234,0.3088316256050529
08HF013,2005,1.5800000429153442,5.0,0.09399999678134917,11.0,23.70000076293945,16.299999237060547,12.517218043607455,"[[0.96894777, 5.583275418, 3.276111594], [1.451132802, 6.746012742, 4.098572772], [1.454184606, 7.502860134, 4.47852237], [2.867169858, 9.425496654, 6.146333256], [5.458151454, 12.578010185999998, 9.01808082], [7.97283795, 14.860759578, 11.416798764], [9.922940705999999, 17.006177790000002, 13.464559248], [10.67368449, 17.701989102000002, 14.187836796000001], [8.998244093999999, 15.898372938, 12.448308515999999], [6.120392922, 11.692987025999999, 8.906689973999999], [2.888532486, 7.676812962, 5.282672723999999], [1.237506522, 5.635156086, 3.4363313040000003]]",0.0,0.0,308831.6256050529,582.1695308323483,498.13587536428497,29.0,3005.97436523438,42.395348837209305,182.21823873910103,0.038884152155179694,50.512451171875,-127.84200286865234,0.3088316256050529
08HF013,2006,1.1299999952316284,9.0,0.05799999833106995,11.0,9.630000114440918,16.299999237060547,12.517218043607455,"[[0.96894777, 5.583275418, 3.276111594], [1.451132802, 6.746012742, 4.098572772], [1.454184606, 7.502860134, 4.47852237], [2.867169858, 9.425496654, 6.146333256], [5.458151454, 12.578010185999998, 9.01808082], [7.97283795, 14.860759578, 11.416798764], [9.922940705999999, 17.006177790000002, 13.464559248], [10.67368449, 17.701989102000002, 14.187836796000001], [8.998244093999999, 15.898372938, 12.448308515999999], [6.120392922, 11.692987025999999, 8.906689973999999], [2.888532486, 7.676812962, 5.282672723999999], [1.237506522, 5.635156086, 3.4363313040000003]]",0.0,0.0,308831.6256050529,582.1695308323483,498.13587536428497,29.0,3005.97436523438,42.395348837209305,182.21823873910103,0.038884152155179694,50.512451171875,-127.84200286865234,0.3088316256050529
08HF013,2007,1.6799999475479126,7.0,0.11900000274181365,1.0,17.399999618530273,16.299999237060547,12.517218043607455,"[[0.96894777, 5.583275418, 3.276111594], [1.451132802, 6.746012742, 4.098572772], [1.454184606, 7.502860134, 4.47852237], [2.867169858, 9.425496654, 6.146333256], [5.458151454, 12.578010185999998, 9.01808082], [7.97283795, 14.860759578, 11.416798764], [9.922940705999999, 17.006177790000002, 13.464559248], [10.67368449, 17.701989102000002, 14.187836796000001], [8.998244093999999, 15.898372938, 12.448308515999999], [6.120392922, 11.692987025999999, 8.906689973999999], [2.888532486, 7.676812962, 5.282672723999999], [1.237506522, 5.635156086, 3.4363313040000003]]",0.0,0.0,308831.6256050529,582.1695308323483,498.13587536428497,29.0,3005.97436523438,42.395348837209305,182.21823873910103,0.038884152155179694,50.512451171875,-127.84200286865234,0.3088316256050529
08HF013,2008,1.2100000381469729,9.0,0.10499999672174454,11.0,12.300000190734865,16.299999237060547,12.517218043607455,"[[0.96894777, 5.583275418, 3.276111594], [1.451132802, 6.746012742, 4.098572772], [1.454184606, 7.502860134, 4.47852237], [2.867169858, 9.425496654, 6.146333256], [5.458151454, 12.578010185999998, 9.01808082], [7.97283795, 14.860759578, 11.416798764], [9.922940705999999, 17.006177790000002, 13.464559248], [10.67368449, 17.701989102000002, 14.187836796000001], [8.998244093999999, 15.898372938, 12.448308515999999], [6.120392922, 11.692987025999999, 8.906689973999999], [2.888532486, 7.676812962, 5.282672723999999], [1.237506522, 5.635156086, 3.4363313040000003]]",0.0,0.0,308831.6256050529,582.1695308323483,498.13587536428497,29.0,3005.97436523438,42.395348837209305,182.21823873910103,0.038884152155179694,50.512451171875,-127.84200286865234,0.3088316256050529
08HF013,2009,1.3700000047683716,9.0,0.03999999910593033,11.0,24.10000038146973,16.299999237060547,12.517218043607455,"[[0.96894777, 5.583275418, 3.276111594], [1.451132802, 6.746012742, 4.098572772], [1.454184606, 7.502860134, 4.47852237], [2.867169858, 9.425496654, 6.146333256], [5.458151454, 12.578010185999998, 9.01808082], [7.97283795, 14.860759578, 11.416798764], [9.922940705999999, 17.006177790000002, 13.464559248], [10.67368449, 17.701989102000002, 14.187836796000001], [8.998244093999999, 15.898372938, 12.448308515999999], [6.120392922, 11.692987025999999, 8.906689973999999], [2.888532486, 7.676812962, 5.282672723999999], [1.237506522, 5.635156086, 3.4363313040000003]]",0.0,0.0,308831.6256050529,582.1695308323483,498.13587536428497,29.0,3005.97436523438,42.395348837209305,182.21823873910103,0.038884152155179694,50.512451171875,-127.84200286865234,0.3088316256050529
08HF013,2010,1.2799999713897705,7.0,0.037000000476837165,9.0,26.79999923706055,16.299999237060547,12.517218043607455,"[[0.96894777, 5.583275418, 3.276111594], [1.451132802, 6.746012742, 4.098572772], [1.454184606, 7.502860134, 4.47852237], [2.867169858, 9.425496654, 6.146333256], [5.458151454, 12.578010185999998, 9.01808082], [7.97283795, 14.860759578, 11.416798764], [9.922940705999999, 17.006177790000002, 13.464559248], [10.67368449, 17.701989102000002, 14.187836796000001], [8.998244093999999, 15.898372938, 12.448308515999999], [6.120392922, 11.692987025999999, 8.906689973999999], [2.888532486, 7.676812962, 5.282672723999999], [1.237506522, 5.635156086, 3.4363313040000003]]",0.0,0.0,308831.6256050529,582.1695308323483,498.13587536428497,29.0,3005.97436523438,42.395348837209305,182.21823873910103,0.038884152155179694,50.512451171875,-127.84200286865234,0.3088316256050529
08HF013,2011,1.5700000524520874,9.0,0.10899999737739564,11.0,23.60000038146973,16.299999237060547,12.517218043607455,"[[0.96894777, 5.583275418, 3.276111594], [1.451132802, 6.746012742, 4.098572772], [1.454184606, 7.502860134, 4.47852237], [2.867169858, 9.425496654, 6.146333256], [5.458151454, 12.578010185999998, 9.01808082], [7.97283795, 14.860759578, 11.416798764], [9.922940705999999, 17.006177790000002, 13.464559248], [10.67368449, 17.701989102000002, 14.187836796000001], [8.998244093999999, 15.898372938, 12.448308515999999], [6.120392922, 11.692987025999999, 8.906689973999999], [2.888532486, 7.676812962, 5.282672723999999], [1.237506522, 5.635156086, 3.4363313040000003]]",0.0,0.0,308831.6256050529,582.1695308323483,498.13587536428497,29.0,3005.97436523438,42.395348837209305,182.21823873910103,0.038884152155179694,50.512451171875,-127.84200286865234,0.3088316256050529
08HF013,2012,1.5299999713897705,9.0,0.05299999937415123,10.0,18.39999961853028,16.299999237060547,12.517218043607455,"[[0.96894777, 5.583275418, 3.276111594], [1.451132802, 6.746012742, 4.098572772], [1.454184606, 7.502860134, 4.47852237], [2.867169858, 9.425496654, 6.146333256], [5.458151454, 12.578010185999998, 9.01808082], [7.97283795, 14.860759578, 11.416798764], [9.922940705999999, 17.006177790000002, 13.464559248], [10.67368449, 17.701989102000002, 14.187836796000001], [8.998244093999999, 15.898372938, 12.448308515999999], [6.120392922, 11.692987025999999, 8.906689973999999], [2.888532486, 7.676812962, 5.282672723999999], [1.237506522, 5.635156086, 3.4363313040000003]]",0.0,0.0,308831.6256050529,582.1695308323483,498.13587536428497,29.0,3005.97436523438,42.395348837209305,182.21823873910103,0.038884152155179694,50.512451171875,-127.84200286865234,0.3088316256050529
08HF013,2013,1.0099999904632568,9.0,0.11100000143051147,12.0,11.0,16.299999237060547,12.517218043607455,"[[0.96894777, 5.583275418, 3.276111594], [1.451132802, 6.746012742, 4.098572772], [1.454184606, 7.502860134, 4.47852237], [2.867169858, 9.425496654, 6.146333256], [5.458151454, 12.578010185999998, 9.01808082], [7.97283795, 14.860759578, 11.416798764], [9.922940705999999, 17.006177790000002, 13.464559248], [10.67368449, 17.701989102000002, 14.187836796000001], [8.998244093999999, 15.898372938, 12.448308515999999], [6.120392922, 11.692987025999999, 8.906689973999999], [2.888532486, 7.676812962, 5.282672723999999], [1.237506522, 5.635156086, 3.4363313040000003]]",0.0,0.0,308831.6256050529,582.1695308323483,498.13587536428497,29.0,3005.97436523438,42.395348837209305,182.21823873910103,0.038884152155179694,50.512451171875,-127.84200286865234,0.3088316256050529
08HF013,2014,1.3400000333786009,8.0,0.04199999943375588,10.0,20.700000762939453,16.299999237060547,12.517218043607455,"[[0.96894777, 5.583275418, 3.276111594], [1.451132802, 6.746012742, 4.098572772], [1.454184606, 7.502860134, 4.47852237], [2.867169858, 9.425496654, 6.146333256], [5.458151454, 12.578010185999998, 9.01808082], [7.97283795, 14.860759578, 11.416798764], [9.922940705999999, 17.006177790000002, 13.464559248], [10.67368449, 17.701989102000002, 14.187836796000001], [8.998244093999999, 15.898372938, 12.448308515999999], [6.120392922, 11.692987025999999, 8.906689973999999], [2.888532486, 7.676812962, 5.282672723999999], [1.237506522, 5.635156086, 3.4363313040000003]]",0.0,0.0,308831.6256050529,582.1695308323483,498.13587536428497,29.0,3005.97436523438,42.395348837209305,182.21823873910103,0.038884152155179694,50.512451171875,-127.84200286865234,0.3088316256050529
08HF013,2015,1.3600000143051147,8.0,0.032999999821186066,1.0,23.0,16.299999237060547,12.517218043607455,"[[0.96894777, 5.583275418, 3.276111594], [1.451132802, 6.746012742, 4.098572772], [1.454184606, 7.502860134, 4.47852237], [2.867169858, 9.425496654, 6.146333256], [5.458151454, 12.578010185999998, 9.01808082], [7.97283795, 14.860759578, 11.416798764], [9.922940705999999, 17.006177790000002, 13.464559248], [10.67368449, 17.701989102000002, 14.187836796000001], [8.998244093999999, 15.898372938, 12.448308515999999], [6.120392922, 11.692987025999999, 8.906689973999999], [2.888532486, 7.676812962, 5.282672723999999], [1.237506522, 5.635156086, 3.4363313040000003]]",0.0,0.0,308831.6256050529,582.1695308323483,498.13587536428497,29.0,3005.97436523438,42.395348837209305,182.21823873910103,0.038884152155179694,50.512451171875,-127.84200286865234,0.3088316256050529
08HF013,2016,1.4600000381469729,8.0,0.04600000008940697,11.0,27.0,16.299999237060547,12.517218043607455,"[[0.96894777, 5.583275418, 3.276111594], [1.451132802, 6.746012742, 4.098572772], [1.454184606, 7.502860134, 4.47852237], [2.867169858, 9.425496654, 6.146333256], [5.458151454, 12.578010185999998, 9.01808082], [7.97283795, 14.860759578, 11.416798764], [9.922940705999999, 17.006177790000002, 13.464559248], [10.67368449, 17.701989102000002, 14.187836796000001], [8.998244093999999, 15.898372938, 12.448308515999999], [6.120392922, 11.692987025999999, 8.906689973999999], [2.888532486, 7.676812962, 5.282672723999999], [1.237506522, 5.635156086, 3.4363313040000003]]",0.0,0.0,308831.6256050529,582.1695308323483,498.13587536428497,29.0,3005.97436523438,42.395348837209305,182.21823873910103,0.038884152155179694,50.512451171875,-127.84200286865234,0.3088316256050529
